SAMPLES:	16765
BITSPERSAMPLE:	16
CHANNELS:	1
SAMPLERATE:	16000
NORMALIZED:	FALSE
94
113
162
208
197
175
149
132
92
55
26
-4
-35
-52
-67
-109
-167
-222
-273
-316
-365
-421
-471
-501
-524
-535
-555
-558
-523
-476
-405
-344
-277
-224
-164
-86
0
87
185
265
336
420
500
574
614
654
695
720
729
749
746
695
626
537
453
351
261
187
86
13
-34
-81
-140
-188
-252
-318
-383
-429
-422
-428
-412
-391
-353
-330
-305
-257
-211
-141
-86
-38
-1
43
93
129
140
158
166
148
150
173
187
184
161
107
21
-41
-64
-81
-105
-128
-134
-154
-185
-214
-200
-187
-153
-91
-47
-11
11
47
56
42
32
24
8
-26
-23
7
22
45
83
128
169
205
263
310
340
376
367
363
364
327
285
230
168
101
35
-9
-46
-97
-157
-195
-231
-270
-271
-270
-271
-268
-240
-189
-158
-128
-118
-111
-80
-44
-31
-24
-2
17
53
107
153
194
224
232
230
226
230
207
163
127
94
36
-2
-32
-70
-92
-119
-102
-79
-47
-29
-37
-26
-19
-25
-17
-27
-29
-27
-59
-99
-125
-131
-118
-103
-90
-64
-56
-78
-113
-109
-105
-115
-113
-100
-88
-104
-139
-149
-153
-172
-166
-143
-148
-153
-158
-161
-159
-136
-85
-30
5
32
80
108
107
95
113
148
181
208
239
256
251
237
211
195
152
96
65
44
19
-29
-69
-106
-143
-147
-121
-84
-50
-5
34
64
87
107
139
139
131
129
112
108
97
84
36
4
13
19
30
17
12
-8
-62
-86
-103
-136
-174
-209
-221
-234
-249
-240
-226
-236
-238
-197
-163
-124
-56
5
48
80
106
120
101
90
104
109
132
153
190
218
230
226
229
233
188
157
140
118
111
112
112
102
100
97
86
80
46
-6
-44
-46
-50
-50
-42
-51
-37
-27
7
50
48
36
0
-36
-51
-68
-87
-117
-182
-221
-252
-259
-240
-242
-208
-166
-127
-79
-34
-20
-3
26
51
78
74
50
34
39
23
1
-26
-55
-65
-94
-92
-67
-56
-52
-60
-66
-50
-21
4
14
-4
-19
-10
15
33
47
75
97
117
114
92
59
0
-76
-137
-146
-165
-191
-192
-176
-168
-158
-129
-77
-19
32
88
145
187
230
251
234
211
183
140
96
55
7
-15
-43
-64
-91
-73
-33
-10
19
26
55
53
58
102
139
177
191
230
263
255
223
177
135
76
30
34
42
42
33
41
43
14
21
36
50
45
35
44
21
13
-4
-17
-44
-98
-140
-200
-243
-292
-329
-374
-438
-466
-483
-507
-517
-501
-480
-425
-379
-332
-273
-216
-124
-44
39
101
132
173
192
226
249
262
261
234
227
205
180
148
135
127
112
104
91
65
47
39
28
38
32
39
38
40
42
42
52
42
19
-2
-15
-10
-29
-68
-77
-79
-102
-115
-93
-82
-67
-61
-22
38
80
139
182
194
216
240
235
268
283
279
266
258
224
186
159
127
136
133
137
164
151
129
134
120
117
120
120
125
113
83
45
26
-1
-32
-57
-68
-106
-148
-162
-172
-186
-203
-230
-261
-287
-287
-276
-271
-228
-208
-191
-165
-153
-141
-141
-152
-178
-202
-219
-277
-324
-344
-349
-353
-383
-398
-400
-371
-345
-300
-245
-211
-149
-83
-26
37
107
201
279
347
381
397
415
424
443
457
474
441
408
383
339
286
219
186
143
93
70
59
41
25
4
-30
-59
-86
-129
-168
-203
-239
-268
-310
-340
-371
-393
-398
-376
-368
-351
-303
-284
-251
-225
-183
-137
-92
-28
44
103
153
188
225
253
260
284
271
254
243
238
227
197
174
161
155
148
149
139
137
144
152
159
172
168
156
155
129
94
45
4
-38
-67
-79
-84
-70
-46
-13
16
47
78
91
91
106
126
146
155
148
164
197
196
187
217
233
224
222
217
176
136
98
49
0
-38
-58
-84
-81
-69
-39
-7
-4
-10
11
32
37
58
91
104
70
62
47
14
-22
-56
-59
-89
-98
-108
-137
-170
-210
-230
-245
-259
-274
-305
-318
-297
-301
-333
-360
-361
-366
-386
-387
-374
-365
-372
-361
-331
-301
-267
-239
-193
-154
-113
-92
-65
-10
20
49
54
57
66
54
70
94
88
79
80
86
91
101
119
133
110
116
128
133
124
137
169
186
208
213
228
227
218
228
239
242
229
196
163
108
52
-2
-44
-52
-52
-48
-31
-10
1
38
71
114
163
219
296
343
368
385
389
378
347
319
295
262
233
185
137
101
60
13
-50
-106
-160
-186
-215
-232
-237
-224
-214
-230
-240
-273
-299
-298
-293
-308
-307
-312
-305
-309
-314
-309
-348
-375
-398
-427
-414
-402
-388
-375
-329
-271
-228
-174
-152
-108
-48
2
62
120
181
225
268
282
312
355
393
433
448
461
485
497
503
521
531
523
486
460
455
431
389
345
312
278
221
184
161
130
72
30
20
1
-21
-34
-50
-43
-38
-46
-37
-29
-29
-47
-45
-34
-37
-30
-27
-57
-83
-84
-95
-98
-113
-135
-164
-216
-293
-369
-413
-444
-444
-419
-407
-397
-371
-361
-335
-308
-299
-277
-250
-214
-194
-166
-128
-83
-57
-36
2
45
62
75
92
113
127
131
161
159
149
129
121
118
95
83
54
14
-11
-57
-82
-84
-81
-85
-113
-117
-118
-120
-135
-142
-142
-146
-139
-135
-137
-175
-184
-185
-196
-156
-107
-50
-28
-6
65
115
106
109
134
146
143
145
186
240
274
315
384
447
468
473
489
506
521
529
527
530
497
444
403
360
315
261
203
172
142
112
88
68
47
9
-3
-6
-22
-72
-116
-165
-231
-263
-302
-319
-341
-385
-436
-486
-500
-507
-535
-543
-528
-513
-496
-467
-419
-397
-365
-308
-238
-182
-117
-46
16
75
121
152
167
176
219
296
342
355
378
416
426
399
360
331
306
291
280
280
296
307
279
221
182
135
74
1
-29
-59
-79
-84
-92
-84
-91
-95
-85
-73
-74
-90
-107
-114
-120
-138
-176
-210
-244
-270
-311
-338
-327
-356
-390
-395
-375
-340
-297
-247
-226
-235
-229
-233
-222
-180
-152
-136
-131
-131
-134
-141
-153
-121
-97
-81
-33
-6
3
15
27
38
47
49
59
52
42
32
21
0
-29
-25
-23
-35
-53
-53
-37
-42
-47
-30
3
40
74
99
147
200
240
256
253
267
288
290
288
288
294
309
320
342
347
342
352
368
367
338
321
336
360
347
341
344
329
315
297
294
272
252
209
164
149
119
72
41
16
-12
-25
-41
-58
-93
-130
-160
-182
-198
-242
-308
-358
-372
-386
-412
-438
-472
-494
-533
-547
-544
-556
-531
-529
-488
-445
-410
-358
-345
-317
-280
-231
-202
-206
-185
-123
-83
-71
-43
-40
-57
-72
-64
-2
51
104
154
212
245
245
234
231
233
233
243
240
238
222
196
169
156
161
159
194
222
229
242
250
237
197
156
100
63
16
-28
-64
-87
-103
-114
-119
-120
-81
-51
-17
5
47
99
116
136
163
181
191
174
163
136
108
86
74
89
80
96
103
107
106
68
40
3
-27
-40
-48
-50
-68
-78
-128
-196
-240
-275
-273
-266
-254
-222
-201
-201
-189
-170
-173
-207
-250
-264
-255
-248
-248
-263
-282
-298
-259
-192
-139
-107
-75
-6
55
139
203
275
347
373
376
380
377
381
373
330
298
279
257
230
201
179
164
150
127
104
98
104
115
141
165
135
91
26
-38
-96
-140
-158
-181
-173
-174
-194
-199
-221
-243
-257
-257
-248
-232
-247
-289
-274
-236
-198
-157
-132
-102
-68
-50
-58
-59
-64
-73
-80
-81
-52
-23
-14
-10
-39
-71
-56
-14
13
33
69
131
171
185
165
130
100
65
20
-4
16
21
46
69
112
161
178
188
196
216
236
243
254
260
245
234
231
205
179
156
132
115
98
124
171
226
263
281
322
330
302
281
298
286
239
218
189
146
80
19
-18
-30
-66
-123
-146
-187
-233
-268
-295
-322
-356
-373
-388
-369
-366
-390
-391
-379
-409
-439
-429
-411
-365
-363
-367
-385
-404
-442
-487
-493
-493
-447
-415
-383
-312
-225
-160
-84
-14
60
139
174
217
278
330
373
421
485
506
481
453
400
324
264
247
247
249
264
298
319
347
374
373
357
315
306
304
264
243
204
136
65
10
-44
-125
-223
-332
-411
-461
-483
-484
-484
-436
-378
-321
-235
-155
-96
-22
63
143
230
264
279
262
230
223
187
138
99
80
77
68
52
55
72
95
156
234
299
330
371
420
448
448
410
385
333
275
185
91
-2
-137
-247
-340
-396
-438
-463
-451
-433
-430
-452
-411
-356
-341
-316
-275
-239
-223
-195
-141
-88
-92
-91
-102
-111
-115
-128
-125
-119
-134
-150
-173
-241
-271
-275
-262
-281
-270
-216
-174
-116
-84
-16
49
61
73
104
119
129
142
157
195
228
255
292
329
351
385
429
458
494
528
548
537
514
507
486
455
425
400
328
237
144
51
-38
-131
-217
-287
-353
-389
-385
-372
-347
-296
-248
-213
-179
-164
-139
-125
-122
-93
-82
-78
-36
-21
-9
30
60
79
80
74
63
42
23
-9
-21
-31
-37
-43
-38
7
33
73
92
103
113
107
72
40
25
-10
-22
-26
-23
-17
-25
-43
-66
-88
-55
-41
-41
-6
18
26
18
37
52
60
57
64
71
106
133
134
144
124
133
127
144
158
164
168
142
147
120
57
0
-78
-176
-271
-372
-447
-503
-556
-575
-582
-588
-579
-558
-538
-498
-447
-417
-399
-358
-299
-247
-222
-216
-197
-168
-127
-83
-29
18
24
75
130
156
166
174
214
242
274
318
380
431
449
457
445
446
411
366
367
350
344
314
276
228
170
130
97
78
44
11
-33
-55
-84
-118
-116
-121
-108
-76
-46
-24
-13
19
50
74
102
138
174
181
190
202
194
205
195
166
132
68
30
0
-42
-60
-79
-115
-144
-152
-140
-126
-93
-71
-47
-19
-6
31
49
68
115
142
164
206
269
289
277
244
198
166
127
84
54
45
43
89
121
121
111
108
74
16
-59
-165
-225
-294
-368
-402
-431
-457
-475
-499
-491
-461
-478
-480
-453
-429
-401
-356
-306
-304
-321
-304
-276
-260
-250
-241
-239
-248
-220
-189
-177
-166
-149
-136
-123
-106
-78
-51
-39
9
65
128
154
154
154
155
176
199
213
263
330
375
395
373
372
388
400
417
433
452
448
437
415
381
331
267
229
172
133
109
100
124
122
64
27
10
-30
-22
-15
-6
-9
-24
-34
-56
-113
-175
-218
-227
-235
-235
-193
-161
-166
-143
-135
-136
-129
-163
-192
-173
-145
-146
-140
-151
-166
-153
-141
-121
-96
-81
-48
-13
22
64
135
195
226
224
227
237
228
230
235
241
218
166
111
84
51
7
-54
-72
-75
-63
-41
-23
16
17
-3
-65
-94
-72
-86
-72
-58
-91
-101
-123
-170
-211
-245
-281
-304
-280
-248
-209
-169
-181
-165
-140
-131
-114
-114
-115
-105
-56
-13
27
40
30
33
21
41
76
97
152
206
253
268
276
295
272
262
261
265
274
254
222
205
205
193
155
113
40
-12
-69
-98
-124
-128
-100
-79
-50
-25
33
62
50
38
6
-3
6
17
5
-23
-36
-86
-138
-188
-226
-274
-301
-308
-300
-277
-272
-237
-204
-159
-113
-66
-25
12
83
121
144
125
107
99
92
98
81
95
117
150
189
212
200
205
210
205
208
185
165
150
131
84
22
-11
-33
-56
-79
-89
-115
-157
-190
-217
-222
-248
-233
-226
-239
-203
-191
-174
-185
-207
-240
-286
-305
-334
-334
-290
-254
-189
-133
-76
20
104
137
207
261
292
341
351
380
367
382
366
349
351
325
332
324
314
318
340
318
289
262
227
190
120
76
45
34
-5
-48
-82
-149
-191
-227
-228
-225
-198
-183
-197
-182
-178
-171
-179
-173
-154
-169
-195
-225
-223
-215
-217
-179
-164
-138
-85
-24
31
76
135
180
226
264
278
282
300
315
345
356
373
395
388
383
363
364
325
303
297
284
282
240
204
197
142
65
15
-53
-100
-160
-217
-275
-321
-353
-415
-470
-517
-548
-546
-580
-615
-615
-620
-630
-613
-574
-539
-514
-483
-434
-378
-292
-204
-123
-76
-28
-23
-35
-49
-75
-72
-49
-17
-1
29
79
96
91
107
146
167
151
189
230
254
310
331
345
355
341
359
373
394
436
483
524
523
526
509
504
464
399
369
327
280
238
205
178
127
39
-62
-161
-231
-274
-315
-317
-331
-345
-315
-285
-245
-213
-196
-165
-117
-66
-10
46
74
90
122
165
202
193
160
149
123
85
58
12
-54
-126
-197
-239
-286
-333
-364
-371
-359
-364
-364
-363
-329
-275
-232
-214
-183
-112
-69
-56
-28
-18
1
21
40
64
96
146
178
213
275
310
320
339
335
353
373
389
411
437
435
393
336
272
231
175
115
74
25
-13
-51
-77
-81
-91
-115
-118
-134
-169
-206
-227
-240
-283
-334
-368
-387
-427
-453
-493
-482
-448
-429
-391
-354
-299
-246
-187
-119
-42
27
53
91
129
142
129
97
20
-23
-60
-113
-142
-199
-265
-355
-412
-425
-400
-365
-305
-222
-131
-10
90
183
284
394
492
575
642
688
733
737
720
699
697
653
610
599
571
551
523
493
435
415
405
392
372
354
323
262
175
92
37
-38
-93
-157
-230
-349
-448
-530
-607
-624
-674
-665
-631
-591
-543
-489
-451
-438
-401
-393
-348
-302
-266
-213
-202
-197
-178
-172
-167
-161
-111
-77
-65
-48
-40
-60
-30
21
67
119
136
157
189
233
233
200
184
159
130
127
109
83
56
-7
-74
-95
-136
-167
-161
-144
-127
-119
-115
-107
-99
-82
-44
-20
3
35
70
77
97
138
139
142
134
124
142
149
145
139
139
137
126
84
81
74
51
36
15
-3
-46
-52
-59
-69
-83
-105
-93
-101
-86
-85
-97
-86
-70
-36
-30
-19
4
-20
-85
-109
-117
-121
-133
-139
-141
-175
-192
-208
-230
-231
-238
-224
-187
-163
-116
-72
-51
-33
0
21
64
112
160
227
271
332
365
387
403
427
439
421
421
403
370
345
319
293
254
240
232
218
190
161
133
98
69
45
57
44
34
29
11
-2
-14
-29
-30
-16
-7
12
1
-22
-25
-59
-112
-153
-161
-156
-161
-154
-149
-146
-160
-204
-225
-234
-233
-244
-278
-285
-302
-307
-314
-317
-295
-280
-274
-256
-225
-185
-185
-201
-189
-175
-165
-195
-225
-242
-247
-243
-219
-199
-190
-170
-181
-173
-162
-127
-87
-45
23
73
106
125
140
182
211
221
254
279
259
227
229
255
295
303
324
336
325
313
297
303
316
332
300
271
260
218
172
120
84
63
61
63
75
52
8
-28
-38
-36
-30
11
35
33
46
51
11
-22
-56
-67
-90
-116
-140
-185
-209
-237
-250
-263
-279
-292
-292
-278
-265
-243
-252
-254
-216
-158
-102
-81
-22
74
178
229
274
293
289
283
264
271
243
249
238
212
180
142
139
123
108
88
83
79
78
88
97
99
71
29
-14
-32
-50
-78
-96
-123
-126
-143
-156
-169
-205
-244
-286
-289
-280
-283
-291
-276
-219
-192
-179
-171
-147
-125
-122
-110
-85
-45
12
49
76
132
143
166
161
149
162
204
242
224
196
183
161
156
134
115
140
134
135
125
145
148
106
72
50
19
-27
-54
-81
-76
-77
-117
-175
-192
-191
-190
-206
-197
-167
-158
-155
-153
-133
-150
-146
-139
-119
-98
-81
-69
-93
-102
-124
-110
-69
-38
18
65
120
147
174
196
185
183
167
173
210
253
253
273
301
300
292
262
238
193
159
127
100
98
87
93
81
68
80
80
61
51
47
45
14
4
12
-46
-109
-143
-192
-252
-292
-299
-325
-344
-311
-279
-276
-296
-298
-280
-292
-301
-266
-222
-183
-152
-106
-112
-143
-125
-127
-76
0
51
85
101
140
159
166
160
138
140
121
156
220
228
219
183
160
136
123
131
115
97
64
29
14
-4
-30
-46
-56
-67
-74
-64
-32
11
35
28
31
47
77
92
94
129
163
163
172
204
214
178
140
103
68
43
4
-16
-37
-36
-36
-21
-22
-38
-49
-63
-55
-50
-49
-55
-37
-41
-20
-19
-35
-49
-38
-1
38
100
117
111
108
119
138
142
130
121
134
142
137
124
79
35
-23
-94
-158
-217
-247
-254
-270
-285
-272
-225
-196
-207
-199
-198
-193
-163
-121
-83
-59
-5
21
24
15
15
45
20
-15
-32
-45
-69
-92
-103
-114
-93
-69
-71
-68
-17
12
22
42
75
76
72
65
52
29
-15
-19
-5
17
13
33
54
64
92
124
146
147
170
178
176
175
193
197
199
206
201
197
152
116
89
59
58
77
104
110
106
103
90
72
77
55
18
-5
-43
-91
-117
-135
-188
-212
-248
-277
-312
-335
-320
-305
-274
-265
-248
-226
-199
-155
-86
-17
29
58
80
106
104
85
95
91
75
62
51
60
40
15
-7
-5
1
5
27
11
-16
-38
-38
-34
-44
-32
-2
25
54
59
59
49
22
43
77
94
89
90
85
75
65
42
28
18
33
42
74
91
85
60
10
-13
-24
-25
-13
14
25
45
74
88
112
118
118
120
100
52
48
46
12
10
0
-32
-43
-69
-98
-103
-116
-124
-103
-83
-71
-75
-63
-63
-81
-104
-122
-130
-123
-109
-103
-50
-32
-31
-6
4
6
16
55
72
98
112
109
109
69
38
16
-18
-33
-69
-81
-70
-73
-25
6
9
11
31
78
83
71
60
66
62
61
73
99
108
52
5
0
2
-25
-39
-17
28
25
37
62
38
30
15
16
4
-18
-38
-91
-143
-193
-226
-223
-243
-250
-243
-214
-216
-250
-247
-236
-229
-226
-191
-129
-64
-32
-21
3
16
22
49
72
96
110
132
164
156
135
132
109
86
71
51
44
82
142
184
176
163
185
156
125
110
117
130
110
90
69
35
-21
-57
-86
-111
-105
-120
-104
-108
-108
-116
-129
-110
-123
-110
-86
-79
-91
-80
-59
-33
-2
15
23
71
136
190
213
246
294
310
304
270
238
230
222
208
202
182
167
142
135
89
61
48
31
21
-5
7
4
-4
-54
-79
-76
-103
-133
-151
-181
-217
-217
-197
-166
-159
-184
-189
-185
-204
-191
-162
-133
-113
-102
-91
-105
-131
-164
-186
-181
-180
-155
-149
-115
-72
-57
-49
-23
19
12
31
58
88
114
132
143
139
125
88
81
66
54
18
15
14
-3
-14
-50
-41
-62
-77
-63
-40
-4
32
97
139
164
140
134
112
49
27
-14
-1
-5
-6
-7
-17
-26
-58
-74
-88
-54
-42
-29
-15
5
27
21
14
-20
-20
-19
-3
19
54
69
57
50
37
32
43
49
22
64
99
101
94
59
31
-14
-49
-84
-101
-127
-117
-97
-103
-107
-97
-63
-31
-14
13
42
54
83
43
1
-38
-69
-66
-77
-74
-65
-30
-7
17
54
110
109
95
93
65
73
49
39
31
22
19
15
12
7
-13
-54
-74
-79
-37
-7
39
100
94
97
88
74
63
48
55
66
81
85
91
71
38
11
-3
-7
-32
-36
-35
-51
-59
-62
-52
-50
-57
-76
-74
-56
-56
-62
-78
-94
-117
-144
-150
-148
-146
-130
-147
-127
-94
-72
-29
8
49
109
127
132
153
139
138
136
126
108
95
55
23
18
-6
-22
-59
-61
-50
-32
12
36
62
85
119
152
144
104
113
102
78
58
28
15
1
3
16
35
22
22
5
-4
-5
7
34
39
63
84
93
77
54
33
4
-27
-51
-61
-48
-36
-26
-32
-45
-54
-94
-116
-131
-114
-115
-142
-143
-158
-177
-192
-196
-194
-209
-199
-156
-125
-89
-40
-16
18
43
66
106
108
130
143
112
93
73
49
34
4
-16
-47
-62
-68
-81
-76
-75
-59
-79
-88
-61
-20
14
37
48
50
71
67
56
26
-7
-13
-48
-87
-92
-84
-67
-74
-65
-33
-16
-19
-20
-5
20
53
65
92
76
58
59
31
51
67
90
114
153
189
190
191
219
239
241
250
250
247
254
288
280
250
229
208
175
117
67
44
25
-2
-43
-81
-86
-98
-87
-73
-53
-16
-27
-52
-69
-96
-90
-107
-110
-88
-91
-99
-105
-126
-146
-141
-161
-153
-144
-123
-103
-97
-72
-71
-93
-111
-94
-98
-102
-78
-70
-47
-27
5
13
18
46
55
62
55
60
79
55
35
1
-25
-30
-63
-71
-67
-52
-38
-22
-33
-15
-6
-6
1
-12
-4
-3
27
54
53
53
52
55
58
24
-21
-63
-99
-123
-155
-173
-170
-191
-201
-196
-200
-189
-209
-215
-183
-174
-187
-201
-194
-188
-172
-161
-141
-128
-117
-91
-60
-17
19
37
68
82
103
143
169
184
172
191
237
278
279
290
293
272
257
245
267
274
291
297
290
309
327
353
354
364
350
358
354
333
332
296
259
213
193
171
128
62
4
-55
-141
-227
-286
-345
-421
-455
-482
-481
-492
-499
-510
-541
-557
-559
-532
-501
-456
-373
-300
-245
-182
-114
-37
16
101
181
263
332
383
442
462
500
506
512
490
418
379
334
277
217
138
59
-28
-132
-220
-292
-323
-358
-379
-377
-370
-340
-324
-270
-219
-148
-78
-9
69
139
247
328
390
457
513
557
594
621
633
596
501
448
403
306
195
83
16
-62
-160
-246
-324
-422
-547
-652
-710
-745
-758
-749
-745
-727
-715
-727
-724
-733
-702
-653
-621
-570
-534
-451
-388
-321
-253
-211
-133
-34
83
171
269
384
484
575
669
796
878
933
998
1032
1103
1151
1170
1175
1138
1094
1012
875
702
544
371
171
-25
-242
-481
-732
-976
-1194
-1376
-1508
-1595
-1650
-1646
-1598
-1502
-1372
-1192
-949
-678
-414
-130
166
433
678
905
1079
1191
1257
1271
1218
1101
953
768
516
245
-21
-323
-594
-848
-1095
-1293
-1468
-1555
-1588
-1553
-1425
-1233
-981
-675
-304
129
593
1038
1493
1890
2245
2525
2720
2887
2956
2920
2802
2629
2413
2139
1809
1428
1018
609
153
-271
-654
-1001
-1289
-1546
-1740
-1870
-1963
-2027
-2045
-2041
-1972
-1871
-1758
-1620
-1467
-1298
-1152
-994
-846
-722
-605
-490
-390
-265
-95
71
209
325
437
582
703
817
938
1025
1095
1154
1179
1157
1102
981
818
645
488
301
110
-68
-299
-464
-615
-770
-870
-990
-1070
-1086
-1083
-1009
-923
-845
-726
-640
-512
-374
-258
-163
-91
15
124
172
206
226
249
297
300
349
437
540
654
735
849
943
1002
1062
1079
1081
1060
983
881
726
559
350
60
-245
-563
-902
-1251
-1575
-1888
-2203
-2431
-2566
-2610
-2585
-2496
-2300
-2035
-1660
-1184
-626
-1
615
1229
1833
2375
2835
3213
3477
3670
3809
3849
3826
3691
3429
3053
2597
2087
1573
1036
499
-43
-589
-1102
-1587
-1990
-2366
-2674
-2897
-3013
-3040
-2981
-2830
-2657
-2439
-2177
-1854
-1500
-1173
-848
-535
-219
73
363
612
837
1046
1222
1395
1524
1622
1699
1728
1719
1688
1632
1514
1337
1120
843
546
242
-65
-405
-788
-1185
-1563
-1909
-2214
-2430
-2557
-2623
-2642
-2596
-2463
-2239
-1956
-1628
-1253
-837
-393
20
469
891
1248
1576
1851
2074
2233
2313
2332
2268
2164
2027
1885
1731
1572
1442
1313
1244
1166
1119
1089
1033
1001
969
954
918
837
736
577
407
196
-47
-381
-763
-1200
-1667
-2130
-2651
-3147
-3667
-4132
-4528
-4882
-5113
-5246
-5294
-5189
-4971
-4613
-4113
-3474
-2743
-1935
-1030
-77
927
1926
2959
3918
4759
5508
6114
6604
6904
7016
6979
6797
6494
6031
5436
4723
3934
3126
2321
1520
743
-26
-741
-1389
-1935
-2354
-2689
-2926
-3115
-3192
-3219
-3166
-3055
-2900
-2728
-2562
-2345
-2125
-1921
-1728
-1555
-1402
-1238
-1098
-932
-752
-599
-422
-237
-70
104
263
442
610
766
917
1015
1093
1122
1139
1125
1057
947
813
645
463
280
63
-103
-206
-300
-349
-368
-333
-261
-206
-71
79
201
361
490
618
708
747
767
730
646
522
410
313
208
76
-81
-231
-411
-539
-620
-695
-743
-781
-799
-806
-793
-777
-778
-819
-873
-945
-1074
-1213
-1372
-1548
-1770
-2005
-2207
-2407
-2600
-2739
-2824
-2860
-2869
-2788
-2593
-2326
-1920
-1447
-908
-292
396
1107
1843
2615
3359
4034
4622
5144
5576
5900
6077
6116
6045
5849
5546
5186
4730
4170
3550
2865
2160
1466
779
76
-572
-1151
-1689
-2149
-2591
-2973
-3259
-3457
-3542
-3594
-3563
-3480
-3360
-3186
-3002
-2770
-2518
-2250
-1990
-1715
-1409
-1103
-832
-588
-381
-165
50
253
449
640
791
940
1067
1163
1206
1176
1162
1095
1004
876
739
591
380
211
10
-156
-294
-423
-518
-577
-599
-568
-528
-464
-340
-239
-115
-20
84
183
273
351
392
423
439
457
457
430
408
432
450
461
447
421
424
390
353
330
325
288
234
111
-52
-222
-426
-659
-929
-1197
-1508
-1843
-2122
-2374
-2625
-2849
-3057
-3185
-3256
-3245
-3130
-2966
-2749
-2433
-2008
-1524
-999
-412
240
906
1592
2301
2973
3578
4138
4640
5041
5312
5536
5652
5635
5490
5251
4921
4489
3971
3386
2766
2074
1371
642
-65
-724
-1329
-1864
-2312
-2730
-3063
-3301
-3447
-3532
-3573
-3526
-3443
-3300
-3085
-2834
-2528
-2196
-1864
-1499
-1136
-769
-395
-44
257
538
777
975
1122
1250
1328
1328
1296
1230
1107
931
750
569
353
64
-199
-463
-731
-983
-1241
-1445
-1640
-1729
-1800
-1849
-1775
-1688
-1572
-1387
-1143
-852
-574
-276
16
323
651
963
1279
1548
1798
2008
2201
2375
2505
2608
2657
2652
2609
2528
2403
2244
2042
1812
1536
1224
912
573
222
-180
-615
-1040
-1494
-1938
-2380
-2844
-3266
-3647
-3982
-4260
-4484
-4643
-4734
-4756
-4700
-4575
-4336
-4002
-3574
-3031
-2414
-1690
-882
-43
848
1780
2672
3531
4332
5062
5692
6169
6518
6696
6715
6606
6344
5970
5472
4867
4215
3498
2722
1919
1109
322
-424
-1126
-1735
-2236
-2649
-2982
-3224
-3370
-3429
-3440
-3385
-3248
-3065
-2816
-2525
-2217
-1912
-1581
-1248
-928
-635
-352
-72
164
336
495
609
681
733
721
684
573
453
305
133
-39
-236
-407
-568
-718
-865
-974
-1071
-1121
-1138
-1116
-1057
-1012
-938
-819
-731
-621
-506
-399
-228
-110
21
130
255
383
462
525
570
595
582
614
652
689
741
827
969
1108
1245
1404
1543
1678
1790
1909
1998
2001
1982
1899
1748
1524
1246
911
480
-29
-618
-1242
-1911
-2621
-3310
-3989
-4628
-5166
-5599
-5867
-5973
-5954
-5741
-5349
-4806
-4102
-3277
-2266
-1163
-55
1079
2187
3265
4261
5168
5985
6655
7135
7434
7602
7592
7423
7104
6664
6114
5423
4692
3926
3133
2334
1537
802
102
-550
-1131
-1616
-2003
-2364
-2655
-2898
-3059
-3172
-3258
-3299
-3287
-3244
-3189
-3142
-3053
-2949
-2874
-2769
-2665
-2537
-2416
-2265
-2067
-1890
-1664
-1438
-1218
-984
-750
-501
-248
-4
214
409
565
645
722
796
800
775
697
602
509
396
280
182
84
-22
-123
-201
-263
-293
-281
-243
-176
-102
16
173
301
423
572
766
976
1202
1471
1732
1990
2255
2534
2795
2965
3092
3148
3117
3019
2879
2664
2344
1949
1444
858
184
-573
-1393
-2240
-3072
-3919
-4719
-5469
-6158
-6686
-7123
-7433
-7538
-7513
-7275
-6862
-6258
-5454
-4538
-3482
-2320
-1111
136
1415
2634
3770
4851
5856
6746
7447
7958
8278
8404
8395
8173
7787
7256
6586
5851
5015
4131
3243
2342
1462
640
-102
-759
-1354
-1836
-2213
-2546
-2788
-2942
-3063
-3094
-3095
-3052
-2935
-2803
-2631
-2485
-2337
-2191
-2063
-1955
-1849
-1729
-1590
-1449
-1330
-1178
-1015
-843
-689
-525
-317
-133
32
215
362
497
556
573
565
484
409
270
105
-52
-251
-467
-672
-871
-1025
-1166
-1273
-1308
-1325
-1291
-1184
-1036
-835
-600
-330
-3
346
691
1062
1420
1762
2096
2384
2646
2896
3119
3302
3423
3487
3511
3450
3315
3104
2816
2503
2096
1588
1032
419
-255
-984
-1760
-2587
-3380
-4150
-4891
-5561
-6134
-6620
-7000
-7242
-7346
-7261
-7030
-6654
-6109
-5421
-4624
-3680
-2647
-1542
-397
745
1917
3081
4149
5116
5980
6684
7232
7614
7856
7943
7881
7663
7312
6880
6347
5715
5015
4325
3598
2875
2198
1543
925
352
-138
-609
-994
-1314
-1580
-1774
-1926
-2042
-2122
-2211
-2314
-2385
-2433
-2463
-2488
-2505
-2501
-2489
-2458
-2412
-2378
-2331
-2257
-2155
-2054
-1929
-1793
-1669
-1536
-1372
-1197
-1026
-884
-789
-692
-644
-616
-575
-564
-542
-556
-575
-587
-658
-719
-786
-833
-826
-822
-775
-739
-703
-629
-541
-392
-206
-14
225
464
751
1054
1370
1688
1961
2254
2534
2821
3105
3364
3594
3793
3937
4042
4064
3978
3845
3608
3251
2817
2287
1648
907
88
-798
-1735
-2660
-3586
-4500
-5357
-6168
-6841
-7424
-7858
-8089
-8220
-8136
-7852
-7398
-6740
-5932
-4961
-3835
-2611
-1327
6
1358
2690
3947
5118
6193
7080
7801
8345
8701
8847
8767
8521
8132
7609
6961
6215
5422
4598
3745
2913
2135
1374
713
144
-364
-779
-1122
-1399
-1646
-1866
-2064
-2246
-2414
-2588
-2798
-2969
-3098
-3206
-3279
-3330
-3344
-3328
-3295
-3162
-2998
-2786
-2495
-2161
-1788
-1431
-1082
-746
-424
-161
78
260
407
518
560
617
607
577
476
341
176
-46
-194
-373
-562
-746
-951
-1101
-1276
-1432
-1522
-1600
-1588
-1536
-1415
-1248
-1075
-812
-557
-262
96
523
1039
1571
2160
2756
3367
3977
4535
5033
5427
5756
5986
6083
6050
5886
5557
5050
4417
3612
2650
1561
328
-945
-2274
-3600
-4927
-6276
-7538
-8702
-9707
-10546
-11209
-11597
-11729
-11541
-11075
-10331
-9330
-8154
-6748
-5219
-3565
-1816
-63
1650
3282
4788
6152
7320
8261
9013
9503
9790
9853
9739
9497
9106
8579
7974
7309
6590
5852
5097
4389
3671
2976
2319
1706
1173
658
177
-276
-722
-1125
-1516
-1856
-2166
-2476
-2736
-2944
-3121
-3267
-3382
-3465
-3502
-3511
-3451
-3310
-3134
-2919
-2692
-2407
-2111
-1850
-1562
-1288
-1020
-741
-480
-214
-25
58
115
99
45
-36
-172
-343
-553
-788
-997
-1202
-1437
-1672
-1869
-2008
-2104
-2095
-1995
-1883
-1744
-1558
-1356
-1120
-852
-573
-265
107
506
947
1412
1882
2415
2948
3489
4035
4576
5106
5585
5981
6305
6486
6536
6376
6039
5541
4810
3940
2871
1677
348
-1074
-2544
-4085
-5581
-7022
-8334
-9466
-10368
-11012
-11407
-11559
-11445
-11039
-10386
-9520
-8416
-7135
-5745
-4219
-2617
-981
641
2208
3636
4956
6136
7129
7997
8635
9084
9384
9505
9500
9333
9050
8604
8029
7379
6664
5941
5199
4497
3809
3135
2451
1802
1194
622
89
-411
-861
-1289
-1632
-1973
-2275
-2508
-2707
-2882
-3027
-3126
-3185
-3167
-3120
-3013
-2837
-2607
-2366
-2101
-1819
-1554
-1293
-1073
-877
-735
-623
-581
-597
-669
-801
-969
-1179
-1394
-1588
-1737
-1880
-2019
-2104
-2128
-2119
-2098
-2021
-1943
-1856
-1756
-1671
-1560
-1482
-1395
-1358
-1337
-1289
-1281
-1210
-1122
-992
-802
-558
-235
136
617
1193
1854
2588
3352
4175
4961
5668
6305
6770
7137
7315
7308
7111
6694
6063
5223
4198
2949
1561
8
-1613
-3226
-4836
-6383
-7798
-9045
-10100
-10926
-11496
-11772
-11747
-11431
-10810
-9912
-8780
-7432
-5890
-4226
-2484
-751
949
2541
3991
5364
6570
7602
8444
9090
9535
9771
9826
9706
9432
9043
8588
8034
7436
6818
6172
5528
4876
4212
3542
2899
2273
1674
1062
485
-96
-690
-1271
-1854
-2386
-2876
-3310
-3686
-4020
-4281
-4435
-4483
-4437
-4329
-4145
-3887
-3564
-3173
-2789
-2386
-1975
-1621
-1290
-1020
-784
-577
-451
-422
-430
-507
-628
-765
-893
-983
-1096
-1173
-1204
-1229
-1236
-1245
-1274
-1292
-1358
-1402
-1423
-1469
-1543
-1618
-1703
-1822
-1910
-1973
-1965
-1857
-1700
-1439
-1073
-607
-7
685
1438
2241
3078
3916
4762
5571
6288
6908
7330
7572
7620
7444
7065
6408
5559
4513
3290
1939
464
-1097
-2696
-4254
-5754
-7147
-8401
-9469
-10309
-10890
-11154
-11142
-10874
-10334
-9556
-8548
-7351
-5980
-4501
-2962
-1397
152
1682
3108
4402
5546
6494
7272
7822
8190
8396
8437
8362
8149
7859
7457
6952
6397
5810
5214
4638
4081
3557
3024
2474
1915
1343
773
182
-410
-980
-1483
-1949
-2361
-2763
-3126
-3411
-3620
-3734
-3775
-3674
-3467
-3203
-2848
-2428
-1991
-1529
-1091
-637
-195
181
525
813
1018
1168
1227
1210
1122
947
726
441
124
-198
-489
-789
-1043
-1242
-1431
-1646
-1833
-1997
-2162
-2281
-2358
-2383
-2448
-2466
-2458
-2440
-2379
-2323
-2170
-1947
-1690
-1354
-923
-426
130
762
1428
2127
2811
3459
4106
4719
5257
5712
5990
6098
6082
5875
5484
4923
4224
3365
2388
1342
217
-940
-2150
-3332
-4494
-5626
-6608
-7532
-8271
-8839
-9225
-9346
-9333
-9071
-8624
-8047
-7266
-6395
-5420
-4320
-3181
-2028
-879
258
1371
2425
3401
4331
5125
5812
6413
6887
7284
7577
7747
7868
7887
7845
7699
7455
7173
6806
6420
5985
5533
5048
4515
3980
3441
2832
2225
1657
1061
496
-82
-624
-1076
-1536
-1985
-2391
-2761
-3069
-3325
-3534
-3686
-3838
-3931
-4019
-4083
-4093
-4076
-4043
-4004
-3908
-3828
-3719
-3563
-3415
-3236
-3083
-2953
-2768
-2613
-2439
-2254
-2121
-1961
-1836
-1683
-1535
-1472
-1352
-1288
-1202
-1126
-1092
-1021
-958
-870
-794
-646
-457
-204
145
521
965
1497
2040
2635
3284
3948
4605
5257
5859
6395
6853
7198
7414
7469
7371
7130
6717
6158
5435
4566
3571
2422
1213
-63
-1391
-2711
-4026
-5288
-6474
-7553
-8439
-9153
-9699
-10058
-10221
-10185
-9972
-9574
-9014
-8271
-7398
-6407
-5311
-4133
-2904
-1706
-545
585
1674
2716
3665
4536
5321
6005
6619
7108
7492
7762
7942
8040
8051
7995
7886
7693
7431
7137
6752
6319
5818
5262
4689
4074
3462
2817
2192
1558
901
265
-357
-934
-1508
-2028
-2512
-2946
-3335
-3665
-3914
-4119
-4280
-4405
-4474
-4489
-4444
-4344
-4236
-4107
-3931
-3761
-3550
-3336
-3113
-2834
-2593
-2353
-2164
-1969
-1772
-1639
-1528
-1445
-1399
-1362
-1360
-1359
-1390
-1440
-1493
-1567
-1591
-1614
-1561
-1501
-1423
-1296
-1113
-813
-466
-38
466
1075
1783
2517
3288
4057
4805
5521
6159
6744
7207
7508
7708
7739
7577
7212
6681
5967
5043
3985
2763
1438
28
-1432
-2886
-4309
-5714
-7032
-8198
-9234
-10106
-10784
-11221
-11405
-11365
-11108
-10595
-9895
-8998
-7948
-6790
-5505
-4167
-2776
-1406
-49
1291
2530
3695
4755
5723
6564
7300
7990
8516
8922
9190
9316
9372
9332
9210
8988
8700
8327
7860
7334
6766
6164
5500
4795
4095
3371
2646
1983
1323
659
5
-576
-1122
-1643
-2073
-2464
-2795
-3088
-3308
-3488
-3588
-3662
-3707
-3706
-3661
-3569
-3483
-3394
-3302
-3177
-3077
-2980
-2900
-2804
-2782
-2808
-2771
-2768
-2747
-2735
-2763
-2761
-2817
-2868
-2894
-3003
-3066
-3150
-3202
-3214
-3197
-3155
-3112
-3011
-2888
-2699
-2412
-2032
-1569
-1044
-456
215
977
1802
2648
3525
4419
5303
6129
6882
7572
8135
8570
8841
8911
8807
8498
7986
7226
6278
5158
3855
2426
912
-653
-2247
-3819
-5324
-6739
-8049
-9158
-10088
-10765
-11226
-11440
-11359
-11069
-10583
-9915
-9048
-8018
-6836
-5557
-4200
-2789
-1423
-117
1138
2321
3406
4375
5275
6024
6654
7193
7592
7910
8071
8191
8228
8158
8037
7816
7569
7228
6839
6388
5871
5298
4698
4059
3404
2743
2112
1512
893
295
-299
-828
-1300
-1722
-2118
-2437
-2699
-2897
-3019
-3081
-3090
-3051
-2957
-2813
-2669
-2507
-2269
-2068
-1868
-1675
-1487
-1303
-1162
-1069
-1007
-979
-995
-996
-1049
-1115
-1193
-1371
-1533
-1756
-2038
-2258
-2522
-2784
-3080
-3375
-3672
-3944
-4154
-4339
-4449
-4534
-4502
-4328
-4053
-3620
-3018
-2305
-1466
-492
618
1803
3049
4354
5647
6887
8025
9036
9839
10410
10759
10838
10666
10232
9508
8518
7281
5800
4157
2354
426
-1541
-3523
-5431
-7229
-8831
-10240
-11451
-12369
-12993
-13312
-13350
-13067
-12495
-11688
-10631
-9353
-7935
-6430
-4873
-3312
-1744
-232
1175
2469
3643
4674
5568
6309
6918
7389
7726
7950
8081
8125
8102
8044
7952
7819
7639
7434
7188
6894
6523
6127
5694
5228
4721
4176
3618
3024
2410
1756
1116
510
-117
-676
-1167
-1577
-1905
-2188
-2439
-2626
-2721
-2761
-2723
-2625
-2448
-2195
-1945
-1722
-1511
-1339
-1228
-1141
-1136
-1201
-1302
-1512
-1737
-1990
-2308
-2623
-3001
-3418
-3856
-4313
-4700
-5100
-5430
-5698
-5973
-6171
-6323
-6386
-6374
-6301
-6106
-5808
-5369
-4865
-4239
-3424
-2541
-1514
-418
766
2019
3311
4716
6111
7460
8708
9879
10922
11730
12333
12691
12848
12696
12225
11462
10402
9088
7503
5720
3804
1741
-397
-2511
-4581
-6574
-8386
-9970
-11283
-12345
-13107
-13560
-13728
-13516
-13033
-12248
-11201
-9974
-8579
-7096
-5599
-4082
-2585
-1172
151
1353
2416
3333
4079
4679
5109
5398
5569
5588
5587
5563
5503
5466
5355
5239
5117
4993
4887
4752
4701
4641
4538
4396
4248
4040
3813
3560
3227
2914
2602
2329
2053
1791
1553
1297
1072
862
694
562
435
382
367
372
405
378
321
258
174
105
-3
-87
-225
-418
-653
-958
-1311
-1737
-2167
-2602
-3075
-3559
-4048
-4535
-4988
-5459
-5900
-6311
-6674
-7011
-7300
-7527
-7669
-7670
-7532
-7253
-6866
-6341
-5673
-4835
-3822
-2653
-1352
21
1511
3067
4618
6115
7549
8860
9993
10930
11661
12140
12340
12235
11859
11221
10305
9118
7679
6026
4183
2211
179
-1821
-3810
-5735
-7547
-9164
-10576
-11777
-12689
-13315
-13590
-13549
-13226
-12625
-11761
-10685
-9427
-8070
-6605
-5053
-3543
-2056
-624
733
1967
3046
3993
4801
5440
5937
6320
6616
6809
6900
6967
6953
6878
6795
6700
6555
6356
6145
5928
5709
5496
5298
5072
4832
4590
4310
4002
3638
3240
2863
2500
2179
1876
1570
1296
1060
844
657
524
430
344
285
243
213
140
42
-115
-319
-562
-834
-1116
-1503
-1906
-2314
-2761
-3222
-3716
-4180
-4684
-5218
-5671
-6088
-6477
-6846
-7177
-7457
-7675
-7825
-7907
-7928
-7909
-7814
-7578
-7226
-6745
-6142
-5453
-4614
-3633
-2521
-1282
62
1485
2953
4457
5997
7491
8885
10139
11242
12149
12796
13206
13350
13156
12680
11917
10894
9604
8066
6376
4496
2513
469
-1611
-3637
-5611
-7445
-9068
-10501
-11656
-12548
-13155
-13455
-13440
-13084
-12455
-11605
-10527
-9255
-7860
-6330
-4765
-3210
-1695
-302
1006
2242
3317
4224
4939
5503
5926
6247
6471
6576
6611
6554
6423
6284
6111
5888
5603
5289
4999
4695
4412
4102
3806
3517
3196
2878
2559
2250
1930
1602
1300
1030
766
560
335
167
27
-70
-99
-125
-86
-93
-98
-102
-91
-90
-128
-167
-276
-408
-607
-782
-991
-1265
-1525
-1869
-2161
-2475
-2840
-3160
-3484
-3767
-4054
-4333
-4571
-4850
-5091
-5309
-5516
-5718
-5950
-6105
-6257
-6337
-6293
-6115
-5757
-5251
-4582
-3742
-2772
-1620
-337
1050
2572
4146
5758
7336
8906
10342
11597
12657
13421
13945
14131
13993
13519
12732
11628
10226
8587
6665
4596
2370
62
-2242
-4565
-6770
-8862
-10783
-12423
-13805
-14827
-15530
-15862
-15793
-15404
-14684
-13670
-12433
-11020
-9485
-7891
-6248
-4573
-2929
-1280
286
1745
3079
4279
5362
6269
7050
7693
8163
8507
8727
8815
8779
8586
8309
7921
7489
6972
6396
5819
5244
4678
4122
3595
3059
2588
2168
1749
1327
943
627
388
177
22
-59
-51
-1
85
219
388
606
838
1092
1320
1474
1596
1662
1600
1422
1184
876
480
51
-428
-968
-1535
-2163
-2828
-3483
-4106
-4719
-5367
-5963
-6524
-7058
-7537
-7965
-8353
-8646
-8859
-8977
-9001
-8947
-8767
-8376
-7813
-7139
-6285
-5303
-4183
-2934
-1561
-81
1458
3080
4720
6380
7987
9484
10892
12094
13106
13910
14448
14741
14741
14449
13824
12881
11655
10124
8374
6447
4344
2127
-106
-2338
-4522
-6619
-8585
-10367
-11965
-13267
-14286
-14981
-15319
-15402
-15121
-14536
-13758
-12708
-11471
-10066
-8485
-6821
-5122
-3397
-1693
-29
1520
2969
4320
5473
6490
7341
8059
8643
9061
9359
9488
9487
9376
9113
8743
8244
7657
7028
6314
5529
4714
3926
3135
2360
1612
947
338
-226
-660
-1002
-1220
-1350
-1403
-1392
-1329
-1192
-1027
-791
-496
-209
94
410
712
939
1092
1201
1237
1181
1056
897
654
376
30
-349
-765
-1234
-1682
-2168
-2647
-3085
-3525
-3958
-4369
-4783
-5124
-5489
-5822
-6167
-6524
-6839
-7122
-7303
-7453
-7535
-7493
-7321
-6969
-6417
-5619
-4589
-3417
-2011
-517
1099
2817
4587
6410
8163
9848
11419
12806
13938
14776
15281
15452
15279
14749
13880
12673
11157
9347
7269
5040
2650
177
-2286
-4704
-6988
-9174
-11095
-12755
-14150
-15239
-16034
-16455
-16562
-16358
-15856
-15059
-13993
-12706
-11262
-9614
-7892
-6124
-4286
-2493
-702
1020
2656
4239
5701
7016
8149
9059
9813
10334
10656
10854
10915
10834
10588
10211
9748
9155
8433
7651
6758
5848
4936
4030
3194
2329
1489
693
-57
-705
-1272
-1731
-2062
-2336
-2517
-2563
-2466
-2276
-2045
-1737
-1369
-976
-565
-200
141
468
691
865
953
932
824
625
389
74
-297
-653
-1101
-1540
-1982
-2465
-2917
-3406
-3837
-4324
-4774
-5173
-5594
-5951
-6262
-6544
-6808
-7059
-7204
-7273
-7259
-7110
-6911
-6545
-6063
-5427
-4647
-3748
-2693
-1498
-124
1364
2935
4597
6309
8005
9666
11243
12666
13879
14827
15482
15798
15774
15381
14633
13496
12023
10265
8236
6022
3644
1165
-1360
-3814
-6224
-8520
-10667
-12583
-14210
-15545
-16533
-17215
-17557
-17526
-17176
-16499
-15528
-14320
-12843
-11190
-9394
-7459
-5481
-3490
-1520
441
2339
4127
5814
7363
8724
9917
10908
11685
12281
12618
12776
12716
12461
12055
11475
10760
9903
8916
7801
6582
5325
4078
2815
1590
471
-551
-1467
-2233
-2848
-3306
-3628
-3808
-3867
-3820
-3595
-3312
-2951
-2545
-2126
-1653
-1235
-841
-530
-259
-53
106
177
163
111
-25
-171
-411
-676
-1000
-1338
-1640
-1917
-2185
-2474
-2725
-2989
-3232
-3471
-3727
-3968
-4170
-4405
-4587
-4756
-4891
-5009
-5068
-5113
-5106
-4995
-4873
-4565
-4149
-3620
-2932
-2124
-1149
7
1258
2604
4006
5469
6916
8334
9673
10875
11912
12690
13225
13473
13442
13118
12466
11513
10260
8707
6856
4777
2560
204
-2197
-4555
-6820
-8937
-10896
-12653
-14137
-15368
-16326
-16967
-17276
-17297
-16974
-16322
-15359
-14092
-12649
-10987
-9141
-7131
-5013
-2828
-622
1557
3663
5685
7572
9253
10756
12000
13002
13714
14173
14411
14427
14195
13771
13168
12385
11471
10412
9305
8100
6847
5570
4290
3100
1973
908
-54
-914
-1665
-2298
-2799
-3158
-3385
-3507
-3539
-3507
-3431
-3287
-3123
-2937
-2750
-2592
-2442
-2345
-2256
-2206
-2218
-2266
-2362
-2521
-2659
-2828
-3004
-3177
-3379
-3554
-3735
-3854
-3953
-4059
-4116
-4094
-4064
-4013
-4012
-3962
-3878
-3800
-3663
-3534
-3370
-3234
-3093
-2916
-2742
-2577
-2367
-2061
-1663
-1196
-647
-17
710
1552
2487
3502
4542
5611
6728
7809
8885
9870
10769
11553
12136
12545
12699
12597
12132
11373
10319
9000
7480
5736
3803
1721
-445
-2667
-4880
-7088
-9205
-11181
-12954
-14483
-15762
-16725
-17399
-17747
-17773
-17452
-16807
-15831
-14555
-13029
-11279
-9348
-7241
-5036
-2837
-676
1465
3526
5477
7243
8837
10257
11462
12422
13166
13655
13863
13823
13592
13170
12540
11780
10914
9964
8910
7834
6716
5603
4540
3496
2545
1688
905
168
-481
-1051
-1529
-1932
-2256
-2521
-2735
-2900
-2979
-2978
-2964
-2937
-2908
-2846
-2826
-2784
-2717
-2651
-2600
-2576
-2566
-2555
-2563
-2610
-2676
-2758
-2863
-2969
-3047
-3125
-3180
-3249
-3271
-3254
-3232
-3193
-3153
-3083
-3008
-2950
-2886
-2843
-2791
-2704
-2640
-2549
-2401
-2214
-1998
-1755
-1432
-1037
-564
-30
555
1267
2082
2983
3944
4913
5912
6896
7825
8685
9442
10044
10446
10666
10664
10434
9935
9189
8199
6962
5525
3907
2146
235
-1781
-3845
-5890
-7903
-9837
-11639
-13242
-14600
-15724
-16544
-17081
-17268
-17113
-16684
-15931
-14878
-13576
-12009
-10267
-8331
-6223
-4091
-1889
310
2420
4484
6411
8234
9898
11294
12539
13561
14336
14887
15198
15338
15251
14965
14521
13894
13119
12226
11239
10217
9138
7976
6828
5678
4530
3415
2320
1292
340
-520
-1267
-1949
-2554
-3130
-3662
-4066
-4458
-4774
-5030
-5233
-5366
-5463
-5487
-5509
-5540
-5582
-5648
-5718
-5762
-5786
-5773
-5751
-5746
-5717
-5694
-5644
-5599
-5497
-5373
-5237
-5052
-4833
-4539
-4245
-3938
-3627
-3320
-3011
-2721
-2412
-2089
-1771
-1426
-1060
-671
-241
211
719
1266
1868
2547
3297
4092
4917
5780
6647
7487
8248
8970
9618
10182
10646
11025
11270
11343
11217
10909
10412
9708
8804
7649
6339
4840
3168
1339
-609
-2600
-4609
-6600
-8522
-10339
-12048
-13574
-14864
-15841
-16606
-17102
-17285
-17188
-16780
-16136
-15208
-14062
-12735
-11173
-9439
-7591
-5657
-3686
-1661
320
2236
4109
5880
7543
9017
10316
11460
12429
13226
13808
14193
14421
14517
14430
14185
13813
13289
12660
11911
11057
10105
9069
8006
6908
5807
4680
3517
2357
1204
94
-967
-1958
-2842
-3633
-4333
-4941
-5484
-5963
-6378
-6721
-6996
-7238
-7423
-7568
-7698
-7764
-7796
-7811
-7820
-7794
-7725
-7641
-7508
-7296
-7029
-6719
-6375
-5972
-5498
-4980
-4402
-3755
-3131
-2462
-1751
-1090
-381
310
954
1546
2086
2626
3116
3552
3962
4377
4799
5128
5430
5673
5916
6145
6332
6529
6680
6799
6942
7019
7085
7125
7136
7125
7013
6890
6710
6480
6118
5666
5098
4380
3521
2509
1325
9
-1414
-2938
-4494
-6096
-7663
-9217
-10691
-12065
-13315
-14335
-15204
-15820
-16206
-16335
-16170
-15799
-15201
-14390
-13364
-12140
-10779
-9247
-7518
-5699
-3770
-1810
227
2267
4272
6240
8120
9912
11575
13142
14595
15890
17002
17925
18598
19078
19340
19366
19153
18720
18003
17049
15893
14544
13020
11306
9472
7555
5609
3653
1723
-162
-1993
-3699
-5272
-6701
-7990
-9126
-10036
-10780
-11325
-11700
-11954
-12075
-12107
-12050
-11943
-11812
-11630
-11416
-11199
-10926
-10608
-10223
-9801
-9345
-8846
-8302
-7695
-7033
-6289
-5492
-4568
-3647
-2663
-1613
-572
514
1547
2578
3565
4477
5305
5997
6611
7096
7376
7578
7595
7496
7289
6980
6671
6260
5852
5421
5004
4654
4357
4184
4045
3960
3973
4020
4140
4238
4372
4496
4553
4567
4472
4306
3977
3457
2807
1967
995
-134
-1379
-2700
-4105
-5489
-6866
-8169
-9405
-10550
-11553
-12436
-13155
-13701
-14079
-14215
-14188
-13930
-13467
-12838
-11984
-11010
-9825
-8466
-6974
-5334
-3601
-1780
77
2027
4010
6032
8028
9917
11749
13471
15039
16430
17613
18575
19309
19750
19969
19873
19493
18808
17860
16689
15262
13690
11939
10035
8065
6042
3983
1967
3
-1860
-3654
-5325
-6844
-8255
-9514
-10603
-11512
-12289
-12878
-13309
-13589
-13745
-13817
-13732
-13534
-13204
-12796
-12300
-11714
-11071
-10356
-9583
-8774
-7946
-7112
-6239
-5292
-4350
-3373
-2361
-1361
-352
647
1671
2661
3604
4535
5403
6185
6832
7387
7848
8133
8311
8383
8315
8106
7764
7387
6935
6423
5868
5307
4773
4249
3780
3385
3039
2743
2494
2329
2232
2155
2132
2115
2117
2074
2027
1943
1776
1502
1108
651
56
-665
-1489
-2435
-3518
-4715
-5954
-7216
-8524
-9784
-10972
-12126
-13166
-14062
-14784
-15348
-15714
-15807
-15678
-15328
-14700
-13785
-12654
-11303
-9661
-7806
-5772
-3597
-1268
1221
3767
6351
8903
11385
13736
15953
17999
19821
21394
22685
23704
24402
24766
24748
24382
23682
22673
21418
19926
18206
16244
14095
11807
9437
7024
4559
2104
-312
-2658
-4909
-7017
-8959
-10736
-12350
-13809
-15068
-16177
-17056
-17730
-18213
-18505
-18597
-18494
-18230
-17792
-17258
-16575
-15784
-14845
-13793
-12665
-11407
-10073
-8710
-7325
-5868
-4422
-2977
-1512
-57
1387
2760
4117
5431
6613
7738
8788
9697
10483
11071
11513
11782
11871
11851
11666
11299
10825
10196
9454
8619
7703
6724
5725
4737
3739
2806
1912
1077
361
-295
-816
-1198
-1482
-1653
-1759
-1754
-1709
-1631
-1539
-1500
-1503
-1592
-1744
-1980
-2319
-2765
-3365
-4061
-4878
-5774
-6711
-7679
-8662
-9620
-10515
-11285
-11948
-12470
-12846
-13063
-13055
-12871
-12469
-11861
-11012
-9914
-8591
-7084
-5409
-3572
-1576
525
2694
4911
7185
9433
11627
13760
15745
17583
19193
20579
21760
22644
23201
23436
23351
22950
22246
21244
19956
18320
16440
14397
12167
9793
7300
4754
2124
-455
-2917
-5328
-7612
-9754
-11705
-13447
-14981
-16242
-17254
-18042
-18581
-18865
-18952
-18827
-18519
-18049
-17403
-16596
-15645
-14604
-13434
-12160
-10839
-9455
-8028
-6571
-5116
-3636
-2193
-779
582
1896
3208
4444
5636
6749
7771
8703
9519
10238
10839
11311
11694
11931
12050
12041
11863
11562
11109
10535
9871
9043
8079
7040
5917
4744
3558
2334
1169
40
-1100
-2169
-3146
-4018
-4784
-5421
-5890
-6218
-6428
-6540
-6550
-6476
-6363
-6178
-5981
-5786
-5603
-5432
-5309
-5256
-5248
-5339
-5503
-5735
-6003
-6284
-6557
-6848
-7120
-7310
-7432
-7474
-7422
-7270
-7033
-6617
-6089
-5380
-4507
-3524
-2347
-1076
297
1763
3295
4877
6528
8154
9801
11383
12878
14322
15609
16793
17782
18549
19104
19429
19509
19365
18981
18382
17527
16437
15172
13678
11960
10100
8093
5979
3818
1606
-590
-2799
-4962
-7017
-8938
-10755
-12443
-13922
-15188
-16243
-17084
-17698
-18082
-18231
-18172
-17921
-17508
-16920
-16149
-15232
-14230
-13125
-11903
-10627
-9298
-7965
-6582
-5176
-3783
-2377
-1048
262
1585
2852
4101
5265
6341
7380
8332
9257
10065
10770
11381
11843
12178
12332
12401
12353
12125
11798
11287
10654
9845
8885
7813
6601
5350
3988
2561
1074
-423
-1853
-3248
-4576
-5775
-6839
-7770
-8534
-9107
-9441
-9595
-9577
-9356
-8989
-8489
-7865
-7176
-6440
-5692
-4943
-4246
-3615
-3038
-2588
-2236
-1970
-1807
-1713
-1680
-1715
-1794
-1885
-1971
-2045
-2082
-2065
-1998
-1877
-1689
-1434
-1115
-738
-297
196
781
1441
2139
2880
3669
4542
5436
6353
7288
8216
9116
9943
10728
11465
12074
12573
12928
13108
13126
12970
12616
12048
11265
10316
9258
8049
6682
5216
3689
2105
521
-1012
-2464
-3899
-5300
-6599
-7814
-8861
-9796
-10623
-11304
-11909
-12338
-12617
-12797
-12880
-12875
-12749
-12535
-12216
-11774
-11260
-10687
-10029
-9292
-8456
-7563
-6607
-5569
-4449
-3274
-2054
-819
408
1676
2919
4155
5365
6509
7578
8545
9443
10252
10924
11471
11867
12153
12284
12264
12133
11788
11287
10621
9772
8720
7454
6063
4508
2802
1033
-794
-2621
-4457
-6193
-7800
-9308
-10562
-11633
-12467
-13005
-13282
-13279
-13021
-12509
-11730
-10736
-9551
-8210
-6765
-5257
-3747
-2258
-865
450
1651
2718
3613
4357
4935
5340
5590
5688
5705
5548
5268
4861
4392
3906
3359
2837
2315
1806
1333
889
511
203
-56
-164
-168
-73
166
494
943
1461
2034
2698
3372
4046
4767
5434
6049
6607
7096
7490
7764
7913
7945
7841
7587
7178
6658
6007
5220
4353
3377
2342
1251
143
-981
-2091
-3197
-4255
-5250
-6156
-6953
-7665
-8261
-8794
-9227
-9603
-9871
-10037
-10133
-10163
-10143
-10031
-9811
-9529
-9177
-8730
-8203
-7553
-6789
-5929
-4995
-3964
-2912
-1818
-657
534
1736
2939
4120
5265
6309
7260
8155
8945
9644
10178
10544
10740
10765
10611
10324
9871
9221
8435
7530
6499
5324
4005
2591
1048
-518
-2101
-3685
-5236
-6778
-8156
-9438
-10532
-11428
-12069
-12468
-12625
-12474
-12040
-11309
-10356
-9180
-7770
-6143
-4388
-2553
-715
1111
2889
4569
6100
7437
8546
9391
10001
10365
10467
10303
9905
9275
8466
7498
6448
5287
4036
2784
1568
406
-702
-1676
-2586
-3367
-4035
-4573
-4940
-5218
-5333
-5331
-5233
-5000
-4639
-4147
-3570
-2909
-2151
-1316
-457
431
1356
2258
3148
4027
4854
5620
6300
6907
7414
7783
8023
8159
8153
7994
7693
7274
6723
6039
5269
4378
3374
2296
1177
67
-1089
-2250
-3423
-4558
-5627
-6648
-7543
-8392
-9082
-9650
-10076
-10331
-10408
-10329
-10105
-9684
-9164
-8479
-7696
-6780
-5806
-4768
-3690
-2563
-1402
-282
838
1911
2941
3884
4733
5514
6185
6672
7044
7268
7359
7288
7101
6773
6331
5769
5031
4226
3332
2388
1371
294
-798
-1873
-2999
-4090
-5129
-6086
-6970
-7766
-8364
-8841
-9115
-9238
-9121
-8755
-8160
-7357
-6363
-5194
-3877
-2449
-895
723
2350
3954
5501
6976
8313
9484
10459
11180
11653
11904
11872
11595
11069
10303
9308
8112
6806
5394
3914
2379
843
-624
-2063
-3398
-4635
-5743
-6709
-7499
-8093
-8541
-8823
-8956
-8929
-8762
-8444
-7961
-7349
-6651
-5823
-4889
-3886
-2783
-1606
-385
942
2288
3641
4987
6274
7517
8640
9642
10523
11227
11676
11924
11949
11794
11399
10808
10013
9011
7863
6544
5166
3659
2084
505
-1077
-2639
-4148
-5551
-6830
-8009
-9037
-9914
-10566
-11031
-11347
-11441
-11386
-11139
-10771
-10195
-9477
-8702
-7809
-6868
-5832
-4729
-3628
-2541
-1489
-463
500
1436
2317
3065
3668
4181
4554
4787
4875
4830
4664
4355
3963
3503
3001
2503
1988
1463
938
429
-54
-550
-1023
-1482
-1879
-2266
-2598
-2886
-3138
-3341
-3453
-3444
-3341
-3170
-2928
-2576
-2137
-1625
-963
-200
610
1420
2284
3186
4033
4889
5675
6361
6966
7429
7754
7971
7957
7751
7371
6839
6156
5345
4438
3427
2331
1174
-20
-1191
-2341
-3466
-4506
-5507
-6392
-7153
-7790
-8342
-8808
-9120
-9295
-9350
-9267
-9011
-8620
-8097
-7458
-6647
-5683
-4641
-3467
-2187
-757
726
2271
3867
5425
6969
8467
9903
11205
12336
13244
13987
14520
14794
14821
14559
14013
13234
12252
11019
9605
8002
6254
4421
2535
656
-1190
-2894
-4525
-6046
-7366
-8516
-9457
-10211
-10768
-11120
-11293
-11327
-11206
-10985
-10661
-10250
-9773
-9235
-8642
-7978
-7322
-6659
-5998
-5283
-4589
-3938
-3317
-2746
-2185
-1637
-1115
-647
-175
274
711
1103
1460
1781
2094
2366
2617
2863
3031
3194
3334
3475
3572
3612
3665
3703
3663
3585
3467
3330
3150
2918
2714
2449
2225
2002
1797
1602
1429
1303
1153
1068
1029
1007
1056
1190
1364
1560
1743
2020
2308
2577
2822
3026
3189
3237
3240
3169
2971
2661
2251
1793
1230
572
-107
-887
-1713
-2571
-3444
-4319
-5193
-6021
-6741
-7355
-7919
-8388
-8737
-9007
-9123
-9046
-8836
-8427
-7894
-7151
-6205
-5127
-3871
-2484
-963
616
2220
3875
5490
7095
8619
10009
11254
12278
13073
13672
13999
14079
13893
13407
12740
11862
10841
9635
8315
6873
5357
3823
2340
879
-552
-1879
-3140
-4261
-5271
-6181
-6949
-7621
-8172
-8639
-9008
-9265
-9435
-9523
-9570
-9536
-9404
-9233
-9004
-8709
-8361
-7951
-7498
-6922
-6328
-5688
-4985
-4252
-3490
-2730
-1959
-1214
-486
194
862
1508
2122
2682
3148
3521
3815
4046
4207
4334
4378
4354
4326
4244
4109
3932
3791
3626
3462
3306
3118
2962
2767
2576
2331
2062
1810
1497
1186
856
530
252
-9
-223
-423
-581
-650
-640
-522
-315
-82
226
583
1028
1469
1896
2279
2609
2901
3052
3116
3034
2812
2472
2013
1466
827
99
-709
-1550
-2372
-3225
-4012
-4763
-5445
-6015
-6442
-6745
-6942
-6978
-6895
-6670
-6335
-5846
-5265
-4603
-3878
-3053
-2158
-1232
-297
663
1613
2522
3444
4344
5232
5966
6624
7227
7694
8088
8359
8483
8495
8391
8191
7905
7499
6987
6335
5550
4747
3889
3012
2102
1160
273
-572
-1393
-2200
-3010
-3777
-4483
-5135
-5690
-6198
-6632
-6983
-7291
-7498
-7601
-7615
-7561
-7426
-7206
-6880
-6493
-6046
-5505
-4921
-4278
-3627
-2933
-2248
-1573
-883
-235
388
989
1514
1967
2395
2756
3080
3348
3550
3716
3826
3877
3878
3872
3848
3784
3702
3573
3408
3205
2955
2702
2409
2065
1672
1282
851
424
3
-405
-778
-1151
-1437
-1714
-1949
-2101
-2158
-2111
-1989
-1753
-1428
-1042
-590
-111
395
902
1398
1909
2303
2664
2946
3076
3127
3052
2944
2758
2451
2093
1662
1178
697
186
-336
-881
-1409
-1910
-2409
-2853
-3233
-3565
-3853
-4117
-4309
-4475
-4616
-4692
-4759
-4792
-4777
-4692
-4573
-4385
-4142
-3833
-3462
-2998
-2438
-1823
-1097
-353
430
1241
2066
2953
3855
4707
5515
6253
6918
7498
7963
8335
8562
8636
8598
8407
8108
7731
7203
6609
5921
5159
4354
3477
2562
1652
716
-210
-1099
-1944
-2746
-3539
-4246
-4893
-5477
-5996
-6422
-6765
-7019
-7189
-7329
-7387
-7382
-7300
-7108
-6874
-6579
-6259
-5843
-5343
-4846
-4273
-3753
-3190
-2606
-2045
-1460
-892
-324
186
747
1264
1707
2090
2408
2673
2843
2996
3067
3076
3039
2957
2875
2751
2637
2530
2398
2260
2124
2010
1945
1868
1822
1813
1815
1886
1999
2119
2275
2408
2526
2638
2736
2826
2882
2973
3071
3175
3267
3352
3437
3523
3607
3639
3662
3631
3543
3415
3248
3006
2645
2239
1712
1098
417
-327
-1121
-1966
-2866
-3854
-4836
-5756
-6656
-7505
-8289
-9016
-9612
-10108
-10515
-10771
-10903
-10904
-10766
-10504
-10104
-9598
-8970
-8242
-7417
-6474
-5443
-4330
-3176
-1973
-726
543
1837
3125
4435
5729
6991
8229
9408
10508
11496
12369
13098
13640
14055
14282
14301
14148
13767
13227
12523
11663
10652
9476
8187
6814
5403
3933
2468
1013
-452
-1868
-3214
-4451
-5611
-6692
-7658
-8524
-9283
-9950
-10526
-10962
-11305
-11507
-11587
-11573
-11454
-11226
-10897
-10442
-9842
-9140
-8320
-7455
-6522
-5537
-4493
-3392
-2329
-1248
-222
736
1612
2428
3176
3833
4410
4814
5139
5378
5551
5685
5700
5668
5611
5563
5534
5500
5487
5463
5430
5437
5461
5478
5523
5510
5443
5353
5218
5048
4859
4626
4383
4132
3861
3569
3237
2901
2581
2275
1952
1662
1344
999
662
359
2
-426
-859
-1341
-1861
-2468
-3142
-3892
-4690
-5502
-6356
-7228
-8096
-8958
-9777
-10514
-11134
-11646
-12040
-12337
-12492
-12479
-12329
-12025
-11594
-11000
-10248
-9357
-8362
-7282
-6102
-4901
-3647
-2353
-1009
371
1783
3218
4658
6145
7620
9107
10553
11967
13357
14693
15951
17036
18011
18825
19415
19802
19957
19838
19464
18834
17904
16699
15209
13484
11554
9429
7158
4823
2446
1
-2411
-4752
-7005
-9129
-11138
-12961
-14618
-16068
-17297
-18339
-19110
-19672
-20029
-20171
-20084
-19826
-19378
-18676
-17818
-16795
-15622
-14272
-12786
-11208
-9540
-7807
-5954
-4032
-2095
-140
1806
3690
5516
7268
8912
10423
11737
12868
13806
14512
15053
15406
15496
15350
14988
14500
13856
13074
12211
11225
10206
9160
8149
7188
6235
5385
4531
3772
3128
2462
1867
1237
607
-12
-636
-1298
-1980
-2692
-3443
-4142
-4848
-5520
-6139
-6703
-7194
-7573
-7827
-7985
-8036
-8005
-7878
-7641
-7329
-6988
-6605
-6259
-5977
-5766
-5606
-5517
-5562
-5690
-5894
-6142
-6404
-6660
-6903
-7093
-7194
-7167
-6991
-6648
-6149
-5488
-4624
-3653
-2522
-1265
63
1442
2802
4147
5436
6638
7706
8679
9558
10330
11021
11641
12131
12581
12968
13335
13701
13992
14221
14363
14395
14333
14148
13790
13264
12524
11606
10461
9117
7604
5868
3913
1810
-372
-2528
-4713
-6850
-8832
-10694
-12373
-13886
-15134
-16121
-16897
-17439
-17736
-17835
-17734
-17449
-16989
-16390
-15679
-14846
-13890
-12825
-11689
-10406
-9044
-7603
-6077
-4509
-2888
-1180
591
2353
4085
5803
7502
9113
10621
11961
13117
14043
14723
15176
15356
15285
14981
14455
13772
12937
11952
10886
9778
8597
7403
6204
5024
3933
2901
1939
1068
248
-527
-1290
-2050
-2714
-3344
-3957
-4593
-5208
-5799
-6368
-6896
-7389
-7832
-8200
-8472
-8650
-8698
-8671
-8541
-8289
-7941
-7550
-7105
-6603
-6083
-5532
-4927
-4361
-3848
-3388
-3003
-2686
-2430
-2233
-2079
-1922
-1795
-1646
-1460
-1240
-1008
-708
-325
121
639
1157
1725
2402
3114
3810
4509
5141
5725
6266
6696
7040
7282
7456
7543
7559
7515
7366
7195
6993
6794
6614
6454
6244
5992
5730
5477
5179
4838
4489
4099
3715
3265
2762
2220
1576
847
74
-724
-1562
-2410
-3252
-4089
-4862
-5578
-6258
-6897
-7480
-7982
-8339
-8577
-8707
-8736
-8698
-8557
-8305
-7970
-7546
-7028
-6474
-5890
-5237
-4548
-3828
-3078
-2308
-1521
-735
79
855
1619
2374
3061
3708
4365
4987
5533
6018
6440
6796
7088
7288
7390
7396
7267
7076
6817
6489
6094
5624
5117
4531
3851
3139
2425
1711
974
220
-471
-1157
-1834
-2450
-3031
-3586
-4104
-4529
-4890
-5220
-5488
-5674
-5876
-6018
-6087
-6139
-6121
-6062
-5934
-5752
-5577
-5303
-4976
-4614
-4190
-3725
-3179
-2632
-2058
-1497
-958
-379
188
758
1308
1812
2286
2690
3042
3328
3562
3764
3884
3945
3964
3980
3945
3875
3787
3619
3491
3352
3168
2980
2771
2538
2286
2066
1874
1619
1324
1031
762
503
226
-21
-266
-483
-654
-808
-925
-978
-1012
-1022
-974
-866
-772
-656
-471
-274
-57
174
414
650
885
1100
1313
1486
1618
1682
1683
1666
1637
1625
1555
1442
1288
1125
916
683
478
242
22
-200
-422
-627
-841
-1120
-1384
-1599
-1848
-2071
-2262
-2453
-2626
-2767
-2890
-2934
-2947
-2913
-2806
-2657
-2456
-2212
-1911
-1607
-1314
-1002
-721
-452
-194
39
235
380
473
514
546
522
476
424
391
375
385
414
418
396
391
408
445
483
486
486
465
427
360
246
120
-22
-170
-308
-437
-546
-646
-722
-741
-713
-686
-604
-483
-337
-182
-34
179
359
509
644
721
759
755
739
674
599
500
344
202
64
-48
-140
-239
-309
-351
-379
-366
-347
-310
-266
-234
-199
-142
-59
1
56
104
94
78
78
43
45
59
46
17
6
59
135
235
368
553
736
948
1186
1424
1645
1852
2084
2306
2441
2575
2653
2675
2664
2607
2578
2499
2394
2262
2099
1926
1759
1613
1477
1329
1165
1013
830
626
449
206
-75
-378
-695
-1043
-1431
-1821
-2212
-2590
-2950
-3288
-3616
-3898
-4146
-4322
-4440
-4470
-4421
-4342
-4179
-3985
-3705
-3373
-2986
-2549
-2156
-1742
-1356
-996
-650
-276
59
372
672
908
1112
1266
1419
1551
1683
1762
1866
1948
1975
1985
1972
1969
1943
1923
1898
1820
1700
1572
1446
1307
1123
897
644
407
177
-97
-382
-600
-797
-973
-1104
-1224
-1262
-1288
-1288
-1231
-1109
-970
-870
-723
-576
-422
-252
-81
53
175
233
284
316
301
277
239
213
190
207
208
219
266
322
418
573
747
898
1039
1172
1282
1402
1510
1596
1688
1760
1801
1803
1762
1693
1616
1527
1435
1341
1229
1106
970
836
705
573
409
258
106
-59
-207
-368
-526
-714
-957
-1190
-1425
-1643
-1834
-2025
-2184
-2351
-2489
-2578
-2630
-2641
-2648
-2628
-2552
-2466
-2349
-2192
-2000
-1756
-1487
-1191
-898
-598
-276
28
326
582
825
1075
1307
1528
1718
1886
2044
2163
2267
2322
2339
2338
2300
2242
2132
1965
1778
1608
1396
1193
1019
819
616
428
235
60
-88
-230
-369
-499
-636
-764
-890
-1024
-1178
-1310
-1425
-1544
-1666
-1787
-1904
-1990
-2031
-2073
-2094
-2069
-2008
-1936
-1837
-1705
-1528
-1315
-1093
-870
-662
-472
-261
-74
91
251
388
522
623
731
819
889
977
1032
1103
1170
1235
1319
1367
1433
1525
1628
1702
1752
1806
1847
1836
1817
1794
1729
1673
1574
1470
1341
1204
1063
902
762
607
472
335
199
96
-34
-127
-196
-261
-335
-478
-578
-689
-801
-941
-1099
-1299
-1558
-1769
-1976
-2180
-2393
-2582
-2775
-2909
-2949
-2943
-2897
-2884
-2817
-2711
-2566
-2371
-2183
-1971
-1743
-1450
-1150
-860
-565
-272
1
245
492
724
969
1222
1479
1731
1989
2257
2493
2738
3002
3213
3398
3568
3695
3829
3916
3934
3921
3857
3726
3569
3389
3152
2886
2584
2226
1802
1347
874
406
-27
-488
-951
-1387
-1811
-2159
-2495
-2817
-3079
-3293
-3453
-3577
-3669
-3742
-3778
-3771
-3734
-3670
-3574
-3458
-3303
-3097
-2874
-2669
-2419
-2132
-1834
-1549
-1264
-916
-551
-189
190
593
967
1321
1696
2036
2338
2601
2813
3008
3181
3337
3434
3475
3474
3391
3258
3147
2996
2774
2534
2288
2080
1858
1620
1390
1123
849
603
361
134
-137
-410
-627
-891
-1144
-1406
-1709
-1994
-2279
-2519
-2723
-2912
-3079
-3231
-3353
-3469
-3532
-3512
-3465
-3401
-3292
-3151
-2992
-2781
-2567
-2335
-2081
-1874
-1618
-1331
-1017
-697
-387
-107
137
413
663
922
1165
1386
1588
1809
1983
2114
2258
2368
2483
2558
2599
2628
2632
2609
2583
2560
2537
2522
2472
2397
2311
2195
2085
1966
1842
1688
1518
1350
1162
989
790
592
355
141
-61
-269
-450
-617
-767
-906
-997
-1058
-1121
-1193
-1254
-1284
-1277
-1290
-1294
-1273
-1281
-1277
-1253
-1227
-1209
-1185
-1135
-1067
-965
-867
-773
-651
-550
-405
-267
-162
-41
89
254
385
554
702
843
1005
1132
1261
1369
1462
1506
1563
1619
1668
1659
1629
1608
1572
1506
1403
1303
1178
1017
821
626
407
187
-50
-322
-588
-862
-1146
-1420
-1687
-1947
-2222
-2488
-2744
-2991
-3192
-3355
-3491
-3582
-3645
-3666
-3664
-3616
-3498
-3385
-3230
-3017
-2793
-2576
-2319
-2021
-1667
-1318
-981
-631
-327
-5
362
715
1055
1358
1652
1951
2250
2549
2828
3106
3346
3534
3708
3851
3934
3963
3952
3910
3793
3632
3418
3131
2829
2514
2170
1802
1413
1003
594
193
-189
-554
-899
-1199
-1449
-1686
-1912
-2097
-2257
-2409
-2500
-2552
-2557
-2546
-2538
-2503
-2446
-2331
-2181
-2026
-1852
-1664
-1464
-1277
-1054
-805
-596
-353
-131
125
380
630
913
1178
1399
1610
1857
2119
2395
2636
2882
3102
3273
3436
3549
3613
3672
3708
3676
3611
3490
3298
3088
2828
2536
2213
1882
1553
1164
756
349
-46
-451
-855
-1248
-1639
-2018
-2370
-2651
-2931
-3159
-3336
-3548
-3714
-3854
-3957
-3989
-3985
-3962
-3933
-3875
-3799
-3666
-3505
-3298
-3040
-2786
-2536
-2286
-1990
-1695
-1402
-1111
-830
-580
-350
-149
7
183
341
454
550
643
728
807
902
1007
1143
1285
1437
1625
1804
1995
2141
2309
2472
2610
2742
2818
2854
2828
2781
2707
2613
2474
2274
2030
1771
1494
1197
888
559
242
-97
-433
-736
-1041
-1342
-1653
-1922
-2147
-2349
-2517
-2672
-2810
-2884
-2927
-2920
-2865
-2798
-2714
-2589
-2400
-2185
-1916
-1648
-1360
-1007
-656
-284
91
448
798
1170
1563
1937
2252
2537
2796
3022
3219
3354
3500
3618
3674
3742
3759
3722
3655
3529
3374
3166
2931
2665
2348
1999
1630
1268
915
533
161
-186
-511
-779
-1024
-1245
-1397
-1499
-1591
-1646
-1682
-1672
-1636
-1601
-1521
-1433
-1330
-1234
-1179
-1129
-1111
-1130
-1164
-1179
-1196
-1253
-1332
-1433
-1530
-1626
-1704
-1769
-1856
-1925
-1995
-2020
-2041
-2053
-2013
-1961
-1879
-1779
-1677
-1557
-1413
-1259
-1107
-917
-719
-505
-299
-129
64
260
457
630
795
968
1129
1304
1469
1598
1709
1806
1911
2008
2112
2169
2204
2209
2184
2178
2140
2065
1945
1809
1622
1438
1279
1088
869
641
401
153
-87
-334
-561
-797
-1054
-1292
-1540
-1798
-2051
-2300
-2499
-2651
-2796
-2890
-2905
-2860
-2792
-2671
-2490
-2280
-2037
-1745
-1422
-1074
-703
-283
119
496
890
1238
1544
1832
2073
2279
2463
2634
2784
2914
3009
3039
3070
3085
3111
3129
3111
3043
2945
2827
2708
2582
2414
2231
1978
1688
1375
1048
700
308
-103
-481
-849
-1243
-1591
-1916
-2235
-2518
-2782
-2976
-3131
-3257
-3371
-3408
-3403
-3384
-3269
-3101
-2896
-2650
-2412
-2165
-1838
-1502
-1167
-783
-389
-33
299
619
947
1233
1502
1755
1980
2177
2295
2392
2472
2488
2476
2451
2335
2155
1932
1691
1437
1130
810
484
168
-127
-442
-751
-1065
-1368
-1636
-1855
-2030
-2169
-2316
-2442
-2505
-2537
-2542
-2518
-2436
-2329
-2204
-2045
-1878
-1699
-1492
-1256
-979
-707
-422
-153
126
399
707
1057
1346
1606
1857
2064
2248
2419
2541
2623
2645
2612
2548
2442
2301
2126
1892
1635
1349
1075
788
513
263
36
-184
-430
-627
-802
-949
-1037
-1082
-1139
-1192
-1201
-1221
-1234
-1241
-1234
-1214
-1204
-1151
-1073
-1023
-973
-898
-797
-672
-528
-370
-217
-60
88
224
356
523
696
856
1015
1150
1281
1381
1463
1514
1530
1539
1546
1533
1513
1484
1448
1389
1310
1232
1124
1050
931
777
635
465
281
92
-71
-263
-514
-748
-967
-1208
-1424
-1589
-1687
-1796
-1890
-1975
-2020
-1999
-1951
-1840
-1738
-1616
-1488
-1362
-1199
-1035
-864
-705
-574
-421
-287
-177
-66
23
130
234
351
455
576
697
816
930
994
1037
1045
1038
996
928
837
700
574
442
242
60
-127
-319
-500
-664
-791
-912
-981
-1007
-1008
-962
-893
-823
-729
-613
-450
-291
-139
31
162
288
429
578
728
865
993
1136
1265
1351
1399
1452
1479
1483
1462
1432
1394
1329
1233
1080
924
739
543
345
133
-130
-442
-736
-1010
-1269
-1495
-1683
-1825
-1944
-2065
-2130
-2156
-2175
-2112
-1990
-1847
-1686
-1516
-1306
-1102
-881
-609
-370
-111
126
330
543
746
988
1168
1335
1475
1601
1707
1795
1883
1973
2095
2157
2166
2147
2107
2044
1971
1900
1807
1667
1512
1350
1184
980
743
505
251
-22
-311
-583
-858
-1141
-1412
-1639
-1818
-1955
-2063
-2150
-2223
-2298
-2332
-2329
-2280
-2196
-2117
-2015
-1904
-1771
-1595
-1389
-1195
-1014
-842
-663
-497
-326
-113
85
274
459
631
780
902
1026
1141
1220
1278
1341
1390
1383
1396
1432
1442
1444
1457
1472
1499
1518
1497
1483
1460
1418
1349
1247
1136
992
819
653
467
239
-6
-268
-543
-790
-1020
-1242
-1453
-1652
-1801
-1937
-2028
-2067
-2089
-2092
-2074
-2011
-1939
-1842
-1739
-1610
-1460
-1296
-1109
-906
-696
-486
-277
-53
173
361
526
670
848
1046
1251
1417
1581
1753
1893
2004
2098
2193
2214
2183
2147
2083
1985
1889
1782
1632
1443
1242
1006
728
501
251
2
-229
-460
-693
-929
-1124
-1289
-1423
-1557
-1653
-1749
-1870
-1981
-2060
-2090
-2093
-2070
-1988
-1872
-1740
-1602
-1439
-1262
-1074
-861
-663
-455
-244
-20
194
387
562
705
850
951
1044
1088
1104
1105
1079
1058
1023
983
938
861
763
681
601
534
445
377
292
206
133
79
74
56
64
48
32
33
18
25
19
50
102
146
210
249
263
299
316
297
280
279
280
271
225
145
81
29
-21
-65
-136
-215
-255
-319
-340
-327
-308
-267
-232
-148
-76
15
111
195
275
346
403
401
374
344
287
212
137
58
-49
-182
-317
-433
-536
-659
-770
-867
-948
-1083
-1171
-1216
-1247
-1241
-1177
-1078
-1001
-905
-807
-697
-578
-436
-317
-187
-36
114
272
427
595
752
886
1023
1171
1297
1377
1471
1538
1544
1561
1537
1499
1431
1329
1214
1062
874
665
443
218
-20
-246
-469
-669
-864
-1016
-1101
-1199
-1283
-1347
-1357
-1338
-1325
-1295
-1203
-1104
-1014
-934
-867
-762
-662
-557
-411
-297
-206
-123
-52
54
141
235
343
380
431
461
493
515
486
485
441
422
424
462
489
498
530
549
577
601
623
609
582
534
501
467
433
428
389
325
265
230
230
192
164
102
44
-13
-83
-106
-140
-147
-146
-115
-112
-110
-76
-80
-88
-79
-97
-138
-182
-213
-252
-299
-364
-445
-508
-553
-627
-706
-743
-753
-748
-736
-694
-607
-535
-451
-333
-220
-96
56
211
352
523
706
855
980
1100
1215
1283
1333
1353
1322
1296
1274
1191
1051
917
761
606
424
258
108
-77
-230
-337
-453
-574
-690
-793
-892
-968
-1003
-1035
-1063
-1063
-1008
-956
-864
-788
-688
-564
-451
-308
-150
38
171
334
483
632
784
894
953
982
970
906
832
700
541
341
126
-125
-334
-531
-755
-956
-1160
-1323
-1473
-1585
-1658
-1711
-1726
-1747
-1734
-1695
-1662
-1581
-1482
-1380
-1245
-1078
-911
-725
-560
-373
-163
31
222
397
624
805
1007
1177
1297
1416
1515
1605
1644
1663
1658
1626
1552
1479
1429
1381
1285
1195
1095
988
898
822
720
577
449
350
244
139
35
-104
-209
-292
-375
-421
-497
-578
-652
-702
-707
-703
-656
-590
-524
-416
-315
-193
-52
77
191
274
368
418
427
422
386
342
256
129
31
-112
-265
-371
-485
-589
-698
-767
-833
-859
-849
-840
-777
-710
-611
-511
-402
-266
-143
-18
115
259
413
549
682
815
951
1070
1221
1379
1504
1592
1615
1595
1537
1464
1372
1254
1102
918
701
466
225
-42
-302
-522
-724
-928
-1123
-1292
-1459
-1588
-1685
-1717
-1730
-1738
-1714
-1667
-1581
-1495
-1383
-1231
-1053
-879
-694
-489
-268
-93
63
224
379
521
636
724
788
814
835
836
779
690
563
412
271
134
-4
-149
-290
-414
-517
-578
-627
-654
-696
-735
-730
-714
-704
-705
-684
-650
-609
-573
-486
-403
-338
-291
-239
-178
-121
-33
8
62
99
127
155
192
223
257
319
387
463
528
591
650
700
777
881
989
1097
1176
1240
1301
1383
1438
1470
1451
1397
1317
1217
1128
1014
917
822
731
632
522
405
286
184
113
55
-17
-99
-145
-180
-241
-298
-344
-377
-410
-406
-430
-446
-471
-504
-544
-625
-694
-740
-802
-879
-923
-1011
-1095
-1158
-1221
-1315
-1399
-1426
-1452
-1448
-1465
-1431
-1368
-1309
-1214
-1082
-930
-793
-590
-353
-103
137
406
677
941
1235
1492
1735
1948
2115
2271
2361
2425
2420
2354
2293
2158
1957
1727
1458
1187
917
624
361
126
-132
-367
-546
-705
-843
-947
-1014
-1046
-1064
-1099
-1117
-1132
-1135
-1110
-1090
-1073
-1087
-1065
-1023
-969
-919
-864
-827
-815
-778
-766
-757
-765
-753
-754
-744
-714
-699
-689
-701
-695
-691
-682
-662
-649
-617
-593
-582
-552
-512
-458
-400
-337
-271
-224
-176
-119
-23
44
115
234
330
409
481
582
694
795
892
1012
1128
1240
1337
1420
1544
1671
1767
1821
1898
2007
2080
2120
2157
2197
2239
2243
2204
2120
2022
1896
1736
1575
1390
1178
963
718
446
176
-101
-369
-625
-874
-1117
-1338
-1551
-1777
-1989
-2157
-2315
-2475
-2608
-2712
-2785
-2842
-2910
-2896
-2872
-2855
-2772
-2678
-2562
-2450
-2299
-2139
-1989
-1801
-1598
-1370
-1121
-856
-610
-363
-98
162
449
720
972
1221
1455
1703
1945
2188
2392
2599
2801
2964
3145
3314
3449
3585
3728
3816
3834
3826
3789
3713
3614
3480
3281
3007
2708
2379
1966
1528
1080
612
111
-399
-910
-1415
-1897
-2355
-2795
-3221
-3592
-3926
-4218
-4470
-4649
-4755
-4844
-4889
-4871
-4823
-4762
-4651
-4471
-4252
-3985
-3678
-3316
-2905
-2510
-2087
-1610
-1134
-634
-121
374
847
1284
1723
2143
2504
2847
3139
3387
3610
3787
3918
3965
3967
3938
3858
3741
3593
3409
3156
2854
2560
2264
1947
1643
1389
1129
837
584
347
106
-136
-358
-540
-697
-852
-1021
-1145
-1262
-1356
-1438
-1497
-1543
-1585
-1608
-1617
-1621
-1623
-1608
-1573
-1508
-1420
-1337
-1255
-1172
-1106
-1041
-961
-875
-811
-748
-668
-588
-497
-391
-293
-179
-50
35
126
236
330
430
506
603
707
785
897
1012
1105
1179
1231
1276
1305
1307
1298
1247
1191
1099
971
836
674
513
340
210
90
-87
-262
-423
-573
-707
-840
-933
-1020
-1087
-1104
-1126
-1146
-1138
-1112
-1069
-1018
-949
-840
-718
-635
-523
-367
-233
-35
211
454
667
875
1115
1352
1560
1722
1870
1980
2065
2135
2130
2059
1935
1737
1523
1312
1076
815
529
236
-57
-340
-579
-753
-935
-1105
-1221
-1326
-1388
-1452
-1500
-1508
-1527
-1519
-1502
-1478
-1471
-1432
-1358
-1269
-1195
-1127
-1037
-953
-905
-843
-758
-692
-630
-585
-546
-487
-456
-430
-379
-319
-259
-227
-172
-121
-68
-21
22
75
150
191
249
318
360
393
455
543
588
645
691
756
798
821
825
843
895
939
954
944
968
925
876
826
749
654
550
481
441
406
364
315
273
265
276
301
298
308
312
338
370
368
338
281
237
170
136
80
20
-40
-129
-216
-315
-378
-430
-454
-471
-480
-499
-523
-530
-552
-525
-469
-434
-424
-401
-370
-329
-267
-197
-138
-94
-41
16
79
112
127
176
218
236
250
256
244
224
218
203
180
154
134
104
53
2
-74
-157
-232
-317
-397
-490
-554
-587
-636
-645
-634
-615
-568
-503
-421
-368
-297
-190
-85
3
91
184
241
306
367
392
406
414
419
431
409
398
366
306
251
159
82
22
-52
-158
-277
-380
-486
-589
-651
-710
-770
-801
-801
-772
-740
-700
-626
-536
-436
-352
-279
-159
-75
29
143
287
431
554
732
904
1073
1220
1378
1482
1545
1625
1670
1671
1640
1569
1457
1327
1172
991
779
571
360
81
-162
-405
-635
-848
-1073
-1229
-1409
-1556
-1675
-1786
-1874
-1927
-1926
-1934
-1895
-1842
-1743
-1600
-1469
-1272
-1045
-810
-582
-365
-125
121
366
568
748
906
1031
1152
1226
1301
1343
1347
1357
1362
1315
1252
1187
1077
977
868
749
630
512
430
357
310
257
206
181
162
156
147
156
158
146
128
115
100
83
48
13
-25
-66
-101
-170
-214
-258
-319
-363
-390
-419
-487
-533
-567
-590
-611
-629
-670
-746
-799
-879
-956
-1042
-1151
-1236
-1260
-1244
-1234
-1217
-1188
-1106
-1007
-900
-771
-631
-468
-315
-103
139
382
632
852
1073
1294
1478
1622
1732
1792
1794
1794
1779
1706
1626
1536
1429
1292
1184
1069
930
779
628
491
335
168
-4
-158
-321
-469
-629
-806
-969
-1105
-1234
-1380
-1509
-1581
-1609
-1618
-1614
-1567
-1505
-1423
-1329
-1201
-1035
-861
-653
-421
-201
23
233
408
588
765
928
1064
1196
1309
1414
1480
1512
1524
1520
1505
1495
1426
1349
1254
1119
1001
873
739
587
447
297
100
-119
-320
-542
-741
-921
-1108
-1287
-1467
-1635
-1750
-1818
-1851
-1831
-1795
-1724
-1630
-1521
-1395
-1252
-1113
-954
-761
-569
-379
-196
-21
90
200
303
402
501
553
599
659
737
769
802
844
876
924
956
973
987
970
913
849
786
685
594
491
367
263
195
121
40
-11
-32
-20
17
69
86
107
175
249
338
400
435
481
484
474
436
347
236
139
38
-78
-166
-245
-324
-449
-546
-621
-707
-800
-874
-945
-1018
-1054
-1077
-1102
-1095
-1080
-1030
-934
-862
-772
-645
-516
-387
-232
-97
52
218
396
566
722
904
1047
1140
1229
1344
1448
1506
1556
1565
1547
1496
1455
1406
1321
1226
1111
986
797
630
474
310
120
-90
-275
-453
-596
-685
-743
-820
-913
-958
-977
-999
-986
-967
-950
-919
-872
-833
-774
-724
-711
-698
-663
-640
-638
-637
-655
-648
-636
-633
-626
-600
-593
-593
-569
-536
-519
-500
-482
-474
-457
-493
-518
-539
-572
-558
-526
-479
-420
-363
-281
-193
-108
4
140
291
431
573
715
853
989
1104
1201
1264
1315
1368
1395
1411
1402
1402
1396
1384
1348
1281
1255
1204
1149
1064
969
861
751
654
539
404
248
110
-28
-151
-242
-334
-472
-597
-692
-825
-982
-1065
-1120
-1190
-1260
-1309
-1326
-1378
-1390
-1361
-1341
-1308
-1264
-1184
-1082
-986
-878
-740
-608
-471
-325
-187
-77
33
164
284
408
486
549
609
676
754
785
814
829
848
861
891
914
901
854
814
799
772
747
703
669
629
599
573
541
491
440
422
376
344
334
303
264
213
163
98
24
-23
-74
-118
-191
-265
-320
-405
-479
-556
-622
-690
-749
-793
-815
-837
-858
-842
-812
-763
-721
-654
-586
-547
-491
-434
-368
-316
-271
-215
-130
-46
2
65
116
131
146
178
189
209
206
210
210
180
156
100
54
10
-26
-64
-124
-182
-231
-273
-342
-397
-431
-449
-450
-429
-402
-400
-375
-329
-301
-278
-240
-198
-171
-138
-111
-98
-68
-64
-59
-18
49
94
114
115
126
163
209
261
292
332
380
405
430
496
587
663
720
766
798
798
809
811
824
843
841
812
754
711
693
687
660
621
588
552
497
458
412
351
294
233
163
98
27
-76
-179
-275
-330
-401
-468
-514
-575
-652
-735
-767
-811
-863
-894
-908
-958
-1007
-1030
-1035
-1015
-974
-915
-869
-795
-709
-591
-463
-348
-217
-37
118
246
405
534
657
784
890
965
1019
1073
1114
1124
1104
1084
1089
1061
1020
966
885
803
734
697
616
541
458
360
260
159
47
-102
-190
-279
-405
-531
-644
-740
-825
-900
-956
-991
-1042
-1072
-1083
-1087
-1087
-1065
-1027
-1004
-995
-986
-975
-952
-914
-889
-863
-830
-785
-743
-726
-699
-646
-607
-583
-517
-445
-386
-339
-265
-177
-107
-31
45
136
214
306
401
525
649
752
855
923
1027
1098
1160
1226
1278
1322
1350
1342
1335
1329
1311
1275
1205
1150
1080
997
900
824
736
611
483
345
226
99
-39
-143
-277
-414
-532
-680
-809
-900
-994
-1107
-1193
-1238
-1235
-1221
-1232
-1194
-1122
-1033
-896
-728
-532
-381
-218
-52
78
204
297
424
485
532
572
614
664
700
727
753
782
759
747
721
703
687
638
581
528
457
377
266
150
34
-66
-148
-227
-295
-382
-472
-542
-571
-594
-580
-541
-541
-551
-544
-508
-461
-448
-417
-364
-316
-280
-249
-175
-130
-111
-47
24
100
195
247
318
411
522
603
646
703
707
678
643
602
555
480
374
289
226
143
38
-81
-202
-293
-382
-467
-528
-580
-623
-652
-636
-606
-573
-565
-544
-491
-463
-469
-465
-485
-527
-548
-574
-584
-608
-597
-585
-566
-511
-482
-452
-372
-265
-181
-64
43
154
235
322
417
501
555
596
647
651
646
668
678
658
672
693
735
762
763
758
762
752
731
710
683
639
557
473
372
282
178
56
-37
-144
-285
-400
-513
-605
-690
-784
-848
-889
-893
-873
-837
-801
-735
-651
-545
-458
-397
-345
-323
-282
-234
-220
-193
-123
-98
-72
-10
26
99
216
290
359
406
412
437
474
484
488
490
471
444
406
369
334
289
216
148
131
92
79
101
121
149
173
219
259
297
298
289
260
242
243
195
137
75
27
-26
-53
-80
-98
-113
-148
-156
-192
-219
-234
-224
-204
-207
-163
-109
-84
-75
-81
-104
-129
-142
-174
-220
-244
-265
-315
-361
-383
-379
-333
-273
-205
-145
-111
-85
-75
-68
-69
-46
-25
-27
-64
-98
-87
-96
-103
-99
-113
-153
-160
-173
-195
-184
-169
-155
-106
-50
-9
5
47
142
215
281
360
415
443
478
508
561
563
564
598
627
651
660
657
633
632
654
638
631
622
559
495
405
314
242
133
25
-118
-245
-357
-450
-550
-617
-682
-745
-774
-798
-798
-812
-814
-793
-770
-765
-727
-713
-717
-686
-637
-604
-560
-519
-486
-450
-414
-377
-320
-262
-215
-130
-77
-25
28
35
60
89
122
144
153
188
213
240
243
255
301
340
392
469
551
570
554
587
609
617
640
650
674
682
687
695
687
697
703
661
617
568
503
445
401
343
254
162
56
-15
-76
-137
-197
-268
-315
-338
-400
-451
-476
-503
-502
-495
-516
-529
-515
-543
-568
-555
-554
-538
-539
-554
-539
-527
-557
-538
-471
-428
-379
-332
-274
-206
-139
-54
26
87
155
214
267
256
262
269
263
293
297
306
326
341
339
317
267
243
235
236
213
221
237
246
272
263
272
251
243
231
256
272
296
346
343
362
389
396
379
325
254
177
109
37
-49
-122
-204
-268
-327
-394
-448
-484
-516
-528
-530
-528
-510
-493
-478
-445
-436
-438
-425
-398
-370
-327
-275
-252
-235
-245
-241
-237
-223
-201
-204
-195
-231
-274
-288
-274
-259
-234
-196
-195
-164
-166
-174
-150
-89
-30
8
63
115
164
207
266
352
391
378
370
381
401
371
346
331
299
278
264
261
258
236
240
256
262
265
297
353
373
396
431
470
504
526
513
513
499
453
445
436
411
433
413
383
378
328
274
233
206
205
197
151
126
104
69
55
29
-25
-79
-120
-159
-194
-252
-309
-345
-384
-405
-432
-477
-520
-541
-581
-585
-566
-588
-592
-558
-516
-482
-463
-477
-486
-482
-476
-440
-428
-412
-354
-310
-264
-226
-201
-152
-122
-101
-39
5
34
64
81
108
119
147
170
149
148
116
82
37
-6
-15
-50
-68
-94
-124
-141
-161
-178
-195
-202
-203
-194
-187
-202
-209
-212
-176
-127
-70
-24
-10
18
59
106
144
171
196
223
248
283
321
348
384
424
471
508
535
564
566
548
524
485
459
419
351
313
284
244
221
202
190
196
195
154
125
94
67
43
28
29
15
-24
-80
-127
-164
-184
-221
-260
-296
-327
-378
-396
-373
-353
-328
-306
-236
-180
-141
-95
-40
23
61
118
170
211
253
282
304
317
348
361
353
351
332
298
254
217
175
133
120
102
77
25
-24
-54
-53
-42
-10
9
-2
24
56
95
126
158
143
111
61
8
8
-27
-67
-102
-145
-232
-307
-363
-400
-415
-477
-519
-564
-593
-619
-614
-608
-621
-611
-615
-591
-577
-565
-526
-483
-451
-395
-312
-248
-199
-144
-74
-18
19
61
86
98
92
81
91
81
87
89
96
88
108
172
205
248
282
324
353
377
417
432
422
426
419
406
391
400
416
391
373
342
315
267
221
173
148
133
88
43
19
16
18
25
-12
-40
-38
-18
-6
-13
-5
-41
-71
-99
-107
-104
-131
-121
-116
-109
-69
-54
-51
-39
-48
-14
27
30
42
30
8
-26
-72
-98
-113
-94
-78
-89
-72
-71
-86
-88
-66
-46
-30
-8
19
29
11
-5
23
59
60
79
111
106
85
84
106
109
114
160
175
168
136
111
96
60
38
33
14
6
-7
-22
-8
-1
10
35
79
107
112
112
119
109
80
74
76
52
45
2
-41
-47
-72
-56
-48
-75
-78
-77
-80
-83
-97
-123
-138
-141
-157
-188
-219
-217
-209
-188
-183
-163
-159
-195
-174
-162
-149
-148
-156
-163
-223
-275
-290
-259
-228
-201
-179
-178
-167
-139
-111
-81
-55
-16
30
48
62
70
51
76
92
83
96
74
55
53
52
39
56
61
70
80
91
146
162
151
112
97
108
129
126
125
169
193
228
260
262
252
253
242
214
175
135
111
67
13
-6
-40
-81
-100
-117
-106
-112
-124
-150
-163
-141
-115
-69
-38
0
38
17
-8
0
5
26
30
42
41
14
30
26
28
10
-5
18
31
28
-7
-32
-33
-60
-68
-79
-77
-62
-48
-23
-43
-47
-32
-32
-45
-41
-3
34
81
121
176
223
244
268
311
357
392
429
419
431
446
429
423
395
353
298
225
118
4
-89
-190
-254
-306
-367
-392
-405
-397
-378
-352
-299
-245
-205
-171
-152
-172
-194
-210
-210
-222
-246
-258
-296
-328
-358
-386
-383
-383
-366
-324
-298
-309
-313
-318
-316
-278
-241
-201
-180
-162
-122
-68
1
51
105
177
237
284
331
385
420
440
456
457
463
443
440
437
381
343
295
269
233
182
131
67
28
11
-6
-23
-26
-41
-44
-68
-94
-98
-113
-153
-220
-291
-314
-333
-331
-318
-323
-287
-255
-264
-285
-279
-272
-252
-211
-143
-79
-58
-40
-7
22
34
47
68
70
69
86
88
104
137
165
203
235
232
237
255
264
248
251
237
221
196
117
62
29
40
38
19
-25
-42
-45
-55
-49
-69
-84
-90
-83
-96
-113
-81
-41
-24
1
18
28
36
65
130
175
200
214
219
257
286
294
300
317
332
353
387
390
410
389
352
302
245
199
139
72
1
-31
-76
-98
-81
-76
-88
-87
-42
-33
-75
-96
-109
-133
-155
-178
-216
-278
-331
-391
-424
-447
-476
-474
-500
-559
-601
-586
-542
-500
-464
-432
-387
-323
-258
-184
-105
-81
-71
-68
-81
-89
-99
-112
-107
-101
-87
-40
-17
-6
38
93
119
157
217
262
304
337
382
425
427
420
399
380
353
337
331
312
298
254
209
168
132
92
50
7
-30
-80
-138
-164
-195
-218
-230
-240
-247
-238
-210
-207
-223
-256
-280
-293
-295
-278
-252
-197
-132
-73
-20
10
47
85
107
113
121
132
130
112
141
179
147
123
118
147
145
147
188
213
241
252
236
228
213
164
155
110
32
-30
-89
-162
-201
-233
-304
-303
-302
-305
-288
-265
-257
-226
-216
-200
-150
-145
-140
-130
-87
-37
24
81
93
121
152
182
212
241
262
288
324
369
418
466
493
521
545
538
539
518
478
458
452
433
395
358
332
303
263
186
134
84
36
11
3
11
9
4
15
38
48
65
87
65
12
-26
-90
-138
-200
-289
-365
-443
-505
-550
-605
-671
-750
-824
-849
-869
-867
-836
-795
-718
-659
-605
-516
-406
-332
-233
-122
-28
42
61
73
105
162
214
305
353
396
464
510
566
584
602
603
592
578
533
489
429
361
299
240
148
89
27
-76
-173
-258
-295
-311
-314
-294
-272
-275
-256
-220
-195
-168
-155
-144
-127
-118
-135
-144
-156
-172
-188
-211
-230
-250
-271
-271
-241
-222
-190
-162
-103
-35
15
44
48
73
76
82
86
87
110
108
115
136
152
189
206
213
240
287
334
395
443
451
464
456
454
432
385
359
357
341
329
284
239
184
134
117
95
59
27
9
-43
-96
-134
-143
-165
-197
-257
-299
-331
-355
-370
-390
-441
-490
-530
-568
-560
-549
-532
-500
-432
-343
-269
-211
-126
-31
74
193
307
413
497
550
619
681
698
733
713
648
593
550
517
478
420
334
256
200
139
89
31
-22
-78
-132
-189
-244
-315
-419
-509
-611
-654
-707
-763
-784
-805
-774
-761
-734
-665
-570
-483
-402
-311
-230
-143
-53
21
65
91
88
106
113
118
166
199
231
277
292
327
371
406
447
477
523
540
553
552
535
529
499
463
422
401
381
332
280
229
178
135
123
66
-4
-66
-126
-195
-246
-273
-304
-325
-361
-363
-383
-431
-463
-492
-504
-490
-473
-473
-464
-447
-430
-421
-388
-355
-330
-301
-236
-167
-126
-70
3
80
152
235
318
399
433
460
488
483
480
454
444
440
435
408
362
309
261
226
228
215
190
182
149
116
86
69
44
12
-39
-77
-99
-119
-149
-184
-202
-204
-234
-300
-358
-391
-407
-451
-470
-465
-451
-446
-430
-384
-336
-297
-246
-200
-165
-111
-42
18
72
91
93
119
112
104
80
65
61
79
90
108
125
136
176
210
234
266
275
258
252
229
207
204
206
216
232
216
223
220
217
212
198
183
177
159
120
91
22
-25
-58
-70
-63
-76
-88
-96
-102
-102
-98
-84
-53
-15
19
55
73
83
88
74
66
36
-2
-69
-127
-195
-250
-286
-310
-322
-341
-350
-345
-293
-226
-167
-92
-12
74
148
200
250
272
277
272
241
211
189
150
94
57
41
45
48
44
50
27
18
12
-24
-81
-149
-202
-242
-271
-275
-280
-275
-258
-253
-255
-264
-267
-262
-253
-224
-209
-176
-133
-129
-120
-81
-40
-9
45
93
150
175
167
173
183
161
144
154
134
96
70
29
-25
-48
-62
-67
-64
-46
-51
-60
-30
-5
25
39
68
82
52
41
58
74
76
75
54
60
80
57
66
81
60
36
16
13
27
25
26
57
63
40
46
57
39
17
9
-15
-24
-29
-55
-76
-101
-116
-147
-154
-153
-174
-185
-209
-237
-235
-244
-267
-256
-242
-241
-216
-154
-101
-65
-7
44
110
186
273
372
447
506
532
571
615
632
630
615
577
555
526
496
462
397
334
259
206
176
140
86
39
-2
-79
-154
-179
-197
-223
-236
-258
-279
-292
-319
-355
-404
-446
-453
-440
-436
-426
-402
-351
-308
-261
-184
-108
-23
29
69
103
122
145
169
153
150
149
105
79
41
22
1
-22
-23
-38
-25
-9
20
46
28
24
13
-25
-75
-114
-136
-184
-209
-207
-224
-242
-266
-271
-244
-208
-172
-121
-83
-61
-64
-76
-94
-114
-121
-114
-119
-112
-84
-62
-43
0
70
126
130
94
76
51
43
35
26
11
1
-17
-57
-66
-61
-39
-27
-16
9
39
52
61
77
114
169
228
285
298
324
339
352
337
310
305
276
266
241
210
156
116
103
53
-11
-103
-202
-275
-283
-285
-273
-266
-274
-269
-246
-203
-165
-130
-86
-49
-41
-24
10
64
89
110
123
127
130
121
103
63
38
15
6
-1
-17
8
21
30
31
21
14
18
35
21
14
17
2
-26
-29
-11
25
63
87
97
93
92
102
124
131
123
129
114
95
79
77
92
90
118
144
181
214
216
236
224
208
193
175
150
129
115
100
81
83
82
55
29
32
25
11
38
20
-2
-37
-69
-83
-119
-196
-251
-293
-336
-370
-419
-449
-480
-485
-471
-456
-445
-440
-417
-376
-317
-267
-236
-200
-193
-182
-169
-144
-99
-41
20
66
107
130
135
141
151
153
156
157
137
118
121
132
185
208
230
252
270
299
294
282
243
205
181
154
144
108
64
32
15
8
-5
-4
1
-6
-7
21
10
4
9
-13
-7
-2
-23
-25
-51
-85
-111
-126
-153
-194
-197
-205
-208
-183
-157
-152
-157
-152
-150
-162
-149
-146
-143
-138
-149
-103
-59
-25
-20
-16
19
36
76
82
106
146
158
175
227
246
226
221
212
201
188
178
156
144
140
124
125
125
134
170
210
240
244
247
240
238
233
217
193
170
146
127
104
64
31
-12
-24
-29
-67
-123
-169
-213
-269
-322
-349
-371
-397
-401
-381
-338
-311
-272
-221
-191
-150
-98
-55
-22
8
21
21
15
15
32
56
61
56
61
60
62
50
38
54
87
111
128
169
193
187
192
202
199
196
167
141
123
117
118
85
50
20
-15
-72
-99
-110
-115
-115
-140
-151
-150
-145
-150
-124
-71
-10
25
49
76
84
96
97
82
71
49
11
17
6
-2
-2
-5
3
-11
-20
-40
-87
-149
-167
-197
-234
-277
-313
-342
-372
-378
-384
-348
-345
-333
-318
-304
-265
-234
-200
-191
-171
-138
-104
-74
-62
-42
-17
8
61
110
143
190
251
299
317
341
399
445
471
495
507
505
482
463
436
415
368
288
233
195
154
90
26
-10
-39
-83
-120
-155
-155
-148
-153
-139
-123
-108
-113
-121
-89
-55
-46
-24
3
22
-3
3
16
13
6
-20
-36
-39
-13
0
41
63
94
145
155
160
181
199
200
191
157
113
88
64
33
-2
-78
-157
-218
-280
-352
-403
-447
-455
-441
-449
-433
-422
-382
-345
-314
-279
-244
-196
-159
-130
-105
-63
-14
9
32
64
87
130
159
188
223
263
292
304
303
298
295
284
289
276
281
297
303
280
249
226
193
173
151
135
96
66
37
16
-5
-38
-69
-112
-119
-126
-156
-185
-202
-191
-182
-166
-152
-139
-160
-177
-161
-183
-173
-183
-187
-192
-229
-258
-285
-289
-293
-299
-309
-312
-328
-341
-348
-332
-331
-304
-270
-220
-174
-131
-82
-30
43
82
166
222
288
356
405
477
538
565
562
562
570
542
533
521
518
531
519
519
483
443
391
326
253
193
129
43
-18
-100
-182
-232
-295
-351
-372
-402
-398
-395
-401
-389
-382
-368
-374
-353
-322
-282
-228
-207
-193
-199
-189
-156
-137
-135
-150
-164
-131
-103
-98
-62
0
52
81
117
136
153
149
125
95
84
62
39
25
27
32
34
38
53
67
73
83
111
139
141
151
151
157
132
104
83
70
52
31
21
-22
-69
-87
-117
-145
-164
-187
-203
-208
-209
-220
-212
-210
-184
-152
-128
-98
-70
-36
-11
25
53
74
82
54
10
-9
1
1
10
0
7
30
52
92
104
144
168
199
222
257
318
354
381
390
405
398
379
337
303
268
220
169
132
97
52
-1
-53
-111
-188
-264
-287
-305
-348
-344
-356
-385
-394
-351
-283
-213
-157
-88
-21
20
69
120
181
210
205
215
208
195
192
169
180
177
165
133
100
94
91
88
88
106
117
103
95
89
60
16
-20
-50
-98
-137
-150
-152
-148
-110
-107
-99
-72
-74
-57
-54
-55
-86
-125
-154
-170
-219
-280
-338
-371
-391
-409
-402
-368
-357
-346
-324
-300
-262
-242
-213
-193
-162
-141
-131
-113
-107
-90
-74
-89
-102
-100
-95
-82
-65
-28
-7
7
50
95
145
200
246
273
290
330
375
386
392
393
407
412
408
411
384
363
334
274
240
224
187
153
133
123
114
95
98
77
27
-4
-34
-48
-65
-88
-94
-106
-127
-159
-171
-189
-211
-220
-222
-208
-207
-176
-130
-108
-72
-16
9
42
97
144
181
190
196
227
259
289
302
290
286
287
245
207
183
156
139
111
101
66
27
-6
-48
-56
-64
-76
-88
-102
-121
-143
-141
-138
-151
-141
-130
-106
-76
-63
-62
-31
2
12
10
-2
5
20
8
4
12
12
41
55
49
50
66
71
88
89
64
39
-3
-16
-57
-116
-190
-237
-265
-296
-323
-327
-314
-332
-343
-349
-332
-313
-304
-269
-232
-211
-181
-147
-82
-22
40
108
148
205
235
283
301
311
310
296
290
263
246
201
179
127
61
13
-18
-51
-101
-139
-186
-212
-221
-247
-241
-230
-232
-214
-215
-232
-258
-280
-281
-296
-320
