SAMPLES:	14895
BITSPERSAMPLE:	16
CHANNELS:	1
SAMPLERATE:	16000
NORMALIZED:	FALSE
692
705
686
661
643
629
614
583
556
541
508
453
426
407
374
325
275
216
156
87
23
-14
-60
-81
-70
-83
-110
-118
-121
-139
-165
-188
-195
-193
-203
-191
-157
-133
-103
-96
-96
-84
-62
-50
-54
-33
-18
-30
-54
-58
-60
-83
-107
-101
-79
-67
-25
13
32
26
44
82
88
85
84
79
83
74
46
20
-23
-66
-115
-168
-225
-264
-309
-328
-325
-352
-365
-408
-457
-493
-519
-541
-564
-554
-562
-584
-598
-611
-594
-589
-555
-529
-515
-461
-418
-372
-338
-273
-183
-105
-35
41
114
184
260
336
408
475
516
554
590
600
593
565
549
520
482
445
413
372
328
280
243
202
130
62
3
-43
-92
-145
-205
-256
-288
-312
-322
-344
-350
-351
-358
-336
-298
-245
-205
-189
-159
-124
-96
-32
54
129
194
256
311
337
359
369
348
321
301
293
297
297
307
325
313
299
299
298
303
303
307
315
311
296
269
236
227
191
138
89
17
-28
-54
-85
-108
-141
-176
-173
-168
-165
-152
-138
-140
-157
-170
-189
-183
-186
-191
-183
-167
-164
-164
-154
-161
-177
-168
-149
-121
-88
-61
8
54
75
81
93
103
117
163
193
210
244
301
357
381
413
431
449
463
457
443
382
338
301
227
154
96
18
-50
-105
-186
-279
-376
-447
-491
-506
-487
-456
-421
-381
-334
-279
-234
-206
-134
-70
-5
53
98
124
135
156
150
148
117
88
60
14
-39
-78
-103
-125
-140
-145
-132
-100
-46
-7
6
30
38
15
2
-14
-35
-88
-163
-235
-311
-403
-476
-551
-632
-702
-778
-819
-863
-883
-862
-815
-755
-682
-589
-465
-345
-256
-137
-50
23
91
140
152
144
157
154
136
131
152
175
219
265
314
377
442
509
584
666
734
795
849
878
872
874
863
823
767
685
630
547
429
335
262
174
105
71
40
32
26
50
80
127
158
185
198
188
175
146
104
34
-22
-74
-135
-181
-226
-273
-315
-296
-291
-301
-250
-208
-154
-88
-6
77
148
189
187
163
100
40
-30
-114
-191
-274
-346
-421
-474
-507
-523
-504
-475
-452
-435
-418
-401
-378
-334
-299
-251
-214
-177
-118
-59
-20
-10
0
-5
-20
-25
-14
-6
-1
3
13
43
67
78
116
193
266
322
381
423
480
530
540
563
577
606
643
676
701
676
636
597
553
463
392
323
235
186
126
73
27
-30
-98
-164
-186
-202
-210
-237
-254
-266
-277
-294
-304
-312
-364
-418
-480
-538
-602
-645
-665
-689
-684
-682
-674
-636
-618
-585
-546
-494
-422
-357
-311
-280
-230
-180
-163
-142
-138
-143
-153
-187
-195
-199
-215
-204
-166
-119
-92
-38
33
88
150
196
233
250
270
288
298
285
265
255
233
238
228
238
226
207
183
154
151
150
164
164
180
190
200
228
278
321
354
368
361
371
372
359
335
299
243
192
148
112
80
44
26
11
4
12
21
44
50
57
86
98
105
110
98
78
70
62
21
-24
-64
-127
-196
-249
-278
-307
-351
-375
-376
-365
-340
-314
-296
-249
-212
-145
-77
-31
16
54
91
136
169
162
153
121
85
37
-24
-40
-44
-20
18
56
106
147
193
251
294
317
370
395
414
447
453
432
381
314
261
175
78
-20
-102
-172
-263
-343
-397
-436
-477
-473
-450
-423
-379
-347
-293
-239
-189
-139
-85
-38
-15
16
35
58
68
46
24
-20
-76
-134
-162
-169
-171
-194
-213
-198
-163
-125
-81
-26
-16
8
38
62
91
126
141
114
87
73
59
50
53
58
51
22
-1
-26
-53
-81
-97
-91
-92
-86
-81
-93
-101
-114
-137
-176
-200
-205
-194
-189
-178
-153
-156
-172
-182
-194
-201
-203
-197
-155
-133
-114
-73
-37
3
55
104
167
220
253
282
292
278
258
232
188
162
120
88
60
28
-10
-34
-49
-60
-48
-21
4
16
52
98
117
124
129
133
131
122
137
119
119
110
99
103
90
84
64
54
34
59
83
114
145
177
232
263
296
314
324
345
358
336
277
213
158
88
16
-50
-142
-235
-321
-385
-433
-504
-560
-574
-560
-513
-469
-422
-367
-307
-223
-162
-109
-69
-32
17
70
88
112
143
186
233
251
311
370
423
451
496
542
567
582
576
554
536
524
481
438
391
346
282
214
124
51
-14
-54
-74
-97
-77
-60
-42
-44
-49
-49
-59
-94
-125
-134
-138
-168
-207
-236
-286
-345
-367
-373
-370
-365
-366
-367
-390
-385
-382
-352
-328
-305
-284
-265
-234
-208
-185
-159
-130
-108
-94
-89
-64
-46
-42
-45
-42
-72
-79
-75
-59
-17
10
65
105
139
175
214
258
294
311
308
302
262
216
157
95
48
-9
-78
-148
-204
-249
-287
-325
-373
-389
-416
-443
-426
-409
-379
-351
-341
-304
-280
-255
-226
-188
-121
-84
-46
-17
28
71
88
135
186
208
219
225
235
238
229
230
226
232
227
253
272
293
307
290
287
249
199
147
107
64
31
28
-10
-62
-85
-97
-99
-106
-85
-67
-35
-1
26
54
49
71
108
134
138
150
166
157
151
150
161
170
176
188
201
229
240
263
310
340
354
357
369
383
400
420
440
473
518
544
561
542
502
481
460
442
409
368
312
234
149
86
40
-3
-57
-92
-131
-201
-257
-278
-310
-366
-399
-437
-498
-552
-602
-648
-669
-690
-710
-738
-730
-687
-663
-626
-569
-504
-469
-446
-413
-353
-303
-275
-209
-176
-146
-102
-49
-10
-4
31
64
93
122
131
148
152
145
148
137
131
123
114
81
27
-12
-48
-99
-129
-139
-155
-178
-210
-229
-247
-259
-279
-288
-313
-344
-366
-369
-354
-349
-333
-315
-276
-228
-218
-197
-162
-127
-85
-40
5
64
120
183
270
345
401
456
533
594
631
682
712
734
752
759
767
759
760
767
758
748
746
733
715
669
606
546
483
435
383
311
227
145
71
-23
-114
-159
-215
-267
-294
-318
-345
-374
-402
-424
-445
-458
-451
-450
-467
-478
-491
-487
-483
-486
-484
-468
-463
-464
-446
-424
-379
-329
-297
-247
-177
-128
-92
-65
-55
-45
-36
-40
-39
-53
-61
-58
-65
-79
-74
-68
-76
-56
-19
25
59
110
153
174
185
183
179
190
221
228
223
230
256
274
268
276
287
296
302
309
333
345
357
370
380
377
383
367
372
379
379
375
367
344
299
251
208
173
124
97
65
15
-24
-71
-125
-145
-186
-212
-242
-296
-343
-379
-387
-412
-437
-465
-495
-533
-560
-590
-626
-644
-658
-661
-664
-659
-648
-636
-627
-609
-584
-561
-540
-518
-496
-459
-425
-389
-335
-251
-166
-98
-20
48
94
129
171
235
274
301
309
306
319
329
339
354
393
437
476
514
545
578
595
591
587
587
580
548
494
439
412
372
332
300
265
234
204
174
154
136
117
111
103
72
44
28
-32
-40
-38
-53
-60
-71
-81
-62
-53
-79
-40
-32
-18
-16
-28
7
25
39
57
48
6
-9
-19
-50
-80
-97
-105
-107
-75
-43
-16
-29
-59
-88
-143
-175
-204
-232
-277
-318
-358
-398
-388
-387
-382
-377
-363
-341
-316
-284
-259
-198
-137
-114
-78
-45
-36
-31
-41
-45
-62
-90
-92
-87
-52
7
90
192
265
330
373
395
395
401
383
367
366
340
316
302
300
259
257
277
272
236
186
160
127
89
52
30
16
2
6
42
75
78
58
33
-9
-53
-91
-119
-151
-160
-175
-166
-149
-140
-129
-161
-177
-190
-189
-187
-184
-217
-223
-224
-213
-182
-188
-158
-138
-118
-78
-64
-69
-87
-86
-84
-86
-84
-64
-62
-66
-75
-87
-100
-136
-157
-163
-161
-169
-204
-239
-269
-306
-302
-276
-238
-205
-173
-148
-123
-84
-56
-7
42
82
127
165
192
224
247
254
257
234
216
201
196
224
271
346
424
512
558
560
528
503
456
380
324
262
215
187
152
152
152
127
101
58
18
-3
-31
-54
-67
-116
-156
-188
-210
-207
-223
-236
-247
-260
-274
-301
-334
-366
-392
-422
-426
-398
-344
-273
-208
-165
-139
-94
-80
-99
-102
-73
-64
-28
35
87
131
171
205
230
253
244
247
233
178
144
171
193
215
243
250
250
238
246
244
232
208
174
145
114
98
103
87
47
-22
-86
-133
-173
-195
-232
-267
-243
-205
-201
-192
-153
-122
-131
-110
-69
-45
-33
-51
-89
-122
-145
-157
-143
-140
-140
-121
-77
-34
-5
47
63
44
32
3
-4
-18
-30
-30
-42
-14
18
55
71
70
64
50
35
18
33
50
54
75
102
130
171
191
189
165
121
89
77
58
45
28
21
49
65
91
111
124
136
154
143
100
49
-10
-59
-93
-102
-114
-77
-36
-30
-29
-4
20
25
41
60
45
23
21
4
-27
-58
-87
-108
-134
-170
-198
-209
-227
-242
-209
-174
-162
-149
-140
-113
-94
-103
-99
-123
-150
-158
-174
-204
-218
-206
-206
-190
-187
-166
-125
-103
-81
-46
-23
-17
-19
-40
-48
-56
-55
-48
-25
35
86
110
129
168
199
223
243
251
279
292
298
271
211
178
150
129
105
104
131
154
169
203
238
269
293
291
284
260
247
223
196
159
91
50
21
-12
-45
-62
-54
-9
23
32
59
60
64
75
79
75
86
93
84
68
47
39
18
16
-5
-36
-43
-58
-81
-103
-101
-99
-111
-130
-175
-192
-203
-212
-206
-211
-204
-206
-196
-184
-174
-160
-156
-141
-139
-149
-152
-161
-153
-118
-99
-96
-79
-21
37
54
92
130
149
162
169
164
150
130
107
107
91
70
43
8
-13
-48
-74
-75
-78
-76
-65
-42
-29
-61
-89
-102
-128
-142
-164
-184
-209
-267
-288
-308
-309
-298
-295
-248
-222
-207
-165
-125
-90
-62
-47
-32
-20
9
43
70
95
128
175
207
224
241
271
306
323
322
303
275
241
185
131
81
52
44
13
10
18
3
9
19
35
70
110
137
150
147
141
123
115
113
66
14
-31
-80
-113
-135
-141
-126
-112
-87
-59
-20
13
42
70
92
126
122
107
61
3
-22
-31
-25
0
31
29
30
29
66
112
143
178
201
218
209
207
211
188
170
134
125
123
92
58
8
-31
-56
-67
-86
-109
-124
-168
-177
-185
-194
-185
-195
-186
-198
-193
-195
-190
-164
-137
-98
-86
-75
-72
-56
-59
-68
-77
-98
-88
-80
-70
-46
-16
-7
-16
3
28
64
88
99
127
137
133
104
122
125
100
108
88
73
63
41
7
-26
-63
-107
-111
-103
-94
-78
-78
-88
-93
-102
-114
-96
-71
-54
-43
-54
-47
-41
-49
-62
-50
-45
-76
-89
-105
-132
-150
-182
-217
-242
-263
-259
-261
-252
-206
-184
-153
-127
-107
-71
-56
-34
-6
21
45
84
122
135
147
179
226
258
293
330
345
362
354
349
373
402
406
386
364
317
273
248
222
192
169
162
157
141
124
120
94
57
13
-34
-85
-117
-130
-160
-193
-224
-263
-301
-326
-359
-370
-369
-344
-318
-305
-286
-282
-289
-276
-248
-239
-221
-186
-142
-100
-69
-28
23
47
63
88
121
163
191
217
238
242
220
215
182
133
123
75
23
-9
-28
-19
-25
-26
-26
-25
-7
6
18
13
-14
-51
-77
-122
-190
-247
-294
-326
-351
-379
-389
-375
-365
-350
-311
-247
-158
-86
18
129
230
319
401
501
556
608
650
694
712
709
719
724
707
670
627
592
560
495
427
379
357
323
289
236
201
147
54
-27
-97
-174
-296
-413
-536
-624
-730
-805
-840
-869
-893
-923
-918
-878
-802
-756
-690
-610
-551
-458
-376
-284
-199
-131
-66
-40
-10
8
29
81
126
166
228
283
331
368
387
413
426
440
449
448
446
432
423
421
415
394
352
301
241
170
103
54
8
-45
-93
-132
-173
-202
-240
-265
-291
-295
-281
-277
-268
-258
-236
-221
-200
-169
-153
-137
-95
-77
-66
-52
-48
-44
-55
-48
-81
-112
-115
-117
-107
-110
-96
-88
-90
-83
-45
-17
11
27
38
36
19
8
-8
-19
-55
-80
-110
-89
-58
-43
-1
14
33
46
59
79
75
56
66
81
83
115
118
142
152
152
190
210
222
234
261
273
298
326
345
383
416
414
401
397
387
362
326
302
286
262
248
206
137
84
28
-34
-91
-140
-180
-215
-238
-242
-217
-187
-141
-86
-59
-38
16
71
103
137
149
158
112
60
24
-32
-88
-137
-153
-195
-253
-296
-309
-323
-338
-332
-316
-294
-258
-220
-180
-163
-161
-148
-142
-116
-100
-86
-94
-126
-155
-187
-210
-214
-204
-173
-145
-104
-33
40
98
136
180
224
271
319
373
412
441
481
497
506
490
468
449
408
372
314
233
147
47
-38
-135
-239
-305
-345
-396
-432
-450
-458
-455
-475
-449
-424
-411
-385
-358
-348
-338
-301
-269
-237
-180
-119
-62
19
103
191
246
298
355
382
389
353
300
256
196
124
48
-55
-181
-301
-407
-496
-564
-621
-665
-699
-706
-706
-700
-663
-589
-509
-402
-263
-142
-30
98
263
400
509
597
665
702
693
674
631
584
560
555
552
523
489
479
478
461
466
504
541
571
584
572
548
514
446
379
307
208
99
-13
-120
-226
-336
-411
-460
-499
-520
-508
-442
-373
-278
-175
-65
22
92
180
229
261
280
298
296
258
199
138
88
46
10
-37
-97
-134
-180
-241
-250
-256
-266
-266
-257
-240
-252
-274
-314
-347
-374
-404
-417
-447
-484
-504
-532
-552
-548
-532
-481
-429
-370
-276
-168
-56
41
119
199
276
347
397
425
456
471
470
460
442
417
382
331
287
251
204
162
134
88
51
8
-19
9
51
76
93
132
154
182
230
236
248
240
200
165
125
76
57
44
20
22
41
63
83
86
80
78
71
43
41
39
37
28
-1
-21
-43
-91
-143
-219
-308
-375
-440
-505
-555
-588
-614
-618
-617
-610
-571
-520
-452
-386
-305
-202
-137
-81
-19
24
45
74
109
125
118
103
111
106
91
85
65
52
40
57
67
64
78
80
94
82
82
97
89
94
89
89
83
68
46
30
31
30
24
5
14
15
-9
-29
-40
-32
-25
20
81
117
135
177
228
267
312
372
405
404
405
409
429
422
397
386
383
363
338
296
264
238
203
177
144
139
121
109
116
113
102
55
15
-11
-60
-135
-201
-264
-318
-364
-390
-429
-446
-455
-474
-468
-455
-457
-477
-471
-462
-429
-392
-342
-295
-282
-269
-262
-258
-238
-227
-229
-226
-220
-193
-156
-133
-123
-109
-86
-88
-74
-41
-17
8
34
53
71
92
124
176
202
224
208
173
141
118
144
124
121
117
122
135
149
195
222
261
273
283
321
340
371
419
438
481
526
538
536
528
536
488
446
424
377
291
184
85
-18
-103
-172
-210
-249
-297
-353
-388
-405
-431
-446
-461
-467
-478
-473
-462
-475
-450
-426
-389
-368
-374
-353
-338
-343
-316
-295
-260
-223
-229
-211
-227
-216
-217
-189
-149
-161
-139
-125
-102
-92
-72
-44
-33
-6
14
30
45
29
10
-4
-17
-26
-7
-5
5
34
10
58
66
114
189
217
324
335
383
424
462
522
551
604
611
607
577
554
557
542
484
453
346
261
171
131
61
-9
-49
-184
-192
-297
-295
-342
-365
-350
-416
-312
-358
-269
-271
-242
-193
-194
-71
-47
85
82
166
176
244
269
300
354
279
284
246
298
279
308
218
206
110
74
21
23
-18
-110
-126
-239
-157
-302
-264
-397
-476
-427
-560
-460
-600
-567
-582
-577
-446
-454
-372
-358
-274
-200
-5
43
193
253
353
510
607
688
748
684
721
672
650
733
574
531
315
272
179
195
132
48
-79
-231
-181
-260
-156
-221
-218
-265
-417
-322
-380
-289
-415
-486
-494
-520
-397
-423
-417
-449
-556
-450
-447
-289
-247
-326
-231
-324
-106
-64
20
75
-69
14
-99
137
28
77
-87
-197
-107
-245
15
-187
-74
-205
-183
-84
-41
89
23
108
92
214
249
325
388
354
372
397
349
471
356
307
368
122
388
191
333
241
139
160
80
289
211
274
-1
56
-52
62
172
-2
48
-181
-135
-26
-42
-2
-128
-281
-214
-273
-69
-97
-156
-170
-330
-160
-280
49
-120
75
-100
-49
200
142
633
249
491
338
420
734
577
789
485
480
450
457
547
333
236
-48
3
-41
-9
-30
-240
-321
-484
-488
-326
-363
-280
-339
-423
-222
-308
16
-53
-87
-16
-233
90
11
127
-26
-317
-266
-334
-87
-155
-308
-543
-602
-615
-490
-541
-547
-531
-679
-361
-416
-81
-2
-116
139
85
391
443
534
627
585
571
354
493
573
832
703
463
378
180
629
475
571
302
11
175
-6
397
147
100
-230
-426
-210
-250
-119
-464
-705
-758
-791
-569
-712
-722
-733
-859
-652
-825
-552
-528
-537
-471
-670
-413
-460
-245
-214
-257
-61
-74
203
321
385
509
317
524
473
704
757
487
697
358
892
730
776
775
385
865
461
876
503
358
356
-40
227
-191
-107
-391
-499
-491
-646
-598
-625
-621
-377
-496
-383
-447
-407
-100
-261
50
-348
16
-106
143
215
77
368
-71
570
134
752
528
416
674
122
719
298
581
553
445
495
299
251
444
497
657
537
255
349
380
548
455
175
-189
-201
-238
-4
-111
-425
-621
-866
-622
-478
-536
-510
-887
-756
-599
-658
-436
-811
-730
-872
-833
-570
-659
-487
-634
-601
-455
-214
-154
-7
-317
-224
-183
-44
278
15
120
-216
-56
-29
233
138
80
-120
-125
181
180
517
93
204
0
99
353
465
574
540
394
457
680
681
965
384
577
291
471
622
353
562
79
230
-15
338
318
356
76
-307
20
-115
350
-172
-182
-263
-256
211
-143
196
-210
-30
76
69
378
-34
52
-263
-179
50
-37
-84
-374
-394
-276
-175
-121
-151
-93
-170
-122
-47
96
292
124
29
-135
-147
259
144
338
-43
-178
-180
-323
176
88
121
-384
-545
-549
-253
-102
-433
-516
-1141
-728
-837
-553
-482
-949
-717
-1167
-614
-505
-290
-347
-652
-382
-451
83
15
155
83
-147
147
40
679
657
846
610
478
747
988
1304
1144
888
649
698
891
1047
1037
773
451
394
534
861
724
484
127
105
369
421
416
140
-113
25
-126
138
-52
-178
-237
-683
-453
-737
-414
-533
-653
-621
-810
-514
-606
-254
-538
-317
-636
-368
-182
-43
97
-292
-294
-259
38
213
246
-214
-34
-369
-6
-75
-186
-204
-530
-395
-412
-92
-253
-102
-563
-172
-281
-103
160
-267
362
-354
344
-122
255
148
-150
79
-470
359
-199
426
-210
-37
93
38
620
203
610
210
524
629
762
961
571
633
329
610
641
627
368
99
-2
81
206
37
104
-449
-296
-552
-185
-112
-145
-245
-512
-428
-353
192
56
435
-191
106
-86
215
646
255
524
-336
-2
-71
241
401
68
-62
-223
-191
-23
17
32
-21
-190
-223
-246
-39
-18
97
-310
-271
-566
-374
-218
-383
-372
-695
-751
-635
-758
-617
-716
-862
-585
-789
-489
-441
-478
-280
-326
-264
63
-278
104
-194
-88
199
-13
455
158
402
325
451
413
559
471
518
483
203
508
261
626
405
237
106
74
253
368
454
277
318
32
335
324
316
238
-125
-117
-70
-4
194
59
58
64
-86
-2
17
113
394
326
374
326
279
510
488
599
415
237
23
-209
-126
-107
12
-134
-407
-315
-382
31
-23
-181
-249
-605
-321
-459
-338
-240
-493
-272
-608
-476
-447
-494
-346
-699
-630
-776
-569
-184
-48
26
-305
-239
-93
275
344
74
26
98
532
825
786
836
606
696
690
711
1050
913
796
336
217
396
552
418
81
-362
-391
-190
-239
-22
-412
-257
-587
-417
-475
-315
-267
-445
-392
-643
-283
-411
126
107
374
44
174
-33
264
171
86
146
-107
527
11
512
-79
466
258
-71
-217
-982
3
-371
167
-609
-792
-656
-575
30
-428
-264
-821
-529
-608
-129
39
-72
-209
-558
-237
-77
486
353
335
-20
124
396
644
959
394
455
-166
350
309
603
338
21
-54
-135
395
66
405
-647
-446
-854
-352
-79
-341
-225
-971
-485
-821
-265
-619
-745
-1042
-1271
-695
-701
123
-152
-76
-289
-124
368
573
715
564
436
437
858
966
1395
1166
1147
1019
868
1110
888
901
665
605
548
788
721
778
533
275
609
280
718
-15
43
-153
143
524
157
142
-489
-267
-325
-160
-323
-598
-570
-714
-421
-440
-458
-302
-622
-450
-734
-692
-451
-335
13
-231
-695
-817
-765
-310
-110
-534
-968
-1492
-1352
-1081
-981
-1054
-1237
-1273
-1294
-966
-831
-342
-391
-223
-100
-79
576
699
1299
1135
1324
1113
1246
1540
1770
2042
1551
1806
1616
2238
2261
2083
1804
1344
1602
1401
1247
800
632
640
553
265
-25
-199
-183
-345
-605
-851
-1033
-889
-1429
-1592
-1904
-1739
-1719
-2190
-2236
-2608
-2054
-2007
-1878
-1997
-1890
-1422
-1298
-781
-850
-210
-281
0
385
450
1124
321
273
40
457
1235
517
228
-498
-35
241
55
84
-180
-119
-1125
-1746
-1237
196
1858
247
-2144
-3326
-857
2838
2997
653
-2341
-1764
1432
3828
3594
1897
1297
1752
2436
3097
4121
4532
3701
1972
583
1512
3240
4042
2694
347
-635
-524
524
1379
1020
-287
-2445
-3190
-2201
-83
596
-1298
-3847
-4806
-2784
-746
-259
-2043
-3753
-3793
-2906
-1325
-827
-1113
-2195
-3136
-3077
-2090
-433
177
-534
-1811
-1989
-750
887
1944
1470
201
-653
-234
1525
2757
3016
1355
-311
-528
759
2789
2952
1905
-177
-927
-165
1349
2265
1323
-385
-1994
-1529
7
1408
1472
-114
-1417
-1616
-415
1166
1530
1128
-344
-1234
-787
484
1948
1666
359
-1407
-1618
-267
1321
1615
213
-1211
-1746
-396
1206
1960
953
-675
-1502
-895
657
1556
748
-943
-1828
-1521
-70
218
-94
-1957
-2521
-2902
-1898
-1399
-1127
-1594
-2966
-3434
-3488
-1258
144
534
-1586
-3249
-2438
595
3393
3148
1110
-349
922
3652
5357
5261
4259
3592
3851
4765
5910
6795
6214
4842
2806
2521
3587
4656
4205
2212
352
-153
410
1102
935
-379
-1783
-3169
-3336
-2690
-2275
-2949
-4640
-5776
-5376
-4117
-3146
-3585
-4500
-5069
-4689
-3966
-3226
-2945
-3122
-3646
-4105
-3721
-2638
-1401
-1117
-1709
-2325
-1999
-809
467
910
534
1
-87
748
1764
2612
2651
1947
1552
1708
2518
3442
3227
2561
1553
1170
2036
2560
3345
2529
1395
838
934
2358
2425
1917
240
-642
-281
454
813
203
-391
-864
-816
-568
-248
-87
-237
-692
-1076
-953
5
469
311
-621
-1240
-956
-412
120
-238
-837
-1377
-1328
-789
-256
-26
-548
-1201
-1390
-1026
19
26
-452
-1239
-1631
-896
-891
-684
-1384
-1717
-1973
-1370
-1248
-935
-884
-1718
-1177
-1662
-143
21
-238
-153
-403
515
1336
1325
1324
1623
2356
3446
3017
3250
3642
4270
5162
4942
4468
4633
4989
5281
5101
4241
4594
4088
3881
3402
2209
2100
1496
1233
654
-394
-1133
-1946
-2436
-2173
-2496
-2968
-3857
-4693
-4584
-4298
-4580
-5103
-5900
-5802
-5519
-5515
-5478
-5896
-5485
-4928
-4513
-4173
-3879
-3342
-2700
-2220
-1727
-1325
-941
-168
252
738
1234
1448
1820
2172
2870
3228
3452
3342
3272
3415
3670
4246
4027
3791
3004
2661
2998
3245
3424
2359
1702
1301
1449
1549
852
93
-550
-426
-437
-571
-915
-1061
-1142
-1243
-1470
-1508
-1414
-1196
-1505
-1996
-2054
-2033
-1244
-1436
-1526
-1993
-1980
-1229
-914
-587
-972
-1138
-1466
-993
-697
-396
-543
-1178
-1052
-1083
-418
-90
-838
-809
-1453
-1023
-472
-841
-280
-1315
-969
-1171
-882
-29
-224
-27
-1015
-782
-599
532
1178
1235
1445
1313
2546
2571
3176
3571
4148
5183
5080
4969
5012
5738
6937
7255
6733
6535
6218
6601
6256
5557
5026
4428
3913
3072
2050
1361
748
-281
-885
-1973
-2371
-2985
-3909
-4569
-5482
-5935
-6466
-7006
-7191
-7412
-7616
-7934
-8130
-7700
-7021
-6612
-6644
-6757
-6462
-5365
-4497
-3767
-3544
-3392
-2655
-1972
-859
-245
320
651
976
1872
2503
3331
3338
3445
3424
3673
4187
4442
4537
4163
3818
3720
3771
4216
4201
3555
2853
2069
2293
2076
2118
1441
721
362
16
235
-7
212
-126
-496
-829
-929
-422
-368
-426
-895
-1197
-921
-588
-412
-360
-491
-461
-467
-499
-332
-562
-579
-1021
-1280
-1440
-1270
-1343
-1357
-1816
-2055
-2201
-2290
-1912
-2133
-1985
-2510
-2459
-2510
-2037
-1810
-1874
-1734
-2063
-1565
-1763
-1137
-1347
-1265
-1033
-1495
-642
-881
279
38
123
300
462
1310
1831
1915
2156
2625
3452
4370
4724
5666
5916
6368
6577
7044
7496
8265
8221
7726
7308
6964
7011
6335
5632
5042
3943
3472
2186
1212
361
-642
-1534
-2821
-3540
-3925
-4565
-5205
-6037
-6518
-6592
-6566
-6917
-7234
-7510
-7569
-7503
-7659
-7340
-7320
-6864
-6743
-6523
-6143
-5488
-4947
-4349
-3790
-3313
-2611
-2065
-1096
-285
481
1279
1599
2309
2914
3587
4054
4337
4716
5053
5218
5447
5033
5221
4907
5021
4616
3841
3744
2808
3347
2265
2340
1576
1365
1473
638
919
-228
511
-20
215
-46
-319
158
-269
13
-473
-286
-292
-57
-366
-541
-876
-920
-1226
-1547
-1678
-1846
-1890
-2265
-2298
-2297
-1973
-1961
-2112
-2423
-2357
-2360
-2106
-2587
-2153
-2388
-2073
-2158
-2317
-1862
-2199
-1537
-2032
-1643
-1882
-1263
-1363
-878
-838
-527
-277
-686
324
51
1363
1303
1938
2393
2778
3989
3973
4461
4369
5551
6091
6800
6691
6695
7086
7423
8290
7517
7176
6636
6589
6312
5948
5431
4680
3549
2840
2030
1303
816
-56
-1250
-2530
-3193
-3665
-4205
-4979
-5789
-6888
-7593
-7897
-7991
-8154
-8387
-8941
-9158
-9166
-8569
-8014
-8053
-7947
-8072
-7182
-6567
-5615
-5108
-4810
-4203
-3695
-2538
-2083
-1117
-692
28
603
1340
2356
2887
3828
4107
4728
4945
5594
6158
6068
6414
6043
6263
6215
5894
5784
4900
5259
4807
4618
4276
3453
3919
2773
3294
2033
2457
2131
1751
1531
338
1174
378
1072
-284
-384
-776
-857
-645
-1597
-1244
-2098
-1897
-2653
-2720
-2699
-2590
-2664
-3256
-3384
-3469
-2900
-3213
-3037
-3689
-3346
-3739
-3445
-3592
-3193
-3310
-3532
-3619
-3940
-3105
-3395
-2848
-3686
-3113
-3145
-2476
-2618
-2295
-1356
-1734
-41
-1322
174
-30
1416
2553
2273
3441
3305
4777
4851
6267
6265
7312
7269
7802
8160
8454
9507
9384
9384
8938
9198
9116
9012
8324
7665
6759
5791
4948
3591
2940
1869
742
-896
-2217
-3074
-3773
-4575
-5632
-6576
-7436
-7835
-8428
-8741
-9122
-9079
-9383
-9570
-9860
-9502
-9378
-8938
-8989
-8831
-8513
-8108
-7170
-6862
-5899
-5510
-4508
-3929
-2860
-1954
-983
52
830
2065
2542
3817
4127
5102
5491
6029
6530
6350
6765
6177
6676
6047
6899
5958
6051
5084
4779
5298
4572
5477
3559
3825
2826
3318
3329
2680
2720
1338
1662
716
1094
387
11
-289
-1504
-1621
-2437
-2259
-2682
-3067
-3442
-3939
-4160
-4069
-3963
-4183
-4294
-4576
-4499
-4271
-4004
-3471
-3972
-3724
-3915
-3474
-3187
-3092
-2758
-3070
-2549
-2691
-2174
-2348
-2108
-1790
-1760
-1553
-1446
-1228
-692
-557
64
96
284
832
1150
1868
2306
3192
3665
4195
4594
5161
5500
6249
7181
7806
8048
8194
8389
8773
9547
9958
9901
9123
8905
8710
8483
8127
7126
6035
4440
3417
2210
1348
209
-1060
-2888
-4466
-5363
-6014
-6550
-7631
-8415
-9415
-9698
-9922
-9873
-10033
-10058
-10173
-10062
-9807
-9185
-8553
-8303
-8230
-8266
-7782
-7041
-6278
-5605
-5177
-4623
-3790
-2790
-1742
-754
143
972
1928
2905
4283
5018
6036
6505
7221
7836
8319
8873
8685
9080
8551
8852
8095
7973
7396
6371
6383
5216
5627
4525
4050
3043
2262
2399
1856
1888
808
440
-376
-338
-576
-1061
-1369
-2361
-2818
-3601
-3705
-3871
-4190
-4812
-5559
-6165
-6136
-5874
-5894
-6097
-6389
-6349
-6054
-5802
-5346
-5174
-4633
-4361
-4114
-3963
-3548
-3034
-2741
-2556
-2493
-2174
-2160
-1957
-2271
-1944
-1882
-1540
-1434
-1516
-812
-862
121
92
1240
1456
2131
2392
2913
4482
5442
6743
5950
5933
6265
8194
9778
10075
9311
8597
9065
10252
11213
10984
10156
9462
9167
8968
8853
8628
7817
6376
4477
3390
2734
2699
1661
-307
-2353
-4051
-4743
-5436
-5970
-6949
-8524
-9982
-10754
-10603
-10134
-10349
-11315
-12572
-12543
-11636
-10336
-10195
-10397
-10368
-9786
-8455
-7446
-6320
-5820
-5435
-4765
-3979
-2626
-1331
-540
-129
155
1047
2523
3685
4571
4835
5108
5742
6620
7825
8293
8545
7888
7897
8402
9137
9738
8183
7589
6432
7126
7752
7100
6498
4058
4038
3626
4243
4008
2963
1955
368
511
151
615
-319
-1318
-2525
-3839
-3889
-4042
-3882
-4604
-6129
-7332
-7694
-6959
-6093
-6702
-7397
-8121
-7659
-6628
-6023
-5596
-5948
-5647
-5615
-4677
-4203
-3418
-3345
-3523
-2992
-2644
-1525
-1872
-1657
-1736
-1052
-482
36
-234
-136
378
837
2188
1852
3095
2181
2997
3201
4580
5761
6992
7243
5320
5337
6069
10039
10577
9912
7424
6590
8880
11219
11997
10009
8755
8296
8710
8474
9085
8650
7172
4522
2045
1828
2529
2972
362
-3040
-5414
-5571
-5799
-5724
-6858
-8503
-10771
-12368
-11841
-10541
-9334
-10513
-13108
-14191
-12505
-9668
-8324
-9599
-10617
-10518
-8802
-6809
-5592
-5224
-5557
-5597
-4809
-3079
-1314
-63
-177
-786
45
1769
4358
5429
5778
5050
5039
6173
8034
9312
9395
8653
6829
7406
7652
9793
8850
7751
5602
4386
5646
6090
6647
4102
3001
1849
2803
3509
3460
2771
983
896
195
971
1208
1025
-219
-1910
-2708
-2459
-1786
-2023
-3338
-5715
-6207
-6372
-5440
-5702
-6336
-7629
-8488
-8168
-7502
-6350
-6793
-7081
-8140
-7525
-5924
-4777
-4142
-4803
-4864
-4049
-2978
-1561
-1221
-1567
-917
-940
723
720
1446
1889
1786
2898
2475
4068
3480
4999
4667
5387
6057
7858
9123
6979
6522
6724
9802
10819
10117
7576
6502
7870
10305
10140
8561
8051
7045
6940
5973
6649
6692
5507
3449
503
-346
706
1456
-478
-2869
-5303
-5985
-6506
-5523
-4938
-6250
-8421
-10521
-10301
-8295
-6465
-7310
-9750
-11644
-10427
-8272
-6962
-7486
-8976
-9858
-9468
-8001
-6454
-5799
-6467
-7018
-6932
-5320
-3142
-1983
-1676
-2369
-1818
-224
1892
3847
4465
3893
3697
4470
6808
8717
9162
8250
6582
6600
7953
9601
9770
8359
6078
5349
5827
7571
7912
6776
4858
3382
3860
5110
5971
4899
3462
1595
1134
1870
2481
2581
329
-1767
-3236
-3708
-2409
-2595
-4283
-6782
-8630
-8330
-7504
-7319
-7626
-9243
-10019
-9681
-8486
-6548
-6148
-6840
-7672
-7789
-5943
-3534
-2949
-3361
-4397
-3910
-2201
-1310
-363
-804
-1593
-1360
-267
880
1996
1419
1327
1983
2137
4892
4423
4856
5293
4831
6944
6563
8889
9879
7721
6653
6605
9723
11979
10833
7705
5556
6404
9863
10261
7147
5128
4643
5370
5341
4364
4327
3275
1477
418
-1268
245
1257
-473
-3253
-5908
-4861
-3914
-4659
-5442
-7170
-8396
-8929
-9394
-8379
-7999
-8591
-10191
-11950
-10746
-7966
-6739
-7884
-9813
-9512
-7162
-5391
-4455
-4852
-5369
-4862
-3854
-2283
-915
-213
-777
-1521
-1065
1334
3132
3370
3051
2299
2951
4270
5837
6740
6525
6148
5860
6425
8591
9967
9374
8114
7169
7984
8726
8773
8479
7151
6642
5728
4753
4779
4813
4313
2058
-319
-1039
-207
70
-1234
-3753
-5364
-5408
-5042
-5230
-6171
-7314
-8001
-7855
-8009
-7253
-7056
-7100
-7970
-8490
-7567
-6977
-6011
-5794
-6119
-6456
-6285
-5172
-4173
-3580
-3265
-3658
-3473
-1975
-616
694
280
1162
1779
2053
3829
3092
4986
4358
4435
4990
4455
6433
5455
5952
5222
6803
6812
5752
4843
5478
8740
8530
7813
5459
6034
8277
9940
9276
7566
7209
8320
8111
6682
6631
6432
5837
3026
929
402
422
123
-2552
-4768
-5729
-5812
-7035
-8199
-8708
-8640
-9344
-10813
-10974
-10199
-8814
-9186
-10384
-10752
-9071
-7596
-7293
-8102
-8389
-7508
-6903
-6526
-6401
-6269
-6067
-6382
-5682
-4311
-3022
-2133
-2332
-2026
-825
1445
3158
4021
4611
5376
6086
6672
8625
9904
10470
9903
9147
10218
10579
11313
11363
9454
8863
7949
8507
8956
7743
7191
5294
4571
4571
5235
4186
2381
1082
549
1219
-242
-840
-2485
-3580
-3800
-5247
-5880
-6330
-6934
-7585
-9381
-10195
-9407
-9403
-8631
-9717
-10038
-9663
-8913
-7830
-7092
-6473
-6103
-5627
-5523
-3744
-2853
-1839
-2302
-2532
-1666
-656
-70
61
-292
-892
-402
-361
1039
618
1230
1210
79
1598
2534
4374
4995
4724
6791
6312
6772
8024
9919
11912
11321
10311
9800
11035
13256
14476
12344
10549
10373
10849
10880
9374
8349
7583
5560
4409
2724
2071
2217
222
-1794
-4000
-4407
-3980
-5648
-6563
-7760
-8368
-9135
-10065
-10284
-10595
-10757
-11852
-12682
-12762
-11588
-11015
-11844
-12609
-12446
-11045
-10180
-9901
-9773
-9632
-8695
-7442
-5846
-4727
-4014
-3423
-2677
-1535
-35
1351
1995
2453
3658
4594
5304
5415
6215
6936
7135
7638
7806
9178
8137
9533
8410
9292
9933
9248
10561
8477
10184
9211
9418
8324
8459
8558
7301
6647
4490
5173
3412
2823
1032
-889
-1151
-1896
-3402
-4483
-6152
-6006
-6538
-7677
-7258
-8244
-7717
-8367
-8094
-7915
-7021
-6767
-6581
-6511
-6354
-5208
-5668
-5230
-5107
-5150
-4590
-5470
-5087
-4915
-4734
-4291
-4612
-4684
-3987
-3934
-2720
-2789
-2437
-1212
-1013
363
773
1661
3438
4003
6599
6011
5604
6112
8293
11089
11076
10213
8916
10544
11652
14096
12391
11723
11680
11883
12374
11241
10925
10753
9140
7868
6669
5699
6106
4037
2177
-44
-1748
-1933
-3754
-4908
-6454
-8332
-9697
-11024
-10973
-10771
-11362
-12541
-13549
-12959
-11671
-10640
-11089
-11303
-10561
-9357
-7895
-7732
-7093
-6847
-6547
-5974
-5530
-4581
-3930
-3918
-3929
-3946
-2922
-2035
-1127
-1044
-661
-183
588
1862
2857
3984
4264
4628
5227
6789
8163
8388
8402
7896
8672
9534
9800
10001
8952
8913
8552
8439
8548
8164
7539
6333
5309
5183
5090
4745
3388
2126
1362
1160
859
-493
-1205
-2716
-3097
-4065
-4874
-5271
-6122
-6694
-7476
-8215
-8193
-7916
-8148
-8241
-9016
-8661
-8423
-7685
-7388
-7210
-6958
-6950
-5638
-5368
-4235
-4422
-4662
-4256
-3951
-2682
-2189
-2269
-2042
-1752
-1541
-138
-138
1095
2059
2353
4585
3453
5148
6010
8291
9791
9705
9783
10183
12286
13159
14489
12391
12442
12548
12799
13081
11280
10684
9853
8599
7919
5971
5071
4307
2896
1539
-454
-1367
-2045
-3241
-4092
-5286
-6418
-7254
-8002
-8305
-8841
-9406
-9993
-10393
-10277
-9766
-9847
-10508
-10827
-10463
-9389
-8984
-8786
-8820
-8522
-7714
-7006
-6278
-5741
-5101
-4553
-4126
-3948
-2779
-2038
-1181
-866
-344
452
1453
2263
3039
3397
3864
4879
5463
6594
6557
6991
7097
7627
8486
8912
8856
8689
8593
8390
8555
8014
8539
8071
7303
6478
5515
5607
5488
4752
3425
2142
1621
1823
825
-471
-1570
-2342
-3017
-4078
-5250
-5550
-5999
-6499
-7479
-8802
-8616
-8331
-8324
-8763
-9507
-9191
-8444
-8184
-7594
-7950
-7055
-6718
-5557
-5394
-4392
-4087
-3822
-3490
-3287
-1489
-1374
-818
-1630
-940
-568
887
612
1161
1777
2790
5095
3705
4888
5081
8125
9720
9578
9331
9387
11410
12732
13640
11968
12346
12154
12727
12021
10395
10097
8962
7971
6395
4821
4129
3629
1956
644
-1156
-1525
-2123
-3318
-4114
-5127
-5495
-6002
-6682
-6944
-7135
-7593
-8363
-9275
-9298
-8935
-8867
-9688
-10200
-10461
-9584
-9289
-9161
-9259
-9282
-8573
-8221
-7342
-6764
-5754
-5147
-4755
-4447
-3697
-2514
-1478
-963
-732
-531
223
1316
2400
3108
3339
4125
4623
6497
6585
7803
7618
8146
9169
9136
10593
10101
10743
10026
9842
9695
9934
9956
8777
8001
6565
6667
6390
5330
4583
2613
2102
1226
-147
-366
-1411
-1769
-3041
-4707
-5207
-5372
-5229
-6007
-7599
-8723
-8596
-8320
-8616
-9287
-10075
-9560
-9518
-9383
-9089
-9263
-8413
-8183
-7987
-7253
-6496
-5200
-4822
-4844
-4073
-2734
-2006
-1455
-1724
-1028
-93
639
669
1420
1930
3889
4256
2943
3790
4675
8372
8593
8000
7537
8841
11587
13064
12745
11573
12399
12967
13565
12224
11350
11341
10582
9472
7827
6534
6311
5127
3335
1705
384
438
-1107
-2345
-3358
-3779
-4232
-5232
-6256
-6539
-6730
-7274
-8099
-9031
-8660
-8502
-8712
-9862
-10329
-10267
-9827
-9925
-10276
-10285
-10188
-9556
-9312
-8669
-8008
-7128
-6433
-5896
-5268
-4214
-3010
-2127
-995
-587
256
718
1752
2578
3401
3619
3977
4395
5313
5978
5909
6414
6647
7637
7793
8149
8438
9010
9100
9236
8986
9382
9933
9472
9005
8025
7886
7846
6699
5604
4201
3446
2825
1588
664
-52
-724
-1860
-3091
-4286
-4145
-4582
-5002
-6263
-7292
-7119
-7070
-7200
-7679
-7951
-7789
-7394
-7723
-7330
-7185
-6610
-6434
-6398
-6130
-5697
-4906
-5128
-4517
-4907
-3786
-3251
-3645
-2105
-3363
-1578
-2390
-1205
-386
365
1144
1815
2346
2538
4463
4665
6798
6350
7259
8269
8836
10180
11075
10937
11324
11247
11441
11968
10799
11134
10253
9379
8851
7418
6649
5580
4587
3220
1870
517
238
-1124
-2158
-3057
-4069
-4539
-5402
-5952
-6504
-7082
-7281
-7811
-8316
-8617
-8866
-9111
-9761
-10040
-10249
-10038
-10207
-10231
-10399
-10447
-10132
-9789
-9201
-8766
-8102
-7463
-6923
-5918
-4953
-3543
-2554
-1609
-776
253
1387
2750
3315
4691
4864
6324
6886
6989
8170
7388
9383
8625
9500
8878
9254
9536
9254
9416
8186
9413
8127
9004
7636
7058
7201
6116
6056
4383
3788
3235
2605
1352
655
-119
-478
-1560
-2826
-3696
-4128
-4381
-4974
-5815
-6655
-5912
-6714
-6676
-7500
-7443
-6660
-7374
-6941
-7206
-6341
-5796
-5541
-5899
-5907
-5191
-5091
-4323
-5260
-4602
-4345
-3872
-3578
-3177
-2857
-1968
-2444
-1350
-433
392
2113
863
1988
2220
5278
6244
6958
6409
7425
8894
10049
11506
10243
11204
10652
11189
11274
10567
10899
10070
8959
8344
7474
7268
6919
5179
4355
3003
2854
2389
1266
452
-625
-1483
-2230
-2607
-3750
-3945
-5581
-6241
-6902
-7215
-6959
-8237
-9362
-10226
-10433
-10188
-10093
-10661
-11058
-11498
-11169
-10513
-10384
-10338
-10132
-9811
-8762
-7755
-6963
-6157
-5769
-4467
-3479
-2436
-1562
-486
248
1548
2473
3695
4733
4754
6059
6170
7659
8193
8505
8683
8682
9674
10259
10480
9745
9786
9492
10000
9680
8984
8376
7410
6885
6463
5260
4824
3564
2328
1635
305
458
-533
-1255
-2482
-3377
-3862
-3778
-3751
-4351
-4553
-5794
-5449
-5370
-4907
-4711
-5703
-5948
-6298
-5596
-5316
-5164
-6312
-6378
-6964
-6303
-6172
-6140
-6389
-7241
-6764
-6726
-4919
-5466
-4455
-5805
-4650
-3448
-1542
196
-1038
-54
273
3696
5083
6222
5908
6204
7817
9766
11433
11294
11637
11418
12002
12133
12797
13005
12634
11284
10235
9838
9992
10053
8238
6390
4341
4131
3558
2858
1320
-473
-1786
-3050
-3297
-3798
-4266
-5683
-7191
-8401
-8407
-7909
-8084
-9374
-10949
-11433
-10789
-10022
-10035
-10957
-11565
-11614
-10785
-10106
-10000
-9874
-9900
-9143
-8420
-7281
-6592
-5878
-5212
-4545
-3159
-2196
-660
-98
861
1717
2866
4620
5343
6095
6336
7278
8707
9693
9955
9676
9861
10438
11289
11130
10461
9976
9582
9892
9426
8576
7709
6680
6301
5518
4871
4223
3207
2286
1445
907
484
50
-728
-1639
-2603
-2932
-2963
-3203
-3899
-4662
-5634
-5751
-5585
-5697
-6035
-7345
-7404
-7705
-7177
-7258
-7287
-7990
-8335
-8019
-7732
-6539
-7041
-6497
-7576
-6779
-5854
-4225
-3647
-4517
-4502
-4309
-1430
-786
1217
-533
69
695
3403
5613
5658
6089
5623
7688
8874
11344
11212
11553
11017
11600
12411
12828
13392
12493
11389
10260
10243
9981
9883
8091
6637
4729
4118
4100
2934
2120
-118
-1044
-2385
-2664
-2856
-3631
-4775
-6395
-7054
-7166
-6761
-7018
-8414
-9661
-10364
-9788
-9174
-9621
-10446
-11692
-11388
-11132
-10336
-10514
-10907
-10929
-10916
-9750
-9229
-8314
-7920
-7420
-6574
-5385
-3983
-2484
-1879
-639
20
1860
3204
4257
4916
5006
6416
7190
8704
8424
8794
8830
9605
10469
10238
10571
9658
10293
10051
10060
9653
8842
8865
8013
7680
6828
6488
5698
5071
3839
3131
2146
1551
896
-362
-1322
-2467
-2730
-3294
-3888
-4865
-5593
-6017
-6084
-5909
-6382
-6531
-7152
-6725
-6528
-6222
-6306
-6341
-6627
-6121
-6220
-5721
-5546
-6432
-5434
-6845
-5012
-5487
-4717
-4568
-5660
-3725
-3947
-1088
-1869
-967
-1144
946
3294
4299
5571
4886
7026
7889
10175
10557
10729
11156
11438
11686
12017
11820
12054
11155
9957
9417
8572
8908
7962
6721
5256
4249
4090
3096
2559
1112
425
-1100
-1655
-2344
-2811
-3217
-4665
-5631
-7084
-6709
-6926
-7379
-8798
-9946
-10272
-10156
-9956
-10294
-11357
-11749
-11971
-11038
-10736
-10600
-10645
-10790
-9982
-9335
-8210
-7716
-6927
-6309
-5442
-4370
-3637
-2061
-1553
-236
318
1271
3452
3139
5357
4540
6406
7026
7778
8494
8087
9140
9381
10668
9751
10538
9905
10491
10535
9639
9852
8941
8883
8444
7359
6769
6305
5248
5023
3428
2946
2173
1218
910
-308
-668
-1832
-1848
-2938
-2930
-4106
-4576
-4591
-5174
-4688
-5486
-5730
-6124
-6236
-6132
-6477
-6887
-7454
-7098
-7661
-7075
-7853
-7729
-8192
-8154
-8075
-7253
-7412
-6899
-6882
-6492
-4659
-4374
-1845
-2933
-1543
-772
2034
3684
4829
5490
6385
7988
9549
11560
11414
11840
12149
12417
13050
13005
13411
12818
11260
10913
10358
10081
9857
8481
7205
5877
5290
5516
3904
3298
1804
626
-457
-1228
-1621
-2533
-3909
-5097
-6066
-6958
-6404
-7331
-8204
-9528
-10193
-10252
-10188
-10361
-10493
-11365
-11646
-11109
-11162
-10002
-10528
-10100
-10324
-9589
-8553
-7857
-7426
-6741
-6365
-5737
-4640
-4100
-2907
-2267
-1295
-599
493
1282
3612
3180
4470
4907
5570
7633
7233
9047
8449
9285
9913
10336
10418
10453
10937
10061
10659
9474
10106
9675
8370
8629
6254
6405
5510
4617
3802
2457
1837
1313
442
-196
-836
-1825
-2037
-2794
-3171
-3823
-4095
-4945
-4874
-5752
-5811
-6337
-7032
-6382
-7532
-6888
-7409
-7739
-6993
-7953
-6355
-7887
-6754
-7276
-6985
-6550
-6354
-4852
-5853
-4303
-5451
-2682
-3492
-647
-953
-1055
230
1505
4055
4617
5139
5626
6790
7776
10594
10072
10975
10931
11709
12242
12193
12173
12272
10688
10434
9789
8731
8933
7608
6631
5165
3954
3612
2724
1257
1011
-1032
-1704
-2436
-3060
-3210
-4404
-5240
-6511
-6902
-7163
-6740
-8271
-8561
-9509
-9591
-9429
-9597
-9778
-10463
-10629
-10475
-10110
-10102
-8961
-9220
-8747
-8285
-7501
-6640
-6088
-5657
-4716
-4610
-3460
-2694
-2151
-1284
-383
478
960
1790
2341
4037
3619
5064
4965
5393
6983
6940
8103
7556
8014
8508
8961
9438
9779
9706
9078
9794
9285
9550
8921
7710
7604
6319
6538
5754
4685
3827
3086
2226
1739
671
-288
-819
-1540
-1951
-2756
-3613
-3929
-4533
-5253
-5426
-6129
-6526
-6594
-7223
-7082
-7995
-7807
-7831
-8510
-8334
-8740
-8388
-8809
-7843
-8930
-7504
-8717
-5969
-6394
-5198
-5047
-4392
-2634
-1456
753
-155
1316
1341
5112
5386
6686
6645
7450
9171
10685
11669
11553
11799
12614
13335
13080
13326
12744
12828
11781
11276
10101
9671
8892
7908
6171
4563
3714
2388
1956
289
-497
-2863
-3145
-4392
-4146
-5527
-6272
-7891
-8521
-8180
-8404
-8413
-9929
-9670
-10657
-10059
-10756
-10410
-11164
-10934
-11119
-11108
-10903
-10520
-10098
-10209
-10380
-10276
-9465
-8826
-7761
-7359
-6811
-6177
-5149
-3706
-2481
-1130
-228
728
1722
3238
4754
5903
6959
6604
8139
7713
9678
10075
10524
10496
9843
10447
10797
11658
11391
11061
10090
10432
10684
10753
10520
9374
8795
8490
7673
7804
6315
5850
4703
3405
2436
1248
498
-444
-1828
-3300
-4585
-5549
-5644
-6369
-7267
-8722
-9343
-9941
-9123
-9261
-9491
-10164
-10508
-9700
-9025
-8539
-7947
-8875
-8135
-7986
-7130
-6146
-6905
-4935
-6253
-4584
-5726
-3265
-3407
-1157
-988
-1611
-25
688
5177
5150
6151
5717
7393
9412
12439
12371
12986
11925
13279
13936
13887
13834
13130
12311
10715
10553
9019
9777
7855
7194
4746
3635
3655
3121
2447
1136
-415
-1572
-1903
-2299
-1834
-3831
-4486
-6357
-6325
-6332
-6418
-7511
-9171
-9784
-10310
-9903
-10698
-10865
-12142
-12477
-12854
-12956
-12695
-12475
-12252
-12340
-12457
-11730
-10571
-9322
-8166
-7387
-6596
-5526
-3942
-2075
-724
400
818
1845
2989
4255
6096
5489
6746
6289
7679
8396
8726
9629
9310
9989
9950
10730
11090
11876
11721
11284
11167
10674
11511
10860
10002
9501
7616
7799
6281
5848
4958
3624
2597
811
-223
-857
-1321
-2240
-3339
-4752
-5327
-5381
-5858
-6174
-7149
-8029
-8051
-8548
-7896
-8158
-8544
-8747
-9312
-8679
-8512
-7904
-8069
-8116
-8201
-7649
-7486
-7040
-6588
-6455
-5651
-5711
-4846
-4035
-2385
-1705
-39
-613
1177
2337
5097
6951
7407
8374
9343
11274
12886
14184
13694
14284
13924
14927
14525
13924
13275
12342
11116
10575
9496
8878
8242
6693
6141
4392
3930
3256
1957
1030
-309
-1530
-2548
-3539
-4517
-5416
-7221
-8031
-9374
-9920
-10290
-11198
-12035
-12696
-13142
-13052
-13304
-13550
-13400
-13789
-13297
-13304
-12996
-12472
-11952
-11274
-10674
-10027
-9000
-7975
-6926
-5243
-4268
-2961
-1872
-648
771
2077
3099
4035
4712
5585
7302
7486
8981
8674
9904
10299
11335
12062
12571
12851
13037
13636
13421
14083
13223
13183
12322
11561
11026
10038
8818
8067
6496
5526
3992
2793
2012
1043
-47
-1356
-2473
-3432
-3616
-4646
-5254
-6521
-7308
-7416
-8111
-8202
-8774
-9305
-9697
-9984
-10162
-9715
-9963
-9930
-10392
-10110
-9913
-9010
-9165
-8749
-8204
-8093
-6127
-6910
-4544
-5623
-2990
-3102
-1457
-1352
-365
1176
1697
4297
2836
4763
4070
7146
7809
8771
8367
9252
9872
11994
12765
12434
12948
12777
14314
13660
14093
13149
13462
12033
12055
10328
9587
8878
7294
6462
3852
3314
1528
715
-556
-1449
-3416
-4678
-6020
-6602
-7110
-8192
-9262
-10807
-11232
-11552
-11417
-12500
-12573
-13549
-12995
-13157
-12718
-12532
-12906
-12578
-13032
-12527
-12523
-11667
-11733
-11196
-10890
-10192
-8934
-7916
-6282
-5411
-4054
-2892
-1024
776
2824
3892
5310
6019
8005
9329
10386
11412
11393
12722
12402
13526
13184
13721
13490
13361
13196
12820
13228
12771
12636
11725
11254
10916
10114
9598
8459
7339
6479
5164
4395
2999
2060
654
-569
-1920
-3058
-4080
-5332
-6181
-7310
-8195
-9291
-10077
-10692
-11078
-11615
-12075
-12557
-12354
-11916
-11531
-11365
-11209
-10507
-9660
-8985
-8223
-7900
-7006
-6251
-5994
-5536
-5351
-4520
-3877
-3248
-2791
-2288
-1655
-232
1218
2482
3072
3720
5306
7237
9233
10157
10776
11612
13212
14789
15692
15706
16074
16493
16715
16578
15814
15521
14791
13785
12238
10879
9544
8987
7342
5809
3887
2499
1258
-136
-1369
-2750
-4327
-5888
-7065
-8179
-8611
-9809
-10826
-12286
-12856
-13172
-13404
-14284
-15045
-15666
-16095
-16023
-16309
-16338
-16514
-16622
-16245
-15888
-14917
-13973
-13263
-12373
-11553
-10089
-8461
-6773
-5161
-3527
-2052
-312
1480
3145
5066
6316
7590
8828
10062
11649
12556
13194
13613
13864
14428
14751
15034
14906
14822
14665
14625
14432
14192
13876
13097
12665
11831
11230
10266
9181
8079
6857
5544
4324
2785
1381
199
-987
-2183
-3512
-4932
-5780
-6767
-7449
-8381
-9377
-10121
-10499
-10776
-10969
-11263
-11582
-11385
-11538
-11082
-10812
-10432
-10339
-10033
-10084
-9309
-9254
-8283
-8099
-7853
-7846
-7205
-6709
-6016
-5305
-5055
-3778
-3421
-2216
-1107
33
2179
3269
3913
5091
6812
9722
11368
11919
12167
13053
14755
16634
16778
16499
16544
16442
16955
16465
16131
16181
14644
13839
12430
11652
11508
10037
8108
6044
4356
3595
2026
83
-1518
-3549
-5307
-6660
-8289
-8867
-9844
-11346
-12695
-14200
-14162
-14064
-14974
-15773
-16659
-17022
-16655
-16644
-16443
-16403
-16509
-16209
-15616
-15138
-13417
-12974
-12081
-11076
-9916
-7984
-6448
-4927
-3273
-2149
-544
1244
2716
4757
6193
7301
8335
9664
10566
12811
12693
14038
13891
13780
14988
14931
15611
15194
14524
14422
14240
13846
13349
12299
11176
10784
9303
8048
7646
5851
5648
3210
1851
1018
-378
-999
-2791
-4476
-5334
-6175
-7044
-7914
-8738
-9061
-9621
-10595
-11053
-10986
-11254
-11019
-11877
-12276
-11650
-11237
-10345
-11001
-10618
-9798
-9117
-8410
-8214
-7528
-6846
-5668
-5199
-4876
-3940
-3797
-1692
-1534
-664
360
609
2332
3014
4401
5261
7207
7172
8447
8308
10451
12559
12824
13458
13268
14027
16087
16749
16507
16737
15938
17132
15809
14863
14748
14323
13186
11338
8861
7988
7638
5830
4201
656
-383
-1775
-3650
-4926
-6770
-8116
-9993
-12083
-12791
-12870
-13364
-14147
-16262
-16847
-16218
-15753
-16083
-16886
-17611
-17359
-17133
-16665
-15809
-15774
-14873
-14911
-13874
-12478
-10741
-8893
-8506
-7299
-6162
-3788
-1803
392
1625
2522
3591
5192
7351
9188
10633
11164
11518
12436
14340
15402
17039
15729
16092
14781
15555
16254
16034
15332
13634
12840
12295
12740
11742
11160
9265
8067
7399
6251
6128
5651
3828
2356
44
-398
-459
-1370
-2781
-5116
-6600
-7154
-7710
-8811
-9679
-11060
-12219
-13339
-14062
-13091
-13302
-13940
-15044
-15546
-14496
-12978
-12677
-12970
-13338
-12729
-11078
-10309
-9243
-8593
-7996
-7224
-5974
-4922
-3479
-2564
-2092
-938
-531
1429
2384
3531
4538
5964
6725
8772
9792
10650
12016
12717
15298
16089
16945
17650
17983
18622
19736
19068
19248
18429
17907
17319
15545
14757
14195
12516
10804
8432
6127
5729
3888
2297
-478
-3312
-4277
-5903
-6914
-8423
-10442
-12192
-13505
-14651
-14605
-15291
-16098
-17103
-18461
-18098
-17635
-17503
-17730
-18408
-18547
-17781
-17181
-15877
-15345
-14885
-13908
-12608
-10702
-8764
-7226
-5880
-4462
-2950
-614
1340
3262
5102
6259
7611
8805
10654
12481
13415
13545
13536
13873
14577
15572
15524
15342
14930
14163
14240
13954
14059
13922
12483
11326
10284
10098
10314
9483
7908
6174
5211
4639
4451
3066
1791
77
-1492
-1990
-3095
-4000
-5400
-7301
-8508
-9697
-10239
-10983
-11937
-12867
-13576
-14000
-14427
-14127
-14150
-13555
-13674
-13595
-13176
-12471
-11177
-10348
-9964
-9233
-8686
-7336
-6193
-5332
-4729
-4314
-3537
-2335
-619
131
1537
1906
3406
4837
6430
7782
8640
9368
10985
11885
13458
14151
13530
13823
14116
15778
16263
15577
14461
14272
14300
15542
14732
13431
12664
11572
11491
10204
8963
8120
6458
4791
3220
1380
448
-915
-2897
-4823
-7006
-8066
-9266
-10678
-11536
-12930
-14388
-15146
-15957
-15622
-15890
-16536
-17234
-18069
-17469
-16707
-16277
-16224
-16304
-15801
-14782
-13602
-12313
-11308
-10601
-9325
-7820
-5994
-3899
-2578
-1022
292
2099
4166
5556
6870
7880
8686
9731
10739
11870
12772
13495
13811
14313
14919
15419
15961
15604
15716
15372
15517
14709
13968
13498
12426
11994
10065
8883
7494
6458
5803
4289
2924
1602
768
-209
-1053
-2216
-3486
-4468
-5762
-6121
-7036
-8042
-8807
-10178
-10829
-11333
-12039
-12427
-13583
-13833
-14033
-14279
-14173
-13977
-13430
-12872
-12063
-11913
-10862
-10512
-9353
-8282
-7720
-6029
-5142
-3700
-2276
-1194
246
1400
2326
4125
4747
6022
6828
7049
7881
8410
9154
9458
9826
9401
10837
10271
12075
11588
10885
11347
11667
13323
13525
12923
12328
12257
12456
13761
12359
11633
10421
9631
9208
8075
7085
5942
3630
1937
468
-1263
-1524
-3527
-5383
-7247
-8875
-9191
-10543
-11465
-12438
-13738
-14663
-14619
-15120
-14549
-15053
-15420
-15706
-15952
-14528
-14004
-13744
-13764
-13476
-12944
-11662
-10675
-9531
-9053
-8159
-6975
-5625
-3934
-2278
-1024
129
1607
3346
5293
6618
8331
9053
10104
11137
11939
12900
13256
13612
13352
13372
13481
13689
13276
12433
12226
11389
11179
10861
9731
9262
7788
7388
6527
5430
4808
3679
2594
1789
975
18
-587
-1620
-2252
-3019
-4177
-4428
-5788
-6794
-7439
-8927
-9219
-10096
-10734
-10775
-11481
-11207
-11332
-11529
-11193
-10815
-10667
-10087
-9700
-9233
-8245
-7958
-6689
-6307
-5673
-4295
-3668
-2476
-1453
-715
452
1040
1982
3104
3641
4478
5501
5780
6818
7147
7694
8429
8373
9161
8751
8906
9490
9641
9858
9721
9422
9159
8940
9095
9528
9062
8736
7983
7267
7302
7402
7003
5920
4602
4121
3782
3048
2689
1141
398
-1096
-1951
-2798
-3550
-4102
-5690
-7273
-8854
-9215
-9889
-10364
-11539
-12421
-13097
-13033
-12822
-12851
-12780
-12726
-12720
-12363
-11301
-10240
-9278
-9082
-8352
-7846
-6567
-5197
-3974
-3296
-2655
-1400
-486
1093
2374
3791
4548
5228
6213
7425
8719
9547
10215
10259
10868
11614
12174
12510
12395
12142
11670
10980
10826
10130
9620
8438
7120
6221
5370
5136
3538
2137
254
-320
-425
-1117
-1628
-3170
-3521
-3844
-3649
-3783
-4237
-4472
-5276
-5290
-6087
-5685
-5982
-6451
-7030
-7892
-7918
-7821
-7880
-8020
-8537
-8909
-8696
-8548
-7684
-7535
-6898
-6848
-6197
-5580
-4298
-3235
-2667
-1963
-1587
-34
935
2028
2766
2893
3352
3939
4996
6205
6421
6258
6478
6640
7310
7342
7181
6802
6419
6357
6476
6263
6019
6092
5377
6166
5886
7379
6391
5462
4896
5865
6612
6343
5563
3715
3743
3311
4259
2929
2284
1109
249
-1274
-1876
-1819
-2148
-3661
-5737
-7036
-7815
-6900
-7099
-7721
-9274
-9825
-10250
-9961
-8938
-8270
-8430
-9928
-9868
-8823
-6974
-6089
-6131
-6972
-6798
-5222
-3825
-2993
-2851
-2546
-2510
-2066
-773
629
1675
1807
1637
2237
3652
5365
6245
6201
6723
7584
8489
9333
9860
10182
9693
9314
8935
9200
9182
8865
7383
5883
5177
4952
4434
3122
2079
833
-323
-734
-782
-924
-2088
-3389
-4307
-4072
-3325
-3018
-3948
-5430
-5567
-4811
-3953
-3568
-3686
-4128
-4667
-4738
-4198
-3576
-3402
-4038
-4761
-4996
-3952
-3087
-3100
-3619
-3928
-3634
-3496
-2570
-1662
-1162
-1350
-1841
-1472
-250
1285
1759
1509
1213
1861
3109
3952
4353
4540
4419
4389
4034
4832
4888
5464
4013
3175
2963
3047
3598
2899
2551
1804
1914
1563
1578
714
852
384
752
424
1646
1059
320
-521
-92
1213
777
530
-1035
-712
-594
495
6
-398
-808
-1284
-1687
-2193
-1686
-1358
-2027
-3224
-4045
-3926
-2769
-2613
-2906
-3695
-4155
-3939
-3929
-3209
-2880
-2963
-3870
-4096
-3470
-2049
-1105
-1768
-2436
-2437
-919
364
1098
1127
1135
1246
1656
2762
3483
4025
3504
2810
2631
3620
4658
4817
4078
3399
3584
3890
4631
4434
4209
3193
2737
2547
3018
3144
2764
1681
483
295
586
549
-75
-1103
-1827
-2075
-2332
-1331
-2103
-1902
-4084
-4011
-4121
-2893
-2420
-3282
-3907
-4510
-3063
-2370
-1522
-1750
-1966
-2125
-2049
-1255
-239
-130
-292
-1559
-1218
-814
233
264
-620
-1162
-1380
-847
-453
-230
-428
-1001
-1349
-1528
-413
463
689
379
-312
706
1494
2696
2698
2448
2483
2583
3160
3231
3776
3143
2790
1796
1988
2536
2578
1868
882
747
610
1010
356
-74
-435
-652
-473
-334
-925
364
-779
-788
-1312
-649
704
216
-304
-910
-643
47
1151
432
625
279
410
875
625
1204
1566
175
36
-703
-71
607
-195
-732
-1613
-1814
-1310
-1654
-1831
-1812
-2348
-2429
-2422
-2042
-1163
-1284
-1711
-1851
-1846
-490
-341
-219
-665
-615
-193
97
521
637
697
384
441
573
1195
1472
1268
877
839
1273
1455
1508
1291
1056
934
862
908
1275
1072
832
108
-246
-70
60
8
-658
-935
-1074
-1003
-733
-895
-563
-997
-1262
-1289
-1263
-304
-439
-363
-955
-719
-148
629
708
697
517
479
1010
1200
1655
1512
1015
788
844
927
1172
286
9
-501
-564
-564
-1031
-1208
-1443
-1485
-1735
-1747
-1746
-1307
-1419
-1732
-1753
-1649
-973
-833
-781
-762
-724
-359
-118
130
205
350
28
-52
121
597
837
454
206
101
459
482
518
-52
-1
-212
258
-70
195
80
331
226
618
1059
804
1095
731
1809
1892
2413
2384
2208
2604
3060
3335
3153
3169
2971
3077
2597
2209
2212
1737
1482
682
36
-170
-477
-748
-1173
-1713
-1825
-2227
-2187
-2148
-2241
-2339
-2648
-2649
-2510
-1976
-1880
-1902
-2151
-1817
-1373
-1350
-1091
-1486
-1231
-1202
-900
-560
-486
-184
-205
-26
198
495
691
617
535
599
563
625
507
565
391
237
61
24
64
120
45
-462
-433
-485
-248
-199
-629
-344
-713
-102
-355
514
363
706
743
556
1352
1268
1857
1456
1206
1241
1359
1375
1370
1185
1065
831
641
251
333
-102
-347
-672
-1290
-991
-1380
-1490
-1707
-2204
-1853
-2269
-1910
-2316
-2173
-2286
-2256
-2084
-1996
-1508
-1703
-1442
-1636
-1277
-808
-758
-389
-479
-282
77
33
530
316
801
440
620
469
731
978
751
1159
675
1209
1217
1076
1048
773
895
947
710
705
449
650
683
851
908
1023
1051
1132
1538
1668
1995
1884
1926
2050
2273
2640
2539
2436
2357
2188
2220
1969
1982
1862
1673
1365
1079
954
803
909
295
71
-412
-655
-585
-958
-835
-1384
-1705
-2040
-2028
-2085
-2199
-2377
-2790
-2706
-2695
-2356
-2323
-2216
-2208
-2144
-1975
-1659
-1270
-1083
-796
-755
-499
-326
-107
-72
-118
-197
-7
-95
93
12
162
118
56
131
37
235
188
207
31
-56
-19
129
173
266
159
134
-75
177
224
149
-83
-328
-303
-43
283
159
80
-117
290
418
528
452
359
181
197
134
85
17
-296
-475
-864
-953
-931
-969
-1300
-1264
-1487
-1273
-1236
-1090
-895
-939
-798
-930
-690
-523
-29
44
79
48
233
509
655
677
638
687
625
786
705
972
866
955
886
945
1013
978
939
677
821
460
894
132
370
134
139
328
-73
24
-224
14
-142
270
-178
468
246
419
613
531
1144
1127
1359
1362
1672
1748
2475
2345
2621
2611
2457
2795
2388
2559
2248
1970
1725
1399
1109
1115
718
408
3
-648
-767
-1374
-1461
-1817
-2160
-2392
-2682
-2758
-2726
-2644
-2727
-2641
-2750
-2360
-2253
-1930
-1669
-1558
-1197
-1063
-669
-548
-325
-308
-58
-53
64
15
65
143
78
60
-148
-185
-286
-253
-440
-485
-714
-552
-610
-563
-642
-759
-739
-806
-732
-843
-807
-848
-774
-561
-578
-190
-493
-313
-413
-176
-18
75
108
158
344
340
629
449
732
573
634
509
674
742
933
756
692
645
684
837
640
509
287
199
116
19
5
-33
4
-126
-136
-219
-93
20
63
35
56
153
234
464
527
628
519
538
573
552
630
452
491
430
572
581
507
458
289
607
380
620
379
552
439
622
448
427
287
141
370
25
134
-179
70
-6
340
87
155
50
237
638
487
730
605
876
1148
1452
1531
1793
1799
1994
2055
1917
2185
1926
1927
1593
1303
1065
837
475
208
-289
-659
-985
-1540
-1491
-1868
-2006
-2413
-2710
-2878
-2943
-2923
-3002
-3166
-3241
-3110
-3106
-2950
-2988
-2963
-2929
-2878
-2592
-2379
-2291
-2195
-2198
-1999
-1685
-1471
-1108
-1021
-758
-463
-238
131
390
688
867
1010
1143
1418
1603
1729
1730
1569
1624
1608
1607
1519
1335
1324
1127
1160
1054
1148
1055
873
948
770
1196
1110
1324
1190
1288
1415
1567
1663
1721
1870
1783
1906
1753
1758
1675
1540
1346
1160
907
874
588
408
198
-162
-409
-763
-1012
-1210
-1452
-1709
-1989
-2231
-2309
-2389
-2483
-2578
-2643
-2703
-2596
-2547
-2376
-2302
-2138
-1866
-1612
-1202
-943
-613
-475
8
419
980
1297
1512
1762
1950
2348
2428
2566
2485
2474
2575
2495
2328
2245
1954
2072
1779
1598
1308
1097
995
879
596
468
391
263
458
317
435
507
530
662
754
867
1100
1144
1300
1402
1357
1376
1256
1153
1127
908
609
246
-282
-576
-1022
-1529
-1914
-2484
-2859
-3344
-3735
-3922
-4219
-4361
-4604
-4715
-4720
-4644
-4611
-4604
-4508
-4358
-4005
-3817
-3392
-3082
-2652
-2301
-1945
-1440
-1049
-584
-236
171
569
1063
1428
1757
1956
2243
2488
2714
2871
2893
2956
2887
2919
2819
2804
2666
2566
2341
2125
1981
1829
1733
1531
1326
1075
951
776
868
750
738
657
609
715
818
931
1070
1058
1113
1258
1324
1570
1516
1436
1289
1133
1067
965
696
403
128
-215
-392
-810
-1101
-1363
-1737
-1899
-2218
-2274
-2340
-2396
-2407
-2431
-2371
-2201
-2020
-1854
-1626
-1414
-1070
-735
-411
-93
213
422
730
1020
1372
1693
1832
2023
2128
2266
2304
2353
2210
2229
2099
1971
1917
1591
1544
1107
964
611
350
-3
-268
-583
-844
-999
-1375
-1292
-1636
-1556
-1694
-1794
-1603
-1670
-1526
-1582
-1332
-1254
-890
-986
-768
-723
-510
-145
-281
48
-168
107
-49
62
-120
-81
-311
-437
-621
-868
-796
-1192
-1236
-1685
-1655
-1866
-1900
-1946
-1914
-1846
-1812
-1656
-1579
-1229
-1070
-786
-703
-412
-67
328
666
926
1208
1406
1753
1884
2112
2182
2345
2403
2480
2489
2615
2589
2584
2453
2354
2318
2255
2225
1958
1744
1440
1253
992
798
485
203
-172
-443
-721
-1008
-1214
-1576
-1718
-2013
-1967
-2186
-2175
-2276
-2404
-2339
-2420
-2189
-2232
-2060
-2058
-1824
-1790
-1543
-1355
-1248
-989
-983
-685
-564
-422
-184
-72
64
242
385
590
772
834
1047
1131
1300
1501
1604
1773
1874
2005
2121
2333
2447
2650
2717
2760
2901
2888
2964
2870
2862
2777
2640
2487
2262
2053
1739
1499
1097
809
501
150
-84
-547
-793
-1247
-1450
-1836
-2142
-2393
-2729
-2826
-3144
-3244
-3540
-3530
-3686
-3612
-3725
-3668
-3600
-3600
-3358
-3329
-3040
-2908
-2582
-2330
-2042
-1734
-1375
-931
-597
-120
157
576
788
1226
1541
1800
2067
2201
2431
2557
2723
2738
2741
2609
2623
2513
2399
2283
2041
1883
1676
1474
1340
1106
985
808
628
521
369
272
162
33
-99
-215
-350
-414
-461
-499
-560
-647
-629
-632
-568
-540
-565
-524
-492
-407
-367
-331
-350
-248
-259
-164
-181
-196
-247
-321
-337
-439
-437
-589
-566
-723
-671
-822
-847
-918
-1007
-941
-1018
-805
-932
-719
-776
-587
-511
-371
-330
-176
23
115
452
428
774
692
864
925
1042
1061
1044
994
987
1050
957
1035
813
796
694
646
655
606
505
409
383
309
412
330
296
265
178
236
269
248
316
263
197
180
110
91
41
-79
-140
-226
-370
-366
-550
-700
-836
-1043
-1075
-1137
-1203
-1209
-1346
-1387
-1385
-1384
-1407
-1398
-1509
-1522
-1553
-1520
-1435
-1484
-1409
-1400
-1300
-1254
-1033
-1020
-827
-716
-534
-243
-85
218
437
758
914
1257
1451
1876
2075
2241
2439
2482
2752
2828
2954
2856
2921
2802
2878
2699
2560
2433
2113
1948
1595
1412
1156
925
577
270
-83
-231
-462
-677
-820
-1088
-1200
-1438
-1539
-1646
-1703
-1813
-1870
-1894
-1859
-1696
-1662
-1508
-1498
-1333
-1208
-1017
-861
-729
-607
-456
-295
-220
-5
-17
117
58
149
201
285
320
307
306
252
302
226
230
147
111
15
50
8
80
8
-93
-180
-241
-272
-310
-298
-445
-340
-541
-440
-351
-400
-231
-328
-268
-152
-151
-47
-21
-138
12
-40
-51
46
-76
61
28
-93
4
-37
-35
6
-99
-6
141
70
211
153
119
239
54
138
152
124
242
222
229
388
416
442
501
374
522
464
457
557
521
629
678
673
700
736
578
625
442
510
555
411
397
166
194
61
-50
-183
-246
-324
-399
-480
-596
-563
-679
-806
-939
-1154
-1153
-1347
-1362
-1478
-1473
-1385
-1360
-1296
-1242
-1148
-1149
-1016
-1025
-743
-484
-223
151
502
851
1260
1535
1770
2007
1965
2166
2189
2258
2414
2283
2313
2055
1876
1664
1450
1240
1080
844
553
346
-55
-212
-547
-770
-993
-1125
-1210
-1200
-1127
-1125
-929
-909
-703
-613
-608
-491
-487
-386
-245
-164
43
222
256
360
293
279
370
350
376
410
347
403
423
273
309
117
56
168
-78
-10
-236
-495
-520
-879
-982
-1197
-1522
-1577
-1833
-2027
-2057
-2215
-2231
-1992
-2254
-1863
-1913
-1794
-1361
-1450
-1082
-955
-731
-459
-187
-227
274
295
504
886
660
1033
974
930
1204
991
1050
1074
837
1032
1042
1035
1165
1000
1064
1205
1244
1427
1548
1489
1673
1784
1819
2081
1931
1990
1993
1802
1954
1755
1718
1589
1281
1061
771
500
267
-40
-456
-650
-970
-1069
-1181
-1372
-1455
-1565
-1696
-1683
-1749
-1818
-1660
-1823
-1629
-1713
-1713
-1715
-1993
-2161
-2320
-2424
-2501
-2378
-2556
-2284
-2344
-2189
-1982
-1977
-1684
-1567
-1349
-940
-532
-159
474
645
1094
1443
1644
2190
2289
2506
2788
2953
3222
3580
3560
3834
3770
3638
3786
3513
3596
3541
3251
3255
3075
2809
2778
2166
1792
1323
657
370
-182
-539
-756
-1202
-1454
-1675
-2032
-2108
-2408
-2766
-2808
-3066
-3006
-2897
-2974
-2829
-2797
-2908
-2611
-2690
-2452
-2240
-2291
-1935
-1855
-1585
-1247
-1105
-939
-697
-656
-303
-133
21
268
222
327
456
395
514
407
195
209
12
5
-56
-209
-241
-242
-319
-84
-81
123
165
80
246
157
513
405
781
537
1006
877
1283
1304
1275
1483
1323
1683
1599
1980
1809
2046
1808
1974
1945
1953
1963
1787
1606
1469
1227
1020
952
579
489
106
-65
-183
-359
-453
-593
-732
-782
-752
-857
-802
-933
-1027
-974
-1045
-925
-804
-950
-820
-970
-912
-768
-914
-848
-958
-958
-955
-988
-1056
-1027
-1105
-1118
-1136
-1253
-1215
-1321
-1371
-1494
-1558
-1606
-1550
-1700
-1723
-1803
-1866
-1685
-1804
-1527
-1600
-1346
-1214
-959
-742
-550
-303
-111
268
443
967
1270
1706
2051
2327
2797
3263
3659
3974
4101
4150
4344
4480
4692
4668
4519
4423
4149
3989
3668
3412
2973
2447
1893
1288
886
365
1
-613
-1119
-1620
-2079
-2361
-2747
-2989
-3298
-3522
-3670
-3741
-3770
-3794
-3843
-3793
-3722
-3545
-3284
-3096
-2866
-2675
-2378
-2082
-1778
-1506
-1280
-992
-798
-426
-118
217
546
660
931
1053
1285
1450
1578
1579
1611
1582
1575
1580
1487
1378
1189
955
740
498
252
91
-237
-422
-661
-818
-838
-1015
-989
-1066
-1119
-948
-835
-488
-347
-89
0
330
589
1023
1316
1413
1625
1654
1822
1931
1956
1936
1787
1617
1572
1425
1363
1205
1090
970
872
847
749
797
647
608
474
351
414
278
244
14
-231
-375
-589
-750
-963
-1218
-1309
-1537
-1573
-1707
-1785
-1824
-1964
-1930
-2046
-1921
-2001
-1933
-1952
-1959
-1797
-1752
-1540
-1508
-1445
-1269
-1154
-946
-769
-640
-482
-405
-200
-85
140
303
474
683
784
1069
1077
1227
1313
1350
1503
1432
1546
1511
1544
1550
1574
1622
1645
1719
1681
1679
1681
1678
1680
1649
1638
1649
1524
1511
1461
1503
1574
1474
1415
1158
1094
979
973
836
622
422
218
110
-135
-338
-630
-973
-1311
-1607
-1893
-2061
-2446
-2675
-2972
-3181
-3352
-3590
-3703
-3855
-3861
-3869
-3800
-3668
-3445
-3209
-2974
-2719
-2453
-2091
-1749
-1437
-1201
-958
-714
-334
-68
270
519
772
1146
1405
1825
2072
2362
2544
2881
3135
3503
3612
3769
3741
3802
3877
3749
3741
3437
3449
3144
3023
2655
2384
2044
1688
1390
933
597
150
-219
-560
-848
-1091
-1280
-1505
-1662
-1861
-1981
-2109
-2249
-2258
-2262
-2179
-2146
-2097
-2013
-1948
-1903
-1871
-1842
-1738
-1591
-1448
-1238
-1083
-869
-707
-480
-303
-75
83
288
377
524
718
817
941
917
1020
983
1091
1009
978
900
701
657
503
514
404
290
152
-17
-126
-151
-271
-250
-405
-358
-381
-427
-321
-405
-157
-150
28
29
195
513
790
1033
1152
1270
1439
1700
1836
2032
1990
2052
2077
2121
2134
2097
2021
1859
1742
1493
1405
1120
848
531
135
-111
-510
-800
-1213
-1609
-2064
-2402
-2705
-2902
-3085
-3329
-3501
-3713
-3747
-3726
-3710
-3700
-3663
-3571
-3379
-3181
-2855
-2512
-2183
-1797
-1413
-1021
-573
-221
160
507
784
1155
1410
1740
2055
2299
2519
2670
2780
2882
2922
2894
2852
2735
2665
2514
2312
2098
1780
1562
1329
1148
956
757
541
334
134
-84
-256
-362
-496
-514
-536
-449
-435
-396
-438
-408
-399
-453
-373
-500
-233
-312
-165
-199
-224
-64
-78
5
-122
-168
-232
-284
-405
-441
-592
-639
-726
-836
-840
-937
-934
-994
-1027
-1029
-1026
-1016
-978
-928
-819
-676
-601
-419
-364
-172
-19
58
270
438
718
994
1178
1419
1502
1670
1757
1820
1926
1867
1950
1883
1881
1814
1727
1599
1406
1182
978
820
630
530
289
91
-94
-319
-443
-658
-932
-1073
-1304
-1341
-1521
-1662
-1777
-1911
-1972
-1993
-2060
-2049
-2049
-2067
-1944
-1927
-1738
-1656
-1483
-1376
-1159
-1109
-800
-649
-372
-180
-125
156
222
551
637
776
841
906
919
990
923
913
873
806
956
925
1061
959
942
869
877
895
937
937
871
964
916
1034
985
982
929
846
791
733
715
694
648
543
534
510
502
427
360
285
177
98
3
-43
-154
-233
-425
-542
-656
-779
-872
-1038
-1137
-1256
-1297
-1280
-1316
-1388
-1430
-1463
-1404
-1459
-1370
-1346
-1250
-1202
-1130
-1034
-961
-829
-761
-613
-512
-332
-209
-39
60
172
258
349
471
578
653
699
725
782
850
940
974
986
994
1060
1100
1091
1130
1109
1158
1158
1165
1191
1141
1154
1128
1100
1039
995
919
868
801
663
648
457
495
313
284
124
-34
-83
-129
-121
-270
-309
-499
-449
-666
-691
-872
-897
-995
-1122
-1204
-1275
-1222
-1339
-1371
-1588
-1503
-1596
-1499
-1564
-1513
-1486
-1487
-1360
-1339
-1165
-1114
-933
-838
-665
-465
-259
-81
92
283
459
706
871
1095
1239
1364
1424
1494
1566
1606
1625
1522
1470
1373
1343
1307
1191
1082
922
784
654
546
475
382
238
49
-79
-195
-246
-297
-379
-474
-563
-610
-687
-731
-811
-853
-885
-881
-802
-727
-625
-531
-447
-306
-179
-66
33
94
191
262
331
375
403
405
434
307
306
136
62
35
-47
4
-115
-136
-210
-221
-269
-241
-276
-246
-279
-338
-309
-359
-347
-350
-381
-335
-331
-351
-268
-345
-262
-222
-233
-76
-61
82
133
179
251
231
216
236
289
324
355
342
343
343
353
415
450
429
412
328
317
285
269
270
194
207
165
191
196
152
137
66
114
47
25
-99
-182
-258
-320
-318
-333
-348
-411
-479
-548
-562
-562
-468
-512
-523
-597
-613
-601
-553
-417
-428
-401
-444
-350
-225
-124
-52
-55
4
83
205
299
378
469
525
598
640
760
863
875
944
879
969
1037
1011
987
859
838
881
835
823
710
541
455
296
310
299
213
141
-31
-96
-107
-129
-173
-256
-364
-388
-441
-459
-397
-390
-344
-359
-335
-252
-139
-87
-61
-146
-161
-147
-41
-9
-14
-40
-158
-190
-246
-282
-370
-516
-621
-713
-790
-812
-918
-988
-1089
-1179
-1139
-1156
-1088
-1073
-1070
-991
-987
-824
-789
-564
-531
-383
-274
-175
81
197
177
262
136
350
441
462
589
489
628
700
797
863
889
738
809
717
736
845
701
740
649
494
629
442
399
341
31
27
-138
-234
-184
-331
-295
-321
-326
-242
-187
-195
-183
-161
-79
119
250
419
469
459
593
637
743
892
822
851
788
757
849
769
749
647
534
451
372
256
190
84
-71
-178
-356
-454
-532
-641
-797
-923
-1070
-1067
-1135
-1138
-1210
-1334
-1351
-1374
-1272
-1208
-1141
-1100
-1074
-985
-887
-735
-612
-485
-376
-265
-114
45
200
384
511
619
758
893
1085
1150
1248
1295
1380
1420
1449
1462
1441
1434
1372
1364
1223
1104
985
850
745
646
476
353
152
12
-30
-186
-250
-361
-413
-386
-463
-518
-506
-558
-492
-511
-547
-466
-467
-421
-418
-434
-380
-338
-345
-323
-321
-285
-240
-277
-226
-225
-265
-275
-396
-455
-509
-605
-665
-808
-909
-964
-1044
-1059
-1144
-1193
-1261
-1306
-1291
-1336
-1285
-1275
-1214
-1140
-1116
-962
-764
-610
-436
-334
-181
118
331
609
761
841
1064
1198
1367
1525
1542
1646
1709
1720
1831
1807
1777
1753
1608
1586
1563
1485
1456
1334
1244
1194
1053
996
942
824
706
525
409
350
276
197
79
-78
-147
-215
-278
-347
-484
-605
-722
-861
-901
-915
-996
-1072
-1144
-1120
-1093
-1109
-1181
-1244
-1300
-1317
-1331
-1371
-1368
-1362
-1391
-1442
-1458
-1372
-1344
-1329
-1333
-1367
-1290
-1245
-1182
-1092
-1041
-887
-712
-526
-314
-147
99
311
588
826
1054
1302
1475
1684
1906
2084
2355
2477
2608
2725
2717
2790
2748
2766
2811
2726
2649
2529
2355
2273
2125
1954
1791
1564
1418
1302
1079
888
626
374
279
72
-95
-305
-574
-758
-1055
-1312
-1562
-1841
-2084
-2367
-2623
-2779
-2958
-3076
-3170
-3253
-3269
-3260
-3177
-3042
-2883
-2777
-2600
-2447
-2232
-2000
-1822
-1668
-1579
-1450
-1298
-1109
-956
-826
-715
-573
-416
-235
-57
111
275
438
661
851
1096
1287
1449
1604
1720
1873
2030
2120
2235
2289
2332
2357
2338
2346
2329
2266
2178
2089
2021
1937
1857
1825
1627
1373
1185
1004
835
648
465
275
43
-128
-284
-510
-679
-759
-879
-949
-983
-1033
-1032
-1030
-1025
-1006
-1028
-1012
-963
-983
-947
-945
-971
-974
-976
-933
-900
-886
-890
-888
-837
-743
-692
-681
-676
-596
-492
-420
-343
-245
-224
-175
-109
-52
14
35
77
122
166
183
253
304
379
465
497
547
579
589
647
685
726
696
684
663
631
603
542
529
455
442
431
415
404
403
363
317
301
291
318
322
327
346
364
410
465
430
383
324
286
256
185
162
85
-15
-139
-246
-243
-279
-297
-322
-332
-342
-339
-339
-328
-286
-269
-269
-334
-363
-369
-405
-458
-517
-594
-621
-685
-771
-801
-849
-897
-864
-871
-787
-684
-681
-583
-530
-419
-240
-142
-59
20
76
182
238
283
356
428
483
495
525
539
574
565
551
544
533
540
528
519
468
390
341
290
249
246
182
159
171
174
238
249
192
192
180
166
213
170
169
177
121
118
21
-102
-161
-234
-303
-373
-432
-452
-455
-452
-455
-429
-422
-399
-336
-309
-303
-277
-243
-251
-266
-279
-299
-289
-303
-324
-307
-302
-257
-216
-199
-170
-137
-101
-32
27
83
177
209
243
261
266
316
326
335
337
296
320
320
299
273
269
283
315
332
321
305
271
263
249
296
314
299
304
294
334
342
328
334
260
222
182
138
98
16
-64
-151
-248
-298
-301
-351
-354
-390
-398
-388
-370
-336
-321
-356
-359
-304
-259
-250
-238
-163
-110
-59
-82
-72
8
49
69
76
24
-2
8
-50
-120
-183
-233
-215
-216
-246
-261
-308
-327
-310
-293
-269
-245
-213
-179
-92
-37
21
75
118
230
325
426
498
539
588
609
608
595
624
666
701
722
703
694
665
641
633
616
610
603
601
568
589
592
529
470
366
274
211
151
47
-21
-134
-266
-367
-488
-585
-676
-784
-896
-1005
-1044
-1080
-1148
-1196
-1253
-1258
-1270
-1238
-1172
-1115
-1070
-1064
-1025
-986
-937
-881
-833
-755
-709
-661
-601
-582
-535
-533
-499
-452
-418
-341
-276
-216
-155
-58
51
170
296
390
519
672
818
962
1071
1163
1250
1327
1375
1428
1453
1479
1473
1425
1456
1455
1442
1426
1365
1323
1263
1185
1130
1040
965
908
854
834
759
698
639
531
424
290
115
-54
-189
-316
-394
-552
-731
-831
-935
-953
-1012
-1080
-1154
-1259
-1320
-1329
-1319
-1292
-1286
-1255
-1210
-1157
-1061
-1031
-1015
-979
-922
-834
-803
-785
-754
-727
-664
-541
-394
-240
-128
-42
75
173
328
437
541
608
617
689
734
783
822
794
779
745
747
820
836
805
754
683
648
619
584
573
523
474
480
517
533
527
495
418
342
295
221
165
63
-75
-171
-255
-325
-337
-378
-433
-472
-526
-537
-561
-591
-618
-637
-633
-588
-499
-398
-296
-221
-183
-160
-192
-214
-245
-350
-473
-565
-622
-651
-689
-775
-841
-881
-897
-899
-840
-796
-759
-711
-677
-612
-519
-401
-287
-145
-51
67
186
254
333
391
434
454
445
439
442
452
489
529
584
654
776
910
1027
1107
1133
1172
1185
1214
1232
1195
1161
1124
1168
1179
1150
1096
962
824
659
489
337
169
34
-53
-127
-182
-232
-255
-276
-312
-340
-322
-295
-290
-297
-303
-322
-340
-315
-295
-321
-409
-500
-590
-694
-781
-849
-923
-1024
-1069
-1054
-1006
-939
-930
-899
-864
-753
-551
-402
-270
-181
-47
92
188
258
347
413
424
421
435
488
510
477
433
392
340
347
384
406
449
465
460
503
577
649
728
724
687
662
549
417
209
28
-145
-329
-466
-640
-808
-984
-1141
-1240
-1341
-1420
-1413
-1409
-1391
-1346
-1284
-1230
-1165
-1040
-861
-684
-543
-398
-276
-156
-58
-23
28
51
92
158
202
255
259
267
309
388
453
561
638
721
822
909
992
1062
1129
1168
1182
1170
1199
1217
1226
1163
1075
1002
893
770
661
558
439
280
158
93
75
97
112
100
61
60
120
170
141
91
86
70
70
110
157
169
153
104
86
63
-12
-101
-237
-367
-475
-549
-603
-625
-627
-626
-622
-635
-598
-545
-541
-534
-518
-490
-426
-378
-325
-279
-242
-204
-190
-119
-100
-127
-211
-327
-352
-344
-357
-374
-433
-425
-360
-347
-339
-315
-309
-267
-239
-223
-132
-61
-12
12
17
19
54
115
148
180
199
191
200
168
170
176
91
10
-36
-46
8
30
17
34
61
116
193
283
313
312
324
376
488
554
577
601
585
567
544
471
386
257
137
38
-53
-116
-186
-279
-404
-476
-505
-525
-525
-549
-599
-658
-724
-750
-728
-697
-657
-615
-583
-558
-458
-362
-328
-326
-288
-171
-52
73
167
242
307
394
535
654
761
841
843
872
917
972
992
951
927
916
940
973
1011
987
945
890
813
766
704
617
551
462
391
338
284
183
67
-56
-141
-187
-229
-278
-389
-514
-649
-735
-763
-798
-833
-888
-927
-928
-926
-913
-899
-909
-869
-799
-739
-690
-646
-606
-545
-468
-414
-317
-300
-234
-191
-180
-111
-90
-17
22
47
133
217
269
307
289
278
307
340
391
443
495
552
595
629
644
606
554
478
403
318
230
155
46
-72
-139
-184
-178
-246
-306
-333
-358
-389
-446
-476
-535
-555
-589
-618
-602
-568
-548
-540
-563
-565
-534
-514
-490
-445
-390
-345
-319
-289
-240
-185
-88
-25
79
178
240
314
332
382
478
529
552
566
575
614
652
675
695
724
750
771
769
774
805
838
866
846
811
793
792
768
715
674
611
555
446
330
262
122
-19
-136
-216
-285
-348
-385
-413
-442
-441
-423
-441
-479
-517
-547
-590
-635
-650
-661
-699
-732
-766
-798
-780
-751
-723
-687
-651
-578
-492
-391
-319
-252
-175
-107
-40
10
80
129
191
242
306
353
366
382
412
404
362
325
284
288
287
305
345
369
393
441
487
564
605
564
515
504
508
483
418
349
324
283
190
66
-43
-107
-169
-233
-332
-411
-472
-543
-585
-627
-602
-560
-551
-534
-507
-496
-485
-505
-551
-541
-535
-556
-545
-538
-497
-458
-426
-356
-265
-121
-21
50
40
84
163
204
219
208
279
316
336
361
383
402
397
362
377
409
449
459
424
389
353
346
301
244
231
208
167
104
29
-47
-146
-265
-320
-371
-414
-398
-385
-373
-354
-322
-259
-213
-171
-106
-30
66
125
199
277
323
352
394
478
534
545
532
505
474
407
332
274
203
147
63
-19
-78
-114
-160
-231
-256
-248
-211
-184
-146
-104
-86
-84
-74
-62
-53
-67
-111
-175
-231
-294
-329
-361
-438
-499
-513
-507
-508
-530
-512
-461
-439
-382
-322
-281
-238
-192
-124
-62
-36
-54
-64
-71
-52
-82
-142
-178
-180
-136
-89
-24
25
75
127
199
266
349
413
472
531
576
626
649
630
614
606
648
712
703
687
653
617
610
610
591
579
555
520
507
482
459
399
304
226
158
98
26
-83
-206
-309
-378
-427
-476
-529
-603
-651
-707
-738
-764
-783
-761
-726
-648
-610
-563
-494
-435
-341
-295
-265
-231
-166
-54
7
50
70
79
107
125
148
147
141
128
142
184
220
204
175
166
153
109
44
20
8
-5
-53
-139
-227
-294
-325
-354
-392
-421
-423
-414
-380
-361
-384
-373
-394
-331
-209
-125
-50
-8
52
139
221
254
296
351
419
478
520
570
623
637
620
591
576
579
545
478
381
328
284
215
131
62
-4
-125
-248
-344
-368
-374
-396
-446
-496
-511
-508
-490
-483
-479
-437
-388
-358
-321
-297
-280
-266
-267
-241
-177
-120
-68
-9
57
100
138
194
268
338
390
441
461
529
582
631
657
624
624
640
654
625
581
533
466
400
335
265
192
106
20
-24
-45
-50
-88
-130
-164
-177
-171
-170
-156
-126
-108
-119
-128
-156
-177
-182
-176
-181
-178
-171
-206
-236
-270
-260
-215
-197
-224
-257
-287
-303
-299
-288
-288
-310
-323
-323
-275
-237
-197
-186
-210
-192
-158
-162
-162
-150
-127
-58
-5
74
140
164
194
210
214
260
297
295
281
267
277
243
179
137
106
62
11
-21
-46
-95
-132
-175
-181
-167
-179
-211
-250
-258
-236
-201
-176
-149
-125
-95
-67
-62
-62
-65
-38
-30
-4
60
120
208
263
313
345
366
399
419
445
460
459
480
463
409
346
248
167
127
96
41
-38
-86
-127
-191
-236
-254
-290
-305
-302
-317
-321
-312
-283
-240
-219
-197
-143
-118
-98
-59
-10
31
40
39
58
70
63
55
34
-4
-55
-63
-87
-106
-124
-154
-149
-132
-88
-37
13
29
30
77
139
154
160
158
180
209
230
265
262
253
238
229
213
196
166
135
113
96
108
145
163
153
167
178
213
203
196
188
134
91
48
25
20
19
-27
-68
-99
-123
-152
-214
-265
-330
-409
-441
-429
-395
-414
-470
-502
-463
-368
-299
-274
-245
-174
-97
-37
13
37
45
68
104
132
153
153
118
82
54
59
42
-2
-34
-60
-69
-103
-147
-148
-143
-141
-128
-121
-98
-58
-1
41
71
119
198
285
337
388
414
446
493
511
513
508
490
455
414
392
371
324
242
189
159
134
117
71
7
-31
-53
-78
-94
-107
-128
-189
-246
-299
-313
-298
-299
-263
-270
-260
-235
-244
-249
-299
-335
-370
-392
-401
-379
-339
-299
-258
-206
-159
-156
-118
-80
-53
-48
-37
-6
11
25
37
30
23
61
87
105
74
4
-27
-37
-42
-20
-9
-28
-37
-39
-14
20
49
47
36
33
59
75
54
20
22
20
37
53
42
77
57
42
59
84
111
114
130
138
133
154
157
163
171
145
104
61
-2
-72
-124
-171
-215
-240
-211
-161
-124
-82
-8
79
176
296
425
559
654
704
720
731
742
698
629
538
454
353
230
117
48
-26
-117
-197
-259
-304
-335
-346
-343
-312
-306
-319
-330
-305
-256
-241
-239
-231
-245
-275
-333
-368
-401
-452
-493
-507
-483
-431
-362
-291
-223
-173
-106
-50
7
64
118
176
217
276
321
355
382
410
414
378
343
259
191
128
57
4
-53
-88
-107
-103
-120
-127
-94
-75
-49
-31
-15
20
62
117
156
170
142
102
86
63
66
74
56
3
-45
-72
-98
-90
-72
-53
-63
-91
-108
-136
-136
-132
-136
-146
-146
-163
-194
-227
-261
-292
-337
-367
-403
-421
-405
-383
-380
-386
-376
-359
-350
-282
-221
-178
-137
-93
-39
-22
-4
60
92
123
159
178
228
237
266
290
308
275
232
197
187
215
235
250
235
230
224
228
238
219
234
251
284
353
361
365
370
382
431
465
512
551
550
538
541
537
523
516
483
455
426
377
332
276
217
186
129
17
-101
-174
-206
-259
-345
-427
-474
-522
-605
-680
-704
-713
-710
-713
-706
-676
-642
-611
-599
-551
-474
-413
-368
-333
-299
-270
-243
-211
-182
-163
-128
-92
-81
-91
-106
-80
-72
-90
-123
-124
-91
-76
-69
-41
1
4
3
18
47
40
36
59
74
86
85
84
87
88
95
126
141
171
212
231
264
290
299
311
355
410
476
513
555
600
604
620
619
610
568
515
457
368
298
232
159
86
-12
-89
-164
-228
-273
-334
-355
-340
-313
-298
-267
-234
-192
-124
-73
-19
37
42
44
57
66
49
11
-20
-38
-25
-53
-114
-172
-220
-264
-312
-381
-437
-484
-557
-610
-623
-616
-621
-602
-592
-589
-572
-547
-534
-493
-463
-441
-402
-388
-351
-306
-253
-179
-131
-84
-28
23
97
191
304
423
539
629
728
824
911
979
1004
994
985
978
941
870
797
724
632
519
381
274
197
125
17
-82
-161
-239
-288
-346
-404
-462
-508
-532
-539
-504
-467
-413
-373
-351
-329
-302
-261
-251
-210
-162
-158
-179
-208
-220
-200
-156
-116
-77
-33
9
45
41
24
43
90
127
155
196
215
213
201
199
199
207
199
189
176
162
141
112
112
143
188
204
212
234
265
301
318
307
267
243
246
259
262
270
272
246
212
172
113
42
-6
-49
-65
-83
-124
-159
-208
-231
-218
-207
-200
-184
-172
-160
-152
-167
-140
-148
-134
-97
-89
-75
-55
-34
-43
-45
-43
-49
-44
-26
-6
21
16
11
31
28
2
-9
-15
-39
-68
-54
-76
-136
-192
-250
-282
-321
-349
-364
-390
-401
-396
-386
-386
-405
-389
-320
-250
-197
-137
-78
-9
35
62
119
181
232
257
253
259
237
194
162
139
150
133
138
142
141
152
136
98
55
20
0
7
14
5
2
-13
-48
-73
-89
-89
-109
-139
-149
-140
-119
-111
-101
-94
-84
-88
-92
-69
-28
-9
-19
-14
-2
24
26
27
52
50
74
98
119
153
188
210
206
222
228
258
254
230
228
237
264
258
259
253
248
230
202
229
253
259
278
319
363
413
443
436
438
424
421
367
319
285
233
202
182
169
124
94
53
11
-66
-128
-189
-262
-305
-341
-361
-400
-407
-396
-371
-345
-327
-326
-352
-376
-403
-426
-463
-491
-507
-537
-552
-560
-585
-605
-600
-594
-590
-573
-539
-480
-423
-350
-254
-177
-90
15
120
200
275
356
418
437
426
435
447
420
384
364
343
326
313
308
275
219
175
143
133
123
129
131
127
124
113
115
94
88
99
76
19
-1
-20
-50
-61
-60
-72
-94
-83
-105
-132
-150
-146
-144
-176
-187
-162
-115
-83
-56
-6
54
97
113
110
126
151
213
245
236
220
238
261
265
270
257
234
186
126
64
19
-32
-79
-134
-173
-176
-213
-234
-255
-266
-261
-267
-242
-189
-132
-84
-30
31
115
200
271
312
334
344
373
370
343
358
347
296
237
204
191
181
181
185
192
165
138
116
