SAMPLES:	16650
BITSPERSAMPLE:	16
CHANNELS:	1
SAMPLERATE:	16000
NORMALIZED:	FALSE
140
112
86
20
-14
-38
-34
-61
-134
-213
-305
-331
-328
-316
-295
-239
-189
-154
-129
-100
-75
-86
-89
-95
-112
-89
-94
-129
-174
-213
-239
-276
-296
-284
-300
-313
-283
-315
-303
-266
-258
-208
-181
-104
-51
-26
45
61
96
133
140
167
164
141
176
162
136
146
131
146
136
112
125
102
110
156
145
184
220
256
296
328
400
440
472
515
488
435
362
223
106
-17
-123
-168
-188
-214
-214
-140
-66
-55
20
94
147
262
272
294
319
232
163
117
48
7
-87
-147
-148
-226
-183
-190
-244
-263
-383
-448
-457
-469
-464
-456
-422
-334
-314
-267
-152
-143
-97
-67
-102
-112
-94
-113
-131
-126
-165
-226
-240
-227
-224
-192
-113
-48
1
116
186
245
355
421
444
510
511
511
506
490
515
444
426
421
345
298
270
151
104
60
-42
-88
-43
-12
46
153
217
287
273
258
201
129
133
23
-117
-133
-257
-323
-276
-333
-304
-264
-234
-97
-81
7
128
75
107
45
-113
-130
-261
-341
-292
-346
-245
-245
-245
-141
-246
-224
-286
-388
-386
-485
-450
-390
-395
-246
-217
-90
6
4
86
-7
-83
-101
-283
-280
-332
-402
-293
-307
-209
-122
-149
-42
-4
-40
112
-75
-18
78
-92
27
58
-57
224
10
124
221
-122
377
108
164
585
85
334
489
214
664
525
637
831
566
866
722
630
894
631
693
788
615
744
663
648
571
329
421
174
-1
122
-56
19
124
62
127
49
87
21
-176
-47
-342
-482
-398
-621
-518
-505
-504
-272
-363
-261
-143
-357
-282
-441
-598
-508
-724
-754
-689
-746
-597
-545
-415
-273
-348
-164
-127
-196
34
-79
-65
90
-4
149
178
147
167
12
-65
-144
-312
-319
-404
-432
-385
-385
-210
-81
104
300
396
547
652
697
700
598
535
428
256
188
32
-17
-47
-157
-84
-141
-193
-97
-154
-144
-82
-127
-59
-37
-80
14
88
149
208
236
306
252
214
153
-7
-103
-172
-274
-325
-318
-354
-291
-285
-282
-237
-290
-284
-259
-253
-204
-114
-69
64
175
144
196
193
131
82
30
-42
-105
-110
-69
-11
94
225
250
332
383
372
452
473
431
441
425
407
372
299
263
193
115
53
-31
-123
-186
-237
-332
-340
-340
-370
-290
-233
-167
-84
-1
71
71
107
163
163
228
260
233
318
368
388
447
393
354
288
158
85
-19
-135
-230
-347
-450
-476
-509
-491
-428
-404
-347
-321
-311
-313
-348
-334
-307
-337
-319
-337
-361
-397
-454
-431
-397
-407
-407
-368
-328
-214
-106
-23
54
130
191
257
351
429
490
522
563
601
589
588
562
525
515
501
496
478
476
438
407
361
327
319
272
239
147
71
14
-74
-131
-152
-194
-179
-162
-184
-173
-189
-182
-197
-222
-266
-319
-363
-378
-399
-385
-374
-377
-348
-383
-387
-349
-293
-207
-144
-94
-28
24
37
60
57
0
-37
-64
-93
-97
-74
-86
-89
-57
-38
-14
6
33
87
154
202
263
329
391
439
489
526
550
548
487
411
342
268
201
156
60
-30
-125
-268
-369
-469
-567
-632
-712
-742
-702
-662
-579
-489
-404
-334
-339
-319
-293
-306
-281
-202
-126
-41
22
65
103
108
111
78
5
-19
-61
-97
-58
0
88
177
265
381
492
560
641
670
708
715
670
625
602
561
489
461
456
465
455
427
376
327
255
165
61
7
-76
-150
-204
-287
-298
-298
-268
-241
-210
-164
-119
-99
-77
-27
37
97
176
254
316
395
357
306
247
107
-65
-237
-390
-499
-558
-573
-558
-524
-454
-386
-320
-259
-202
-150
-111
-119
-117
-87
-49
-36
-61
-82
-113
-142
-189
-214
-253
-298
-328
-311
-310
-302
-237
-204
-148
-84
-51
23
91
123
144
119
113
128
115
117
134
106
41
-13
-59
-98
-92
-82
-98
-83
-41
-7
20
-3
-15
-39
-79
-112
-143
-163
-192
-158
-115
-85
-31
-9
-9
9
16
18
27
21
6
23
40
68
77
108
162
199
228
231
285
323
322
355
402
423
419
390
377
316
240
208
170
147
117
117
142
141
187
266
307
343
326
288
293
261
208
158
86
32
-29
-102
-169
-203
-181
-113
-30
22
74
105
122
103
61
4
-60
-89
-140
-166
-186
-241
-284
-345
-398
-412
-426
-406
-352
-299
-217
-172
-157
-112
-55
-19
-50
-70
-77
-133
-184
-213
-236
-229
-218
-152
-89
-50
2
-23
-38
-31
-63
-73
-63
-35
46
133
211
269
284
306
312
325
355
327
288
262
183
123
46
-15
-28
-34
-7
-13
-33
-47
-78
-79
-75
-76
-30
-1
45
112
178
239
264
253
229
191
132
66
-22
-121
-219
-278
-312
-350
-345
-356
-355
-292
-240
-212
-190
-189
-208
-225
-190
-150
-132
-122
-171
-231
-265
-316
-359
-359
-325
-250
-140
-37
56
135
217
280
300
306
298
255
150
43
-41
-135
-209
-225
-227
-190
-113
-25
116
234
382
527
616
702
756
805
786
702
620
502
360
218
81
-37
-131
-201
-226
-238
-273
-271
-222
-165
-56
21
88
115
122
144
156
147
109
71
-30
-133
-189
-250
-333
-359
-351
-343
-294
-255
-220
-160
-58
62
171
255
308
339
344
320
291
241
183
122
79
69
28
-3
-18
-45
-74
-53
-10
37
99
145
198
258
303
335
365
367
346
319
265
178
62
-48
-144
-229
-316
-375
-415
-467
-536
-595
-634
-640
-660
-677
-639
-587
-544
-507
-450
-390
-366
-360
-321
-296
-288
-282
-242
-202
-189
-147
-126
-97
-78
-5
117
207
301
381
456
516
553
583
603
574
553
531
476
446
414
368
300
253
233
231
219
191
173
164
162
152
171
187
177
172
159
155
127
81
21
-45
-99
-140
-199
-279
-322
-313
-293
-288
-259
-255
-237
-211
-191
-124
-74
-20
61
135
198
235
230
204
152
95
45
-10
-58
-73
-92
-122
-110
-67
-8
44
55
70
49
-28
-80
-179
-264
-358
-451
-493
-543
-581
-604
-633
-636
-617
-609
-578
-508
-418
-316
-211
-102
-19
52
96
156
230
247
233
212
203
214
245
292
344
373
380
418
475
498
512
509
486
449
449
431
365
305
254
193
111
61
-11
-87
-157
-198
-210
-199
-153
-81
-3
51
105
176
239
267
262
236
205
149
84
39
-35
-75
-117
-123
-102
-95
-64
-52
-30
-18
-2
20
18
34
61
95
154
157
143
133
99
71
44
3
-49
-162
-272
-341
-416
-454
-485
-515
-518
-484
-436
-416
-390
-351
-306
-272
-246
-197
-190
-187
-199
-191
-169
-175
-183
-196
-180
-169
-145
-132
-96
-2
119
227
346
454
541
652
697
711
716
711
687
615
544
484
425
354
263
158
41
-60
-154
-229
-292
-344
-403
-411
-365
-304
-223
-189
-165
-170
-171
-191
-212
-211
-210
-178
-158
-151
-174
-215
-245
-293
-305
-259
-240
-238
-285
-309
-271
-242
-188
-120
-54
-29
1
26
51
94
101
86
107
145
164
192
213
245
285
356
419
477
520
539
569
627
694
747
772
764
759
720
671
584
461
304
117
-60
-222
-361
-479
-578
-652
-714
-761
-800
-805
-761
-738
-680
-599
-558
-527
-497
-490
-479
-450
-407
-374
-309
-184
-70
33
145
260
356
423
466
492
468
430
393
314
203
54
-94
-224
-302
-353
-415
-464
-468
-421
-406
-364
-282
-221
-149
-79
17
120
218
311
373
390
384
416
460
510
522
517
482
445
417
378
344
318
313
288
262
259
283
308
313
299
284
296
294
297
299
266
264
258
227
175
132
95
69
55
56
61
69
101
133
196
230
233
235
199
176
127
40
-53
-180
-319
-469
-607
-734
-865
-979
-1071
-1152
-1240
-1284
-1305
-1290
-1295
-1286
-1204
-1101
-999
-904
-776
-620
-478
-335
-189
-32
91
161
210
242
271
299
351
409
479
554
637
700
717
698
637
605
590
555
526
501
484
444
358
272
199
83
-35
-97
-147
-192
-246
-249
-194
-140
-53
25
95
161
185
188
210
245
301
327
347
363
377
382
384
388
374
354
318
293
272
304
329
349
352
350
340
314
276
243
218
169
115
60
10
-38
-68
-128
-192
-265
-320
-382
-455
-542
-597
-625
-661
-669
-697
-735
-753
-786
-806
-768
-750
-743
-731
-688
-602
-511
-421
-338
-248
-150
-35
79
218
367
484
568
646
755
852
925
969
971
925
858
755
622
521
382
263
161
88
21
-53
-94
-138
-132
-109
-69
4
81
170
251
353
455
481
516
520
497
488
455
398
304
208
118
51
-3
-80
-139
-174
-202
-216
-237
-262
-301
-370
-442
-491
-549
-601
-654
-663
-672
-708
-737
-713
-630
-537
-459
-303
-115
60
189
303
442
559
624
656
673
658
640
568
483
393
237
33
-166
-351
-474
-603
-737
-874
-1010
-1094
-1152
-1172
-1161
-1183
-1123
-1064
-1023
-1018
-918
-772
-614
-477
-330
-152
32
229
416
609
714
842
952
1095
1186
1241
1230
1248
1250
1184
1059
923
813
670
483
306
177
77
-27
-152
-228
-256
-230
-220
-256
-295
-271
-229
-185
-175
-139
-104
-64
-68
-22
63
176
284
329
340
352
403
406
415
450
456
439
363
263
190
173
160
55
-74
-170
-239
-301
-330
-361
-355
-347
-376
-386
-380
-341
-267
-211
-177
-140
-62
56
156
212
254
284
311
298
237
138
64
-17
-87
-141
-165
-167
-219
-302
-408
-451
-476
-469
-493
-521
-551
-581
-569
-517
-423
-345
-298
-259
-200
-105
10
143
231
304
370
452
559
658
688
703
724
692
677
609
571
524
469
400
295
224
165
98
24
-5
-58
-115
-157
-205
-216
-243
-294
-341
-368
-349
-356
-377
-360
-329
-296
-276
-233
-156
-94
-106
-125
-133
-169
-180
-188
-166
-181
-200
-216
-237
-244
-278
-261
-257
-221
-164
-121
-79
-60
-22
22
86
183
273
330
362
397
450
494
506
515
480
419
372
323
291
260
245
219
153
77
-36
-130
-236
-378
-471
-523
-549
-576
-628
-617
-584
-558
-496
-436
-383
-314
-252
-171
-61
45
163
287
404
519
550
553
590
541
510
504
500
506
467
374
277
216
169
107
53
-14
-139
-267
-337
-379
-389
-387
-369
-326
-245
-173
-126
-65
-46
-41
-45
-17
0
41
48
33
56
95
143
177
218
263
249
196
129
17
-69
-115
-148
-159
-126
-121
-129
-145
-128
-88
-35
16
39
70
135
243
388
517
635
693
727
723
668
612
553
460
342
248
164
88
-17
-124
-234
-312
-381
-449
-505
-568
-651
-730
-776
-792
-769
-761
-760
-737
-731
-710
-703
-648
-627
-614
-563
-494
-425
-372
-248
-122
-21
82
161
249
331
420
460
477
503
476
448
426
441
495
482
421
346
258
186
54
-90
-192
-247
-283
-283
-224
-159
-106
-67
-1
97
182
214
210
229
248
270
333
391
470
554
617
612
559
465
315
165
17
-136
-250
-301
-298
-282
-279
-298
-321
-325
-337
-319
-245
-227
-244
-188
-62
82
209
312
379
444
467
408
331
329
274
96
-1
-11
-26
-63
-120
-143
-196
-232
-275
-327
-351
-385
-410
-408
-372
-307
-221
-152
-119
-82
-47
-43
-14
-13
-70
-164
-211
-231
-195
-146
-104
-37
5
29
-5
-59
-122
-194
-238
-240
-174
-58
69
226
352
440
457
425
375
301
206
126
88
56
67
96
138
172
192
212
180
132
-5
-72
-114
-207
-238
-245
-207
-167
-127
-138
-118
-89
-84
-89
-58
-44
-44
-46
-38
-6
20
27
70
86
109
123
142
192
232
278
331
391
461
503
537
557
566
603
544
486
440
358
263
186
117
56
-26
-120
-186
-282
-364
-370
-363
-340
-349
-371
-372
-364
-332
-312
-275
-263
-274
-288
-300
-262
-223
-155
-90
-8
60
64
93
102
111
96
25
-30
-48
-96
-159
-190
-219
-234
-254
-283
-324
-384
-412
-448
-496
-517
-552
-583
-582
-545
-458
-388
-317
-252
-216
-181
-105
-6
105
139
152
178
179
282
407
563
669
705
746
765
802
806
806
800
740
676
609
554
483
412
338
250
182
55
-43
-94
-102
-119
-192
-241
-252
-262
-241
-164
-67
52
136
166
205
178
158
135
80
102
75
40
2
-87
-120
-201
-294
-358
-411
-438
-429
-481
-429
-406
-355
-296
-286
-224
-196
-197
-183
-169
-120
-81
-103
-76
-66
-4
40
59
65
4
-68
-103
-139
-201
-289
-313
-293
-277
-266
-185
-64
17
99
170
210
240
216
182
175
124
100
76
8
-41
-69
-59
-63
-103
-145
-207
-246
-215
-164
-79
70
182
321
417
522
641
713
822
871
860
905
929
966
930
844
839
792
733
630
499
410
278
180
99
30
-14
-125
-222
-331
-381
-395
-435
-446
-487
-520
-552
-580
-609
-635
-693
-739
-788
-838
-866
-881
-838
-763
-698
-641
-626
-580
-505
-410
-257
-152
-48
-41
-75
-79
-62
-49
-55
-50
-40
-99
-167
-206
-232
-205
-194
-199
-220
-230
-220
-187
-170
-145
-126
-66
25
104
224
342
450
560
679
773
824
825
801
798
771
716
623
519
457
392
356
324
296
291
259
227
234
257
233
253
234
287
302
330
364
348
413
408
398
354
273
205
119
26
-45
-100
-121
-187
-198
-194
-173
-171
-225
-244
-302
-350
-382
-383
-380
-382
-364
-338
-304
-302
-307
-303
-316
-350
-403
-427
-465
-517
-558
-537
-500
-482
-466
-419
-351
-294
-197
-143
-90
-84
-102
-128
-148
-147
-200
-186
-174
-124
-45
-12
48
89
134
151
134
140
152
167
183
172
186
173
121
69
50
89
102
92
90
101
96
82
80
109
142
145
177
259
352
431
459
505
543
545
537
535
550
535
525
527
524
517
500
464
411
335
239
133
39
-43
-115
-203
-273
-304
-326
-341
-386
-392
-402
-412
-414
-413
-381
-341
-313
-293
-262
-212
-183
-202
-207
-172
-131
-106
-80
-49
-5
16
29
2
-56
-114
-176
-220
-277
-308
-366
-407
-417
-410
-362
-278
-190
-132
-99
-80
-81
-125
-183
-255
-312
-322
-338
-308
-289
-300
-299
-294
-262
-238
-236
-249
-240
-220
-169
-89
-17
55
159
249
333
430
543
625
680
712
723
755
756
747
744
750
786
782
757
719
665
602
490
372
263
154
49
8
-8
-40
-29
0
49
95
139
217
252
247
268
287
298
301
276
268
252
201
164
110
67
-20
-151
-275
-339
-388
-470
-541
-560
-582
-617
-616
-610
-606
-612
-649
-691
-663
-629
-607
-594
-569
-528
-465
-361
-291
-227
-184
-179
-142
-118
-107
-106
-72
-55
-66
-89
-127
-157
-238
-303
-337
-350
-348
-353
-350
-356
-342
-309
-274
-277
-273
-242
-204
-155
-94
11
98
182
286
407
516
618
724
843
946
992
1014
1013
1050
1078
1062
1031
978
912
835
767
729
700
651
555
453
350
243
123
51
12
-55
-133
-185
-210
-244
-249
-253
-243
-249
-281
-321
-363
-382
-435
-528
-590
-605
-640
-685
-735
-786
-814
-823
-828
-836
-836
-843
-839
-799
-749
-652
-528
-446
-368
-281
-162
-51
32
127
229
329
448
534
590
614
613
590
571
554
527
500
461
416
348
273
206
160
129
90
54
22
3
-46
-66
-31
-25
-32
-33
-27
-12
20
33
21
19
27
44
59
79
109
140
187
240
286
311
324
342
356
312
270
217
134
78
-13
-104
-170
-202
-212
-222
-215
-169
-135
-113
-80
-48
-22
2
26
111
139
155
202
194
144
58
46
45
-17
-75
-141
-193
-199
-210
-225
-237
-219
-200
-184
-138
-87
-40
-57
-29
17
52
98
162
197
201
266
347
383
403
438
444
446
436
406
379
338
275
173
78
8
-108
-258
-423
-547
-628
-734
-842
-916
-961
-999
-1068
-1084
-1037
-978
-946
-880
-784
-684
-569
-450
-328
-246
-151
-62
21
94
115
117
91
56
71
62
55
77
100
140
176
200
214
224
252
301
323
343
358
366
365
358
343
345
368
377
407
444
513
577
623
683
728
803
849
865
866
826
768
670
569
477
378
252
114
9
-89
-189
-278
-346
-400
-463
-520
-553
-569
-583
-564
-494
-414
-356
-295
-186
-80
20
149
280
381
418
408
393
352
318
231
83
-50
-176
-289
-408
-498
-593
-685
-718
-737
-732
-678
-581
-447
-330
-225
-82
25
112
166
201
268
345
423
502
582
636
690
736
782
775
700
590
475
362
215
83
-22
-111
-214
-288
-334
-334
-331
-326
-282
-229
-156
-100
-37
38
104
131
135
98
33
-47
-144
-245
-344
-437
-547
-627
-675
-656
-626
-582
-516
-433
-343
-256
-146
-81
-43
16
125
221
269
290
300
308
302
306
308
281
247
203
167
176
189
190
197
160
175
175
161
150
134
120
55
-2
-47
-88
-159
-225
-327
-461
-560
-634
-726
-807
-866
-931
-976
-953
-872
-767
-619
-405
-131
138
378
605
807
973
1105
1187
1213
1154
1039
891
770
654
517
363
189
40
-90
-195
-288
-384
-433
-467
-477
-434
-386
-313
-280
-240
-215
-204
-173
-147
-84
-44
5
95
167
251
326
374
440
491
525
526
498
485
470
398
303
243
159
51
-55
-131
-220
-304
-388
-459
-486
-494
-482
-478
-457
-401
-355
-337
-327
-325
-305
-285
-283
-243
-200
-132
-81
-12
78
134
160
169
182
178
162
128
145
182
214
239
262
281
296
333
352
374
378
381
352
290
222
144
90
25
-21
-54
-56
-47
-66
-87
-68
2
67
115
183
247
252
264
256
206
141
50
-20
-89
-162
-217
-261
-283
-301
-311
-300
-280
-263
-229
-188
-162
-138
-128
-115
-107
-77
-47
-53
-58
-84
-93
-117
-158
-178
-180
-165
-170
-167
-134
-87
-40
-6
22
86
132
133
136
129
125
90
44
20
-12
-25
-42
-74
-105
-112
-119
-140
-150
-139
-121
-81
-44
4
75
119
136
143
173
216
221
202
180
115
49
-15
-83
-157
-199
-217
-262
-341
-384
-374
-388
-398
-374
-352
-336
-326
-320
-319
-301
-278
-277
-301
-295
-291
-305
-310
-290
-215
-140
-50
76
207
311
393
506
612
706
762
773
781
736
666
570
480
385
264
127
-7
-76
-134
-157
-165
-134
-75
-47
10
104
191
272
368
482
604
692
754
822
879
870
818
743
642
550
438
305
184
84
-11
-125
-222
-298
-356
-429
-484
-486
-506
-536
-550
-519
-480
-425
-364
-310
-228
-180
-144
-125
-101
-97
-113
-117
-118
-98
-85
-61
-57
-83
-107
-139
-189
-216
-215
-190
-194
-241
-295
-357
-415
-457
-508
-561
-607
-647
-646
-625
-594
-545
-464
-360
-275
-193
-106
-12
63
148
246
316
361
381
416
460
467
413
327
231
175
133
72
16
-12
-24
-81
-149
-187
-234
-284
-291
-236
-186
-173
-137
-80
-42
-5
47
127
211
274
317
401
524
633
696
703
709
687
630
568
498
433
374
290
200
122
43
-43
-119
-175
-217
-231
-231
-228
-212
-171
-112
-68
-18
47
100
124
111
132
161
148
121
99
66
17
-41
-105
-130
-139
-178
-198
-220
-222
-230
-266
-255
-238
-216
-184
-112
-43
-11
5
12
15
1
-34
-72
-87
-92
-82
-67
-87
-115
-126
-134
-134
-150
-159
-159
-164
-160
-134
-111
-71
-42
-44
-49
-42
-29
-29
-15
-22
-3
15
25
72
94
117
155
244
343
395
444
497
530
545
539
551
531
463
390
341
328
296
241
146
36
-68
-158
-234
-307
-336
-362
-397
-414
-408
-371
-311
-255
-227
-217
-204
-184
-190
-192
-178
-140
-114
-137
-134
-135
-133
-122
-105
-70
-76
-75
-97
-148
-164
-169
-174
-186
-177
-160
-153
-167
-182
-199
-209
-198
-194
-184
-177
-124
-55
32
138
202
267
299
308
344
382
423
453
474
486
494
480
430
389
340
245
176
147
108
67
21
-4
-13
-51
-84
-137
-188
-232
-285
-320
-325
-301
-296
-306
-330
-331
-307
-302
-295
-296
-254
-180
-77
24
88
163
230
292
321
334
353
392
396
384
396
374
322
256
193
113
16
-80
-187
-274
-362
-414
-443
-450
-467
-512
-516
-493
-435
-360
-279
-195
-116
-60
-3
78
139
163
182
185
210
268
336
383
430
477
512
556
564
543
505
464
418
374
316
259
179
50
-67
-125
-200
-335
-449
-540
-612
-662
-682
-658
-620
-610
-566
-482
-372
-273
-198
-103
-10
106
226
340
434
478
483
476
523
552
529
529
531
537
525
499
489
467
439
418
429
418
390
356
341
355
333
312
240
156
73
-35
-115
-185
-265
-370
-479
-559
-596
-622
-658
-698
-720
-721
-699
-674
-668
-673
-680
-634
-575
-506
-450
-427
-389
-343
-278
-218
-126
1
139
254
312
386
416
424
428
400
377
341
304
229
156
79
-26
-101
-206
-294
-364
-439
-457
-470
-473
-494
-518
-525
-497
-461
-391
-323
-273
-209
-156
-58
35
135
215
267
324
369
418
483
555
583
595
603
597
595
578
574
581
615
646
631
633
612
555
543
534
542
529
491
455
434
406
334
272
209
144
50
-49
-97
-178
-209
-208
-233
-152
-151
-147
-183
-317
-361
-439
-530
-581
-655
-754
-830
-919
-971
-948
-940
-872
-775
-657
-523
-448
-365
-330
-270
-198
-134
-50
55
208
281
407
517
535
558
521
520
519
434
452
467
456
447
497
582
554
583
569
504
480
394
298
195
125
9
3
-47
-114
-150
-341
-399
-519
-598
-690
-808
-835
-940
-923
-875
-799
-710
-555
-376
-245
-18
102
274
313
328
336
277
301
284
358
412
464
452
452
270
136
22
-148
-162
-233
-265
-216
-231
-210
-164
-162
-186
-225
-221
-214
-154
-13
63
110
232
203
336
419
489
641
615
653
576
519
465
316
316
133
121
40
-5
9
-46
31
-129
-69
-279
-348
-446
-523
-523
-518
-230
-195
100
220
267
349
278
182
128
62
-13
94
134
277
348
360
328
255
108
120
-204
-171
-149
-411
-139
-364
-346
-303
-432
-431
-89
-295
-127
44
-421
28
-319
-238
-67
-421
-114
-170
-204
32
-122
-76
-144
-299
-130
-300
-286
-265
-357
-294
-319
-258
-189
-219
-184
-226
-337
-279
-374
-303
-180
-179
155
261
387
555
479
452
367
261
264
223
472
541
661
837
592
774
391
206
167
-285
-192
-308
-360
-190
-113
-47
220
164
252
452
192
300
143
59
126
-13
327
400
687
998
1038
1246
1063
834
665
362
33
-33
-258
-344
-226
-476
-263
-262
-358
-176
-569
-612
-781
-1089
-879
-1097
-824
-401
-489
279
225
351
532
-50
71
-161
-355
-162
-171
-265
245
-15
330
314
-108
155
-571
-411
-722
-860
-704
-1053
-663
-686
-473
-222
-306
-159
-289
-484
-433
-632
-752
-501
-586
-247
224
240
831
805
805
1020
581
661
532
274
592
314
602
766
694
1066
977
1024
817
693
391
97
-221
-310
-580
-604
-418
-719
-244
-365
-598
-228
-717
-775
-606
-1040
-508
-544
-344
161
-30
591
515
528
769
421
567
449
311
393
162
201
237
165
558
397
512
756
130
562
33
-224
76
-677
-289
-465
-703
-122
-542
-350
-100
-669
-106
-399
-613
120
-433
-60
398
-430
625
76
-204
646
-543
118
-255
-672
-14
-644
-11
-20
-183
537
25
499
810
152
1138
544
454
1146
-21
631
318
-337
368
-352
-118
297
-360
256
-72
-88
100
-401
56
-329
-74
-35
-153
96
54
87
262
151
140
486
-134
389
-20
-243
108
-567
-253
-544
-450
-541
-294
-210
-275
68
-104
-54
-1
-132
-331
-281
-618
-446
-506
-369
-289
-204
-112
-208
-134
-433
-386
-932
-659
-1159
-925
-653
-1002
-146
-529
93
217
209
418
563
398
658
834
460
1172
455
811
798
478
876
331
475
106
6
-7
-460
-126
-359
-549
-34
-437
-179
221
-421
391
-23
-194
526
-357
167
343
-264
785
328
403
1133
98
936
597
197
877
-65
463
511
155
1062
615
833
1125
627
841
587
139
260
-320
-462
-196
-1002
-335
-936
-897
-245
-1028
213
-327
-96
203
-395
-45
-322
-665
-593
-595
-1139
-109
-684
-325
167
-704
191
-577
-580
-477
-1138
-493
-935
-315
37
-37
990
526
1231
1199
895
1012
48
47
-641
-587
-980
-862
-775
-1106
-13
-850
191
-101
-360
344
-726
137
-608
-388
-303
-711
161
-254
489
509
526
815
682
834
424
628
-300
78
-418
-323
365
-84
924
565
1237
1304
1257
1336
843
583
489
-34
-84
-77
-563
20
-321
355
90
346
-220
-193
-312
-885
-336
-1617
-880
-1590
-1051
-175
-305
803
766
1130
1345
1300
1145
771
351
99
-123
-50
-20
-85
-121
187
-18
132
-37
-1063
-875
-1817
-1617
-1568
-1874
-1221
-1381
-710
14
209
319
505
-191
-14
-47
-357
-117
-296
-233
379
709
1135
1338
1151
1260
824
1177
579
463
-24
-306
88
36
543
237
125
-157
-114
-345
-325
-759
-1093
-911
-1118
-495
-594
-185
-176
55
728
497
1065
714
202
481
-44
-29
104
-390
-310
-179
-121
259
272
290
299
216
318
287
300
227
261
271
290
244
219
322
211
316
466
330
335
255
78
241
61
91
5
-60
8
25
-64
-213
-212
-584
-125
-493
-379
-88
-820
-112
-496
-305
-6
-552
-247
-166
-212
286
368
-96
183
-607
-570
-580
-960
-673
-793
-609
-25
-145
472
190
18
827
-240
851
-171
-352
-179
-1284
-523
-1077
-1269
-1261
-1382
-1314
-452
-529
-41
152
191
914
1058
1687
1566
1900
2100
2417
2712
2799
2467
2077
1735
1310
1141
203
-289
-1352
-1966
-2081
-2533
-2382
-2554
-2485
-1856
-1369
-849
-456
-728
-616
-575
-528
-20
-169
-47
369
523
1081
1377
1096
1343
999
1363
1955
1871
2307
1880
1617
1374
1177
598
640
-137
-394
-30
-859
-13
-904
-939
-891
-1406
-675
-1086
-859
-998
-1144
-820
-756
-870
-366
-1185
-829
-864
-1338
-907
-1611
-1418
-1563
-786
-487
438
979
986
1698
1188
1529
853
295
-240
-859
-936
-933
-348
-586
427
81
670
1114
411
784
-659
-1041
-1637
-2238
-1834
-2003
-1696
-1191
-1169
-210
-441
-161
-412
-1655
-1738
-2918
-2721
-2506
-1540
674
2862
7323
10455
12618
14378
12368
10621
7876
3140
-628
-4878
-8537
-10033
-10194
-9361
-6947
-4911
-2848
-422
1310
2920
3529
3134
2422
1773
1702
1948
2249
2645
2674
3123
2977
2310
1197
-993
-2680
-4363
-5037
-4955
-4939
-3836
-2955
-1446
473
1729
2635
2760
2470
1984
1691
733
83
-743
-1361
-1010
-972
-364
-177
-205
-216
-478
-892
-1656
-2737
-3704
-4198
-3987
-3305
-2370
-1339
-618
345
594
813
363
-211
-1021
-1172
-774
-525
1315
1220
2888
3341
4128
5091
3994
4543
1952
1856
-3
-1452
-1812
-3705
-3490
-3877
-2967
-2195
-954
-325
526
1034
1173
1425
881
344
273
-389
74
345
251
1651
1131
2739
2328
2503
2338
728
1025
-768
-485
-1216
-1524
-1296
-1667
-1225
-1401
-1473
-1656
-2379
-2212
-2619
-2350
-1421
-1504
485
454
2272
2620
2895
3835
1860
3340
676
1579
381
-505
162
-2390
-466
-3082
-1676
-2904
-3417
-2946
-4440
-2929
-3681
-2427
-1759
-1085
1003
3275
6320
11131
12556
15013
14626
12305
11046
6536
2385
-2115
-6597
-9816
-10290
-10979
-9003
-7070
-5482
-2570
-913
1023
1948
1435
608
-251
-1436
-1622
-2095
-2693
-2239
-2024
-1272
-285
-253
-320
-652
-931
-749
-177
20
406
664
770
1609
1712
1665
1515
461
385
-343
-987
-928
-2074
-1555
-1559
-1207
-183
138
557
1323
1500
1766
2008
903
614
-161
-586
-132
-219
8
1403
314
1459
331
-1395
-1260
-4093
-3531
-4511
-3681
-2456
-1123
1433
2794
5148
5599
5717
4857
3382
1930
120
-1424
-2843
-3655
-3946
-3560
-2860
-1918
-1111
-364
396
621
1509
1461
1372
1377
811
635
420
-80
-301
-454
-895
-326
-1048
-743
-1143
-2310
-2198
-3584
-3874
-3835
-4881
-3955
-4504
-3652
-2689
-2710
-807
115
2069
5335
7524
10147
12954
13406
14549
13213
11363
8520
4496
1130
-2943
-5186
-6964
-7441
-7317
-5993
-4748
-2566
-884
426
1615
1574
1743
916
619
-11
127
-13
462
846
936
1338
898
587
-377
-1126
-2298
-3185
-3820
-4381
-4442
-4607
-4162
-3601
-3035
-1611
-803
52
1687
2061
3075
3787
3165
3255
2236
1130
530
-714
-1451
-2007
-3070
-3069
-3583
-4099
-3319
-3652
-2137
-1283
175
1076
2029
2785
2980
3084
1933
748
-1544
-2511
-4057
-3746
-4111
-3429
-2606
-1699
-151
788
2094
1887
3042
2468
3152
3493
3198
3563
3025
2838
2297
1977
843
-12
-628
-1481
-1530
-1863
-2701
-2873
-3761
-3489
-3248
-2917
-1708
-1199
-45
489
1210
1690
1984
1913
1963
1389
949
786
-504
-644
-1272
-2512
-2420
-3318
-4564
-2666
-4830
-3382
-2645
-4661
-954
-2999
-436
618
1671
4433
5213
8075
7806
9883
9130
10301
10604
10387
10065
7088
5768
2405
466
-1825
-4590
-6321
-7525
-7555
-6394
-5161
-3596
-2442
-1035
254
1649
3068
3050
4049
3429
3880
3724
2905
2403
386
-562
-2289
-3339
-4722
-5564
-5834
-5429
-3986
-2653
-756
-216
519
133
-389
-929
-2338
-3242
-3773
-3560
-2321
-990
143
1836
2437
3180
3652
2605
1596
412
-1888
-2291
-3348
-3226
-2634
-2408
-986
-1099
-27
-699
-992
-1321
-1513
-1529
-1352
-539
-479
1074
824
1307
1070
801
634
13
129
-41
408
672
1364
1631
2309
2844
2804
2821
2457
1655
991
-580
-1325
-2611
-3368
-3329
-3845
-2883
-2802
-2416
-1997
-1410
-470
561
1360
1668
2136
1000
1683
-699
-221
-1837
-2626
-2207
-4642
-1794
-4337
-1308
-3375
-2162
-3365
-3125
-2265
-4345
-922
-4426
-707
-2003
155
1820
4964
8675
13018
20206
19636
23678
20222
16162
14343
7624
2384
-2890
-8604
-10232
-10338
-9920
-6633
-5424
-3368
-898
146
1135
1260
-908
-2056
-2335
-2676
228
1121
3214
5304
6478
8146
7207
5397
2384
-1257
-4762
-5980
-8761
-9865
-10444
-11909
-10889
-9570
-8165
-6556
-5030
-3421
-848
1019
2770
3224
2974
3034
2408
1979
1260
-217
-503
-1244
-469
-28
-17
1173
141
1120
1630
1022
896
68
-1237
-2025
-2659
-3704
-4227
-3800
-3682
-3012
-1452
-677
1706
2960
4410
5302
5658
5356
3827
2283
-46
-1382
-3257
-3684
-3742
-3668
-2215
-1319
-154
1578
2990
4129
5022
5660
4857
4371
2650
839
-895
-3136
-4082
-5730
-5601
-5130
-3586
-1860
-18
1690
2291
3169
3032
1176
1443
-1105
-2469
-2388
-5852
-3675
-5211
-4165
-2383
-4108
-1508
-2930
-2946
-1337
-2845
-1282
-717
-17
2514
5520
8452
11269
15082
15226
18442
16780
14972
12839
7262
4959
-333
-3336
-6362
-8446
-8817
-8101
-6188
-4374
-1849
-873
555
1423
1553
1535
869
-103
-310
-279
-370
407
-252
-110
-377
-1255
-1623
-2603
-4276
-4681
-5463
-6193
-5183
-5460
-4624
-3255
-2626
-1162
-450
-509
-250
-1247
-792
-1067
-1313
-376
-872
256
479
562
600
-156
-412
-745
-914
-284
314
332
1812
1906
2661
3263
2426
1848
942
-54
-1261
-1686
-3258
-3481
-3668
-3443
-2435
-1602
-661
-315
232
31
622
61
568
929
938
2218
2765
3190
3901
3539
3046
2703
1270
913
-185
-1199
-1472
-2532
-3285
-3113
-4446
-3891
-3518
-3321
-1444
-21
1249
3460
4797
5050
7045
4836
5356
3645
193
-147
-4560
-5802
-6353
-8514
-6778
-6737
-4691
-3430
-1220
157
-106
2442
-763
1068
-519
-1195
-277
-1519
1634
3253
8740
12580
16600
20167
20650
20822
17671
13311
7449
1308
-4278
-8340
-10856
-11665
-10557
-9296
-6289
-3168
-643
1821
2862
3392
3176
2431
1661
120
-544
-1225
-1568
-1107
-1333
-1915
-2250
-3711
-5588
-6106
-7876
-8457
-8280
-8007
-6444
-4401
-2621
-1269
-248
20
-110
-880
-1915
-3482
-4558
-5364
-5702
-5082
-4052
-2664
-537
1767
4114
6882
7830
8314
8927
6301
5988
3097
-26
-418
-3619
-3766
-4969
-5460
-5462
-5004
-4166
-3676
-2045
-1944
-420
54
786
2154
2205
3530
3774
3529
3486
2318
929
325
-692
-1219
-614
-675
463
1590
2112
3512
3369
3644
3171
1811
1231
-829
-1931
-3405
-4700
-5377
-5411
-4508
-2568
229
2362
5245
6459
7148
7948
5560
5393
1799
105
-2207
-4930
-4872
-8343
-5693
-7543
-5286
-3454
-2740
1013
2020
4823
4991
5794
4949
4157
3687
2925
3427
4228
6087
7737
9616
10739
9848
9348
6850
4618
1595
-1449
-4558
-6867
-7300
-8087
-6418
-5698
-3447
-1236
248
2367
2842
2946
3007
2100
1735
1073
647
186
-611
-1045
-2199
-2719
-3871
-4834
-5685
-6328
-6631
-6589
-5561
-4801
-3111
-1521
-230
820
913
886
-1135
-1779
-3476
-5251
-5566
-7355
-6932
-6544
-5007
-3122
-2063
300
1106
3080
4689
5284
6206
6314
6130
5797
5534
3682
2861
1004
-377
-1562
-3282
-4394
-6254
-6687
-7285
-6574
-5962
-4665
-2884
-1095
1178
2689
4051
4604
4984
4604
4474
3595
3118
2277
1406
203
-994
-1809
-2872
-2705
-3222
-2139
-2073
-634
585
1159
2549
3171
3803
4270
6087
4435
6240
5021
3789
4856
1949
2057
-277
-1854
-2734
-3544
-4980
-4441
-5852
-5109
-3357
-5915
-1734
-4273
-3109
-703
-3084
992
413
1988
4077
3940
6990
7913
10396
11456
12134
12457
10386
10371
6652
4393
1949
-2629
-3794
-6468
-7167
-7035
-6596
-4820
-3741
-618
291
1941
2187
2345
2891
2150
2651
615
278
-744
-1545
-1451
-2653
-2551
-3374
-3136
-3190
-3432
-3091
-3560
-3449
-3455
-2856
-3755
-3412
-3995
-5019
-4557
-5395
-5690
-5730
-5580
-5203
-4061
-3489
-2461
-1529
-787
-468
892
564
2147
2294
2274
3368
2458
4076
2891
3995
2928
2829
2850
1403
1342
-727
-1545
-2853
-3543
-3855
-4275
-3438
-2340
-1158
1397
2796
4443
6179
6891
7306
7172
6200
4389
3758
2108
1502
1140
-458
-411
-2059
-1987
-2792
-4082
-3601
-5436
-4803
-4361
-3837
-1731
-505
1580
2586
4027
4552
4443
5140
3923
4273
3527
2574
1980
273
-1269
-3210
-4337
-6255
-6694
-7320
-8347
-6399
-6205
-4098
-1004
-436
2172
3683
3688
5276
5271
5752
6906
7492
8733
9085
9979
8621
7897
5505
2495
860
-2299
-3429
-4543
-4906
-4115
-3111
-2362
-777
-367
-579
202
-761
-405
366
489
1682
2772
3115
3872
3679
2450
2083
-5
-1452
-2769
-4683
-4895
-5797
-5893
-5421
-6099
-5519
-5894
-6145
-5469
-5212
-3985
-3101
-1737
-921
-159
161
-626
-600
-2137
-2365
-3079
-3872
-2695
-2941
-784
-221
1032
1478
924
1370
-111
709
94
105
1051
623
1532
1542
1107
937
-22
-480
-1138
-1357
-1114
-720
413
1588
2965
4360
5474
5987
5835
5371
4401
3277
2646
1226
586
7
-746
-570
-1198
-1339
-1785
-2544
-2885
-3328
-2861
-2709
-1273
-121
1187
3326
3267
4700
4227
3752
3588
1777
1445
659
227
627
-146
15
-69
-959
-602
-2237
-2196
-3621
-3159
-3544
-3184
-1158
-2166
523
-246
574
1159
1298
2952
4021
6228
6459
8278
8778
8531
8415
5519
3104
454
-2197
-3353
-4744
-4993
-4692
-4138
-2555
-1439
-152
496
312
569
-375
-495
-783
-1459
-846
-929
71
1045
1239
1863
1346
741
-46
-942
-1736
-2796
-3298
-4397
-4512
-4730
-5100
-4852
-5529
-5328
-4965
-4659
-3896
-3709
-2469
-2316
-1088
182
-713
1109
15
74
1138
-194
535
-107
-710
-578
-994
-1202
-1731
-1474
-1511
-893
11
188
1155
1392
1734
1671
1599
1333
1169
1013
745
1195
1383
2198
2873
3190
3777
3550
3458
3012
2343
1765
1168
630
238
620
95
989
880
657
1408
250
441
-134
-685
-811
-810
-726
-612
399
61
1463
1440
1246
1944
795
1296
738
234
-84
-400
-1138
-878
-1195
-2185
-1379
-2636
-2386
-1757
-2616
-2001
-1882
-2028
-659
-270
376
1338
2202
3186
4437
5325
5121
6186
5424
5087
4525
2324
2056
252
-510
-956
-1977
-1786
-2236
-2099
-2101
-2035
-1825
-1706
-1495
-1121
-595
-298
282
515
993
1317
1272
1232
578
367
-319
-731
-1316
-2020
-2109
-2871
-2974
-3218
-3378
-3209
-2902
-2801
-2282
-1542
-1702
-805
-1050
-1026
-121
-997
-553
-759
-1513
-720
-1288
-1157
-455
-963
-429
-95
-650
-48
-666
-1155
-1229
-1370
-1354
-1033
-695
-867
281
579
1022
1347
1168
1146
1243
1277
987
1458
1506
1806
2787
2975
3421
3706
3221
2638
2592
1511
1242
755
-230
-129
-503
-479
-884
-590
-1268
-1243
-1042
-1664
-1106
-1028
-1538
-616
-821
-434
1035
454
1757
1657
1481
2481
1881
2321
1292
425
-340
-1759
-1520
-2920
-2987
-3763
-3765
-3498
-2745
-1886
-2138
-269
-1178
910
2168
1534
4350
3823
4714
7376
6262
7998
8565
6387
6954
4569
2362
1802
-870
-1942
-2873
-3757
-3561
-3141
-3165
-2550
-1873
-1929
-556
-850
-495
246
-154
900
1298
1439
2115
1772
1376
1242
72
-594
-1812
-2931
-3245
-4138
-4225
-4585
-4669
-4443
-3977
-3461
-3126
-2336
-2238
-1704
-1344
-1302
-796
-699
-726
-569
-1166
-828
-1675
-1281
-1960
-2620
-1996
-3728
-2200
-3143
-2793
-1787
-1947
-675
393
1180
1918
3150
2575
3509
3220
2180
2032
774
73
-334
-632
-739
-233
351
1007
2236
3079
3717
4556
4514
4696
4423
3851
3687
2618
2862
2093
1783
1939
685
982
-82
-487
-606
-1823
-1653
-2550
-2685
-2541
-2916
-2555
-1568
-1178
163
2111
1685
4167
4163
3946
4771
3440
1660
1326
-1105
-3834
-2810
-7736
-6253
-7402
-8582
-5850
-6632
-3908
-2383
-314
1344
3708
3888
6353
7126
7692
10011
8011
9666
8328
6622
6165
3010
1219
-434
-2617
-3895
-4331
-5639
-5037
-5120
-5045
-3662
-3657
-2777
-1780
-1517
-202
854
1481
2956
3465
4194
4612
4251
3353
2191
246
-1676
-3364
-5332
-6245
-7184
-7285
-6597
-5947
-4190
-3043
-2000
-437
310
1201
1514
1254
397
488
-907
-626
-1429
-1843
-1432
-2487
-691
-2385
-486
-1624
-1773
-583
-2310
-76
-1611
-401
-189
66
1399
1136
2253
1471
1916
1057
360
152
-998
-1167
-1318
-1697
-1338
-580
-818
360
603
1052
1955
2219
2701
3368
3947
3832
4582
4141
3913
3901
2695
2133
1054
-501
-1039
-2469
-3205
-3932
-4434
-4201
-3945
-2433
-2098
228
1227
2699
4547
5068
5627
6056
5614
3796
4672
644
944
199
-3507
-1283
-4652
-4978
-3750
-6001
-4472
-3997
-4305
-1934
-994
509
2477
4949
5878
9015
10487
11285
13195
11430
11445
8994
6749
3886
715
-2354
-4690
-7018
-8316
-8782
-9354
-8094
-7822
-6176
-4955
-3350
-1986
-859
162
953
2046
2545
3268
3178
2884
2591
1220
192
-1320
-3754
-4827
-6908
-7768
-8039
-8862
-7707
-7674
-5799
-4451
-2818
-813
-61
2219
2293
3331
2706
2587
1679
815
487
-1305
-968
-2383
-2026
-2246
-2205
-2173
-2131
-2056
-2305
-1030
-1596
-250
931
1693
3882
4787
5563
6183
5872
4643
3868
1965
48
-496
-2232
-2190
-1817
-1618
-303
424
1467
2098
3017
2819
3219
3540
2801
3804
3015
3199
3293
2749
2776
1819
1604
-2
-109
-1921
-2589
-2985
-4766
-3451
-5003
-3580
-2877
-2313
20
57
2030
2804
2738
4083
3112
2319
2485
-415
-789
-1633
-5000
-3206
-6768
-6528
-5627
-8964
-4758
-7313
-4654
-2583
-2241
1845
2959
6390
8292
10804
11739
12279
12592
10798
9707
7002
3790
1589
-1772
-3485
-4855
-6109
-5878
-5611
-4754
-3011
-1715
-559
874
1593
2324
3378
3479
4000
4564
4067
4683
4248
3749
3126
1461
134
-2179
-3953
-5931
-7798
-8727
-9305
-9119
-8215
-6388
-5057
-2844
-1149
-157
1129
1881
1484
1797
1017
-302
259
-2447
-1241
-3790
-4038
-3923
-7029
-4283
-7611
-5548
-5929
-5832
-3527
-3542
-556
256
2616
3809
5041
5689
5775
4862
4297
2364
982
-122
-1818
-1656
-2239
-1645
-419
789
2054
3900
4050
5129
5315
4357
4674
3302
3137
2828
2910
2867
3365
3442
2962
3071
1519
843
-843
-2120
-3572
-4117
-4714
-4459
-3253
-3145
-167
347
2090
3965
3795
4960
4438
3750
2325
1064
-1096
-2362
-3488
-5165
-4585
-6207
-5028
-4589
-4756
-2433
-3520
-1407
-1066
-79
1317
3071
4893
7161
10499
10431
15151
12687
14205
12746
7702
7842
1130
-1175
-4342
-7723
-8436
-8779
-8958
-7539
-5968
-5324
-2783
-2674
-1526
-473
-704
309
549
795
1765
2029
1991
2587
1443
901
-241
-2609
-4005
-5846
-7904
-8338
-9332
-9291
-7749
-7587
-5073
-3518
-1901
62
833
1551
1813
1681
1044
874
-422
-215
-1082
-1295
-1120
-2020
-1369
-2342
-2175
-2878
-3115
-3236
-3692
-2615
-2801
-1090
249
1264
3680
4507
5897
6856
6307
6823
5384
4702
3710
2133
1954
1036
1116
1456
2012
2461
3453
3617
3913
3781
3080
2361
1666
790
185
401
-364
897
658
1299
1599
877
841
-747
-1153
-3003
-3127
-4117
-4234
-2846
-3321
-535
-42
1109
2779
2261
3025
2467
1750
1029
253
-964
-1202
-1837
-2552
-2181
-3778
-3098
-4207
-4309
-3993
-4665
-3533
-3138
-1245
116
3153
5201
8039
10797
11644
13336
12508
11166
9648
6036
3090
-109
-3450
-5171
-6737
-7472
-7222
-6542
-6024
-4292
-3754
-2873
-1748
-2348
-1131
-1348
-656
182
573
1877
2461
3496
3704
3678
2740
1610
-236
-2417
-4047
-6475
-7654
-8476
-9046
-8241
-7492
-5955
-4292
-2379
-938
343
1603
1266
2177
1041
982
763
-480
276
-173
-592
1313
148
365
1459
-2307
25
-2959
-3743
-2801
-5252
-3040
-2864
-1275
635
2468
3466
4638
5212
4444
4419
3139
1387
1409
-157
-298
341
-344
1175
1380
1959
2794
2593
2694
2304
1961
1366
1079
682
627
603
681
954
668
632
218
-394
-996
-1432
-2864
-2610
-3606
-3352
-2842
-2965
-1731
-993
729
1228
4059
2763
5002
4519
3118
5239
1364
1917
555
-2263
-1287
-3441
-4034
-3103
-4716
-2350
-2602
-766
579
2375
4792
6234
9568
9285
12016
11966
11149
12079
8495
7391
4959
1283
396
-2799
-4211
-4772
-6081
-5558
-4981
-5443
-3864
-4092
-4034
-2933
-3320
-2755
-1930
-1793
-942
439
457
1863
1870
1719
1737
177
-702
-2847
-4450
-6331
-8013
-8834
-9766
-9496
-9433
-8054
-6971
-5403
-3365
-2835
-482
16
587
2145
677
1745
1148
116
847
-1158
-1089
-1919
-2593
-2398
-3391
-2811
-3187
-2431
-1609
-1259
419
737
1993
3241
3601
4937
4827
4844
5199
4330
4191
3702
2486
2651
2047
1788
2400
2024
2439
2923
2781
3110
3217
2337
2142
1617
270
595
-570
-763
-480
-1254
-314
-781
-610
-355
-808
-780
-861
-1872
-1291
-2299
-2799
-2037
-3594
-2695
-1807
-3222
-58
-291
-16
3170
1326
3669
3404
2795
2091
1013
-404
-2438
-2856
-5729
-5893
-6251
-6574
-4425
-3434
-759
2498
5690
9339
12271
14606
15446
16120
14410
12832
9860
6038
2628
-1137
-3770
-5537
-6716
-6899
-6471
-5937
-4306
-3882
-2869
-2139
-2165
-1528
-1097
-918
350
1025
1781
3346
3558
4302
4468
3164
2457
660
-1443
-3475
-5769
-8015
-9337
-10006
-10752
-9642
-8974
-6877
-4523
-2469
415
1501
3420
3744
4096
3989
2742
1888
291
-349
-1319
-2074
-2735
-3236
-4241
-4144
-5189
-5607
-5736
-6236
-5026
-4195
-2370
-890
1104
2576
3921
4833
4998
4617
3886
3002
1314
1257
-178
-60
297
-169
1647
1334
2329
2642
2464
2830
2225
2218
1858
1882
1841
1828
1910
1876
1775
1459
1134
264
213
-719
-1256
-900
-2782
-1103
-3085
-1725
-1597
-2321
257
-2016
981
-574
894
986
377
2169
-51
1849
830
-128
549
-1271
-1963
-1638
-3814
-3535
-3761
-4721
-3274
-2440
-1059
2938
5662
8265
13008
13784
16470
17140
14330
13237
9479
5301
2028
-1767
-4809
-5724
-7132
-6979
-5644
-5841
-3750
-4250
-4011
-2926
-4472
-3149
-3323
-2886
-330
1052
2894
5762
6105
6975
7354
4989
3723
517
-2867
-5393
-8371
-10679
-12102
-12759
-12703
-11250
-9261
-7103
-4123
-2049
103
1843
3039
3550
3059
2418
1894
769
-14
-691
-2410
-1015
-2640
-2668
-2328
-5147
-3577
-6387
-6478
-6323
-7061
-4794
-4413
-1168
483
3559
5201
6677
8221
7863
8198
7051
6184
5082
4413
3319
3262
2795
2428
2918
1990
2231
1551
553
1086
170
699
989
1300
1996
2481
2271
1994
1841
312
197
-1595
-1608
-2426
-3045
-2756
-3609
-1983
-2824
-1888
-1424
-1677
-822
-2181
-1776
-2873
-1928
-1505
-2864
243
-827
149
2896
-369
1660
1042
-2321
-98
-3388
-3959
-3326
-3982
-2180
876
3653
6767
12440
12077
16021
14778
12283
12424
5639
4173
-498
-3597
-4562
-6611
-6278
-5383
-4666
-3462
-1594
-2283
-1009
-1678
-3248
-1967
-3061
-2457
-197
344
3275
5914
7032
8595
9024
7602
6476
3983
574
-1697
-5227
-8046
-9928
-11583
-11904
-11693
-10818
-9206
-7307
-5193
-3172
-1577
83
1553
1419
3304
2594
2365
3821
626
2113
141
-1684
-550
-4144
-2991
-5175
-5578
-5353
-7167
-5538
-5891
-4596
-2537
-1626
406
2732
3414
5654
5585
6109
6417
4954
4748
2819
2301
1683
203
633
-95
83
856
-296
54
-576
-1448
-1262
-1605
-1350
-449
64
989
1451
2101
1886
915
1294
-1224
-260
-801
-2134
349
-1548
734
1295
564
2294
274
562
-440
-1804
-1898
-2242
-2865
-1943
-1352
-810
2773
1949
3960
4165
2087
3917
-269
-930
-1849
-4880
-2906
-3363
-1502
2844
5864
9637
14675
16043
18402
18450
14294
13190
7332
3415
323
-4921
-5153
-5838
-5956
-2880
-2419
-855
878
-520
-1017
-2661
-4371
-5542
-5718
-5210
-3556
-858
1983
4862
6649
8175
7483
6429
4349
640
-2584
-6121
-9631
-12496
-13322
-15289
-15261
-13702
-13760
-10516
-8528
-7235
-3705
-2890
-1213
434
129
809
1111
403
937
880
-28
1841
-1043
42
-949
-4250
-1560
-6341
-5851
-4863
-8919
-4109
-5504
-3764
332
-997
3339
3700
5371
6684
6679
7072
6349
6666
5644
4930
5072
3787
3534
3282
1691
1934
1044
160
435
-204
-130
483
776
1627
2693
2947
3739
3901
3628
3585
2274
1810
833
-181
-673
-1572
-2548
-2369
-2411
-2505
-1212
-1357
-1444
-172
-1372
-1249
-140
-2057
-1010
-1624
-1644
-465
129
303
-206
646
-1217
-1013
-1012
-3860
-1989
-2564
-2261
2164
2532
7270
10443
12438
15594
15831
15167
13261
9439
5911
2020
-2455
-4471
-7247
-7198
-6888
-6325
-4298
-3916
-2811
-2618
-3236
-3421
-4081
-4078
-3309
-1651
678
3640
6649
8917
11046
11657
10716
8940
5449
1978
-2054
-6215
-9137
-12006
-13087
-13258
-13121
-11150
-9154
-7435
-3847
-3165
-1497
395
-878
488
-544
-1627
-847
-1898
-1680
-703
-1737
248
-657
-1917
-1327
-5157
-4336
-6594
-7543
-7346
-7542
-5833
-4096
-1171
95
3174
3880
5317
5826
5704
4911
4092
3262
2244
2779
1788
2614
2751
2861
3533
3028
2697
2220
1323
1292
803
646
1132
549
1421
1284
1069
1765
666
259
182
-1163
-1197
-1505
-2959
-2408
-3230
-3624
-2808
-3661
-2650
-2092
-2152
-289
-756
466
1017
-263
1269
-936
570
-418
53
-20
-592
189
-1327
281
-1207
535
-291
471
1271
2341
5672
7272
10666
12546
14458
16809
16594
16115
14515
10527
8506
4230
865
-1461
-4500
-5252
-6065
-5965
-5791
-5161
-5065
-4473
-4117
-4031
-2886
-3258
-1588
-493
317
2871
2950
4367
5314
4273
4239
2367
-157
-2638
-5416
-8225
-10371
-11526
-13044
-12340
-11724
-10542
-7900
-6332
-4104
-2950
-1829
-1549
-1787
-1620
-2273
-2215
-1614
-1750
-720
181
66
2028
563
929
39
-3038
-2683
-5142
-5850
-3704
-4510
-2710
1382
-513
5539
4962
4350
7579
2523
4462
1978
-218
245
-1495
-964
86
227
1829
2758
3274
4078
3712
3840
2888
2643
1728
1621
1750
2063
2689
3227
4005
3818
4599
3455
3315
1738
362
-1440
-3128
-4202
-5792
-5051
-5868
-4048
-2990
-1305
525
1573
2977
3675
2526
3882
1004
1098
1094
-3718
210
-4534
-3238
-2604
-5398
-2992
-3159
-3472
-1889
-1564
-2149
1551
-518
2352
2899
3510
7335
7370
11066
12383
13736
14715
13877
12951
11805
8945
5576
2393
-2236
-4017
-6780
-8483
-8156
-8825
-7270
-5851
-4759
-2403
-740
380
1849
2463
3499
4258
4650
4441
4107
3554
2012
346
-2032
-4565
-6664
-8634
-10689
-11072
-11575
-11270
-9710
-9240
-7215
-5984
-5926
-4202
-5020
-3891
-3566
-4876
-2959
-3980
-2416
-1134
-1842
-191
-3
-637
829
-1397
-844
-217
-2630
709
-2383
434
1459
1120
4186
2590
4268
3158
3267
2166
2003
1099
577
693
840
2188
2682
4324
4748
6099
6529
6639
6486
5903
5857
5409
5391
5084
4652
4497
4189
3641
3176
2039
744
-201
-2186
-2695
-4728
-5953
-6520
-7792
-6778
-7213
-6062
-5018
-4148
-2509
-1401
-462
1836
2276
2841
3688
2507
3055
2429
289
-434
-2065
-4045
-3270
-5941
-5393
-4553
-5535
-2266
-2646
-1626
975
-163
2118
2806
3634
7371
7582
11374
13556
15325
18287
16880
16271
14429
9892
6672
1548
-3863
-6200
-10226
-11402
-11651
-11280
-8616
-6362
-3884
-1442
381
1776
3209
2990
3501
3764
3146
3609
2815
2394
2011
567
-558
-2227
-3752
-5632
-6973
-8416
-9660
-9759
-10354
-10324
-9532
-9479
-8435
-7331
-6808
-5350
-4462
-3670
-2586
-2376
-1592
-1804
-1783
-1813
-2030
-1786
-1691
-1578
-1244
-35
-142
2069
1747
3143
4552
2904
5536
3012
2871
2736
-747
194
-1918
-2478
-2262
-2645
-1179
274
1965
3540
5072
6481
7744
8185
8660
7948
7941
7100
6452
6193
5294
4888
3822
2952
2165
1259
272
-782
-1766
-2062
-2536
-2678
-3154
-3459
-3293
-3721
-3482
-3622
-3313
-2841
-2115
-1682
-424
444
262
2112
259
676
501
-2830
-2042
-4779
-5599
-4218
-6337
-3696
-3787
-2129
564
-101
2276
1428
1276
1230
-65
-524
195
631
2800
5846
8557
12946
15445
17279
18396
16806
15012
11364
6061
1853
-2866
-6526
-8767
-9616
-9637
-7573
-5465
-3479
-408
903
2228
2802
2161
1505
528
-410
-1084
-1545
-1438
-1367
-764
-267
-752
-884
-2085
-3923
-4973
-7421
-9036
-10005
-11271
-11126
-10575
-9697
-8380
-6580
-5575
-4630
-3634
-3823
-3783
-3642
-4609
-3845
-3274
-2793
-359
313
2075
4701
4088
7119
6393
5383
6784
2683
3154
2064
-891
-38
-1702
-3482
-1077
-3583
-2079
-1326
-2521
187
-267
1497
2947
4305
6078
8118
9044
11118
11457
11947
11530
9801
8526
5279
2953
-286
-2866
-4579
-6005
-6428
-5855
-5241
-3984
-2364
-2016
-1032
-1181
-1825
-1783
-3380
-3183
-3877
-4084
-2173
-3260
-607
-576
-563
1680
-1307
30
-2076
-4138
-3229
-6014
-5911
-4643
-6036
-2800
-916
-1276
3960
2199
3882
4641
1435
3388
527
402
1007
979
4656
7385
11318
15507
18725
20690
21749
19307
16601
12383
6366
2118
-3874
-6728
-8783
-9538
-8435
-7295
-4889
-3201
-1800
-813
-1416
-1127
-2269
-3420
-2778
-3365
-1937
-700
-193
1086
1734
1140
673
-1445
-3876
-5833
-8950
-10237
-12084
-12483
-11887
-11573
-9503
-8239
-6790
-4936
-4929
-4270
-3957
-5286
-4714
-6289
-5764
-5392
-4436
-2486
-1074
1827
2473
5613
4868
6939
5847
5522
4707
2573
3679
273
2879
352
1091
1948
-465
1797
-207
169
390
-350
1016
1709
3320
4980
6532
8345
10008
10889
11742
11151
10262
9020
6651
4828
2151
32
-1694
-3266
-3861
-4196
-3868
-3300
-2911
-1999
-2135
-1675
-2178
-3225
-3194
-4748
-4351
-4500
-4593
-3199
-3240
-2127
-1812
-1112
-1936
-1501
-2919
-4194
-3350
-5979
-3830
-5673
-3642
-2553
-2860
1730
-1684
2912
2322
-153
4133
-1077
797
1169
-1651
1999
2125
4442
7879
10324
13473
17380
17655
19240
18015
15558
14193
7889
5486
158
-3006
-4751
-7856
-7374
-7240
-7204
-5075
-4879
-4833
-2962
-4167
-4112
-2955
-4165
-2787
-1665
-2161
-450
-14
-486
-905
-1678
-4099
-5200
-6834
-9055
-9330
-9918
-9924
-8954
-7676
-6606
-5054
-3890
-3635
-2894
-2743
-3697
-3753
-4415
-4830
-4348
-3926
-3586
-1785
-4
697
3485
4225
5233
7078
5867
6597
6339
5392
5763
4053
3774
3888
2423
2860
807
292
386
-1274
-344
-1456
235
1249
2844
5116
7020
9452
10842
12194
11860
12862
11060
9810
7871
5024
3355
536
-1589
-3703
-5074
-6297
-7146
-7928
-7680
-8026
-7181
-7131
-6983
-5725
-6453
-4993
-5935
-4698
-4783
-4718
-3533
-4118
-2696
-3422
-2915
-3167
-2992
-3114
-3948
-4090
-4239
-3852
-3496
-3093
-2109
-1170
1041
116
2884
1715
2738
3959
498
4139
1063
3532
3833
4418
7057
9085
11921
13253
16616
16355
18575
16913
15050
13754
9502
7610
2875
-279
-2338
-4708
-5445
-6686
-6570
-5944
-5474
-4672
-3885
-3776
-1685
-1997
-1273
228
-397
790
830
-455
-160
-1354
-3248
-4397
-6436
-7442
-9006
-8924
-10270
-9492
-8265
-8889
-6920
-7050
-6123
-5740
-5878
-6244
-5741
-5747
-6297
-4913
-5448
-3656
-2313
-1833
366
1084
3018
3689
4223
6171
4737
7093
5822
4428
7045
3466
3950
3655
-504
1218
-1116
-3055
-1597
-3488
-2125
-1118
-541
1909
3315
5574
6926
8423
10406
9994
11526
10377
9452
9066
5951
4169
1520
-1376
-3776
-5926
-7735
-8377
-8060
-7767
-6719
-4819
-3514
-2060
-838
-802
-429
18
-1066
-1202
-1416
-2134
-1526
-2135
-2338
-1939
-2002
-2393
-2258
-2393
-2602
-1308
-1163
-1011
908
1049
1633
3676
3193
3684
4790
2999
2496
3347
-263
1256
-796
-1740
219
-1385
2953
2262
7419
9258
11753
16281
15521
18253
16525
14509
11480
8122
3252
-237
-4160
-7608
-8355
-10496
-10531
-10098
-9907
-8769
-7857
-7321
-5997
-4804
-4239
-2933
-2085
-1144
-601
-3
-287
-997
-887
-2903
-3581
-4336
-5860
-5921
-6001
-6914
-6204
-6007
-6477
-5646
-5959
-5722
-5215
-4793
-4607
-4093
-2933
-3178
-1726
-1046
-1033
1314
1098
2742
3987
4291
5810
5914
6326
6814
5712
7046
4078
5450
3862
1549
4491
-1748
2070
-1569
-2046
-879
-3190
-701
-1347
929
2045
4624
6349
8609
9810
11350
11099
11025
9489
7474
5409
2332
60
-3035
-4477
-6627
-7183
-7362
-7543
-6049
-5446
-4527
-2874
-2437
-2032
-1111
-1832
-1767
-1942
-2994
-3386
-3880
-4532
-5228
-4668
-5893
-5147
-4661
-4879
-3719
-3440
-2135
-1639
-194
690
1372
2418
3483
2231
5082
2840
2773
3659
-1124
2096
-1717
-1248
-1237
-1878
-472
1703
2980
5652
9971
10636
15944
15572
18273
17936
16927
15363
11550
9478
4576
1949
-2287
-4880
-7014
-8405
-9388
-10054
-8928
-9334
-7659
-6660
-6157
-4075
-3387
-2604
-1627
-1302
-1510
-1221
-1981
-2861
-3204
-3718
-5097
-4551
-5606
-6026
-5378
-6796
-6379
-7082
-7331
-7540
-7597
-7252
-7087
-6054
-5157
-4367
-2454
-1825
-103
1712
2623
4300
5966
6317
8128
9012
8302
10101
8013
8327
6905
5766
4208
3234
1372
540
622
-1813
536
-3258
116
-1902
-788
981
-987
3367
1536
4570
4820
5456
6071
5781
5103
4071
2937
605
-629
-2993
-4306
-5531
-6292
-7102
-6823
-6652
-6205
-5286
-4783
-3560
-2933
-1924
-1745
-1179
-1408
-1630
-2122
-3165
-3229
-4698
-4383
-4792
-4668
-2978
-2956
-965
743
908
4186
3460
4673
5775
4387
6008
5129
3793
4697
2912
2472
2925
-672
1552
-1717
-526
-1189
-1773
290
-160
3346
3280
7695
7843
11763
13086
13750
15909
14202
14328
12210
9589
6660
4030
-703
-2384
-6404
-8335
-9332
-11912
-10621
-11826
-9976
-9328
-8055
-6355
-5506
-3326
-3543
-1508
-1964
-1309
-943
-1872
-1223
-2012
-2380
-2543
-3480
-3872
-4103
-5359
-4798
-5844
-5546
-5308
-5701
-4769
-4712
-4428
-3731
-3413
-3351
-1991
-2518
-1228
-520
51
1673
2143
3184
3711
4295
4307
4684
3772
4103
3384
2939
3318
1902
2646
2156
2172
2674
2029
2559
2117
2233
2141
1717
2321
1809
2705
3110
3288
4293
4437
4676
5240
4703
4570
4157
2726
2920
1225
833
161
-1383
-965
-2468
-2349
-2958
-3591
-3611
-4401
-4339
-5257
-5270
-5791
-5819
-6091
-5797
-6144
-5679
-5189
-5140
-3821
-3541
-2267
-1485
-284
-84
1291
1283
1484
2251
1128
2111
1035
865
670
-22
309
-112
-38
310
133
1071
1208
1313
2986
1769
4812
4112
5912
7788
7356
10607
9712
11734
11569
11426
11577
10352
9238
8038
5270
3787
1736
-999
-1642
-4181
-4895
-5539
-6439
-6440
-6251
-6980
-6041
-6508
-6639
-6080
-7278
-6498
-7186
-6772
-6506
-6279
-5477
-5107
-4430
-4020
-3653
-3740
-3014
-3704
-3042
-3167
-3640
-2989
-3820
-3262
-3647
-3391
-3410
-3114
-2806
-2268
-1391
-876
711
1140
2653
3114
4003
4632
5110
5482
5163
5421
4752
4737
4264
4056
3154
3651
2559
2729
2315
1516
2121
1021
2131
860
1727
1099
1026
1307
485
794
552
709
593
1307
521
1465
971
738
1212
97
302
25
-708
-580
-1006
-1624
-1104
-1871
-1717
-1679
-2537
-2234
-3129
-3385
-3395
-3998
-3396
-3096
-2708
-1353
-1270
-277
341
356
1163
903
1349
1040
1164
1082
775
1227
1058
1190
1825
1659
1545
2079
222
1072
125
-704
488
-1763
-59
-395
136
1680
1468
2695
3502
4096
4435
5324
4738
6138
6097
5999
6790
5983
6555
6076
4638
3527
1730
-499
-2127
-4610
-6526
-7627
-9122
-9631
-9613
-9597
-8791
-7842
-7194
-5918
-4561
-4066
-2766
-2139
-1753
-464
-538
111
1010
946
1954
2021
1574
1784
599
-182
-853
-2179
-2725
-3284
-4111
-3391
-3162
-2725
-1032
-573
1107
2689
2992
4498
4950
5068
6334
5397
6106
5818
5082
5251
3682
2935
1718
140
-1091
-1719
-3482
-3195
-3792
-3937
-2736
-2725
-1297
-604
534
1265
1952
2637
2449
3061
2728
2522
2866
2195
2115
1833
1238
766
447
-558
-880
-1589
-2519
-2586
-3871
-3803
-4414
-4703
-4085
-4460
-3632
-3010
-2639
-1698
-1071
-957
-407
-295
-676
-113
-779
-939
-764
-1583
-1144
-1543
-1554
-1432
-1280
-892
-621
324
135
1461
1829
2309
3325
3494
3604
4145
3542
2891
3193
1172
2371
970
1133
1580
287
1924
1166
1327
2495
1486
2325
3179
1987
4109
4009
4473
6177
6093
6253
7335
5653
5118
4065
535
-65
-3355
-5299
-6323
-8326
-8505
-8585
-8847
-7464
-6869
-5766
-4059
-3579
-2002
-1324
-889
41
231
171
881
72
-144
-149
-1597
-1593
-2439
-3607
-3648
-4513
-4882
-4766
-5002
-4580
-3849
-3036
-1783
-268
1315
3073
4717
6047
6999
7604
7652
7554
6858
5835
4639
3341
2179
937
153
-819
-1412
-1386
-1768
-1357
-926
-680
199
1154
1443
2659
3040
2830
3983
2523
2619
1661
61
-156
-1934
-2283
-3082
-3479
-3375
-3561
-3116
-2827
-2628
-1782
-1835
-1037
-241
-486
748
542
786
1505
816
1046
820
-12
-313
-1140
-2070
-2449
-2901
-3268
-3123
-3093
-2734
-1985
-1462
-433
474
1440
2513
3158
3885
4142
4449
4115
3976
3455
2663
2250
908
272
-677
-1621
-2170
-3119
-3356
-3532
-3947
-3163
-3327
-2567
-1596
-1236
-191
504
820
1052
1634
651
960
230
-647
-161
-1046
-721
-452
-1025
-280
-240
-576
291
-930
-986
-848
-1888
-1250
-1381
-1500
-247
-111
650
1746
1518
2379
2182
1918
2083
1308
1123
985
609
1027
1122
1077
1505
1660
1792
2129
2239
1935
2602
2296
2343
2783
2049
2510
2274
1730
1963
1080
727
375
-575
-581
-1287
-1449
-1467
-1678
-1295
-1118
-840
-402
54
475
999
1347
1386
1638
1140
787
280
-938
-1295
-2525
-3138
-3388
-4223
-3897
-3882
-3787
-2227
-2252
-720
-34
373
2031
1761
2915
2796
2888
3125
2621
2290
1651
708
-107
-962
-2112
-2479
-3514
-3829
-4014
-4591
-4041
-4344
-4092
-3565
-3651
-3070
-2714
-2775
-2075
-1779
-1761
-658
-813
-164
808
524
1560
1739
1524
2248
1518
1580
1455
591
668
-184
-199
-334
-802
-281
-338
60
925
863
1818
2285
2375
3615
2598
3379
3327
2327
3374
1199
1394
997
-806
65
-1478
-1608
-895
-1761
-426
264
453
2301
2356
2951
3992
2909
3089
2306
749
535
-1068
-2218
-2635
-3629
-3660
-3695
-4127
-3242
-3224
-2808
-1714
-1958
-553
107
448
1938
2043
2940
3639
3520
4099
3795
3583
3221
2527
2057
1282
1014
209
25
-241
-662
-457
-929
-578
-409
-574
-169
-168
101
372
460
585
607
695
517
544
172
90
-174
-630
-740
-1418
-1546
-2131
-2616
-2882
-3433
-3388
-3911
-3654
-3671
-3066
-2669
-1884
-805
-198
1454
1552
3064
2911
3366
3369
2595
2683
1247
1156
-136
-719
-1126
-1979
-2042
-2200
-2332
-1933
-1801
-1617
-1030
-860
-290
-2
-40
231
208
85
26
-262
-515
-711
-909
-1081
-1143
-1270
-1338
-1373
-1440
-1474
-1460
-1442
-1456
-1252
-807
-928
-75
-91
373
1037
608
1311
693
615
521
-120
-463
-268
-1355
-665
-860
-1242
193
-1021
655
225
628
1735
1103
2454
2492
2895
4179
4336
5197
6325
6185
7073
6915
6384
6157
4797
3540
2564
588
-244
-1579
-2949
-2906
-3986
-3703
-3501
-3464
-2684
-2151
-1750
-1036
-712
-282
305
158
788
897
742
1205
680
680
678
-23
-56
-606
-687
-867
-1045
-857
-1048
-471
-316
-187
412
114
644
493
427
425
45
210
-14
42
-140
193
-264
-12
-220
-750
-610
-1369
-1740
-1963
-2589
-2765
-2839
-3138
-2941
-2821
-2739
-2008
-2221
-1237
-888
-779
757
-94
1734
1137
1834
1848
1435
1613
251
619
-1288
-831
-2365
-2104
-2624
-2743
-1992
-2307
-1209
-1228
-431
-146
184
189
390
43
46
-283
-570
-622
-863
-849
-803
-733
-576
-251
-64
373
624
1053
1324
1719
2008
1900
2371
1880
1767
1767
684
1251
18
340
-105
-333
-25
-581
367
-540
627
-85
636
481
630
955
735
1497
832
1670
861
1229
585
516
-352
-373
-1157
-1287
-1138
-1433
-168
-14
1488
2186
3723
4155
5591
5267
5786
5453
4414
4579
2650
2798
1409
877
480
-274
-590
-841
-1520
-1839
-1968
-2810
-2400
-2887
-2668
-2115
-1760
-880
-110
644
1324
1920
2007
2336
1933
1347
1013
-168
-650
-1530
-2504
-2907
-3878
-4180
-4588
-4879
-4620
-4756
-3977
-3487
-2627
-1629
-568
346
1430
2082
2424
2790
2260
2170
868
498
-1010
-1772
-2715
-3547
-3927
-4494
-4266
-4635
-3837
-3733
-2877
-2375
-802
-1127
1505
1054
2207
3924
2398
4950
2930
4283
2745
2776
1451
538
253
-1813
-1108
-3213
-2409
-3418
-3009
-3088
-2594
-2036
-1594
-482
-218
986
1368
2251
2399
2949
2927
2865
2810
2412
1949
1771
1053
641
572
-147
-25
-103
-681
-210
-446
-578
-41
-491
119
430
634
1208
1560
1764
2550
2381
2635
2882
2304
2746
2189
1703
1929
852
905
590
-418
284
-1211
-783
-1272
-1994
-1261
-2000
-1843
-1334
-1533
-927
-107
-446
891
1075
1353
2492
1956
2875
3019
2329
3164
1765
1981
1390
134
475
-946
-1161
-1552
-2103
-2303
-2028
-2611
-2271
-1787
-2243
-942
-1461
-789
-398
-554
-124
-420
-165
-492
-292
-836
-514
-672
-801
-292
-587
-174
113
101
248
399
138
437
-72
-95
-286
-683
-499
-842
-894
-915
-1056
-1348
-1104
-1714
-1401
-1682
-1763
-1404
-1828
-1221
-1540
-1077
-1186
-801
-739
-661
-347
-788
-97
-737
-352
-648
-737
-550
-602
-724
-753
-491
-915
143
-685
99
581
247
1486
1162
1537
2205
1703
2151
1950
1496
1765
1041
1010
734
751
326
578
386
556
871
614
1118
875
1415
1236
1443
1407
1355
1584
1030
1208
691
415
201
-609
-422
-1394
-1265
-1441
-1803
-1033
-1380
-485
-548
333
527
810
1632
979
2032
1610
1264
1850
860
1226
1134
407
694
447
-121
426
-432
-577
36
-1499
-258
-1261
-1201
-451
-1024
57
277
870
1790
2380
2690
3755
3617
4048
3917
3554
2979
2761
1569
968
467
-1064
-636
-2317
-2499
-2911
-3481
-3578
-3469
-3960
-3310
-3023
-3319
-1901
-2627
-1409
-1274
-1296
-753
-852
-862
-1009
-1138
-1592
-1373
-1865
-1920
-1921
-1946
-1910
-1800
-1791
-1508
-1332
-1017
-706
-594
-81
111
330
357
807
478
840
809
297
975
124
368
249
-259
27
-379
-327
-501
-524
-546
-701
-624
-681
-859
-500
-891
-411
-172
-456
577
62
954
1202
1245
1859
1932
1927
2296
1924
1702
2003
685
1694
297
700
867
114
1192
597
1215
1242
1446
1072
1397
991
545
573
-199
-243
-488
-772
-732
-690
-867
-221
-476
-214
110
-113
497
546
630
1413
1274
1934
2493
2222
3138
2604
2736
2641
1803
1556
863
51
-120
-951
-1198
-1193
-1801
-1019
-1561
-655
-867
-578
295
-721
982
-430
286
465
-932
403
-1422
-1044
-1746
-2159
-2495
-2872
-3068
-3336
-2376
-3023
-1181
-1027
315
1868
2518
3953
4648
5141
5153
5267
3958
3649
2035
674
-487
-2221
-2905
-3960
-4564
-4818
-4763
-4933
-4114
-4125
-3612
-2890
-2910
-2006
-1588
-1343
-596
-247
-174
559
237
323
371
-131
28
-301
-501
-418
-390
-334
-46
89
302
745
606
934
1010
737
1246
789
834
1108
744
1022
1071
626
1109
970
486
1067
196
497
491
-33
287
225
183
540
457
225
645
-71
276
-417
-318
-497
-840
-242
-955
309
-203
578
884
829
1771
1108
1611
1204
1035
828
310
-300
-391
-1278
-1294
-1593
-2210
-1550
-2141
-1376
-1520
-859
-504
-147
526
440
1423
1075
1595
1739
1619
2017
1895
1690
1903
1621
1509
1617
1167
1397
1256
1323
1488
1556
1638
1813
1696
1715
1386
1044
456
-135
-657
-1586
-1681
-2774
-2516
-2781
-2849
-2032
-2152
-1390
-526
-618
378
625
152
1453
-109
563
-173
-831
-830
-1988
-1921
-2997
-2574
-3614
-2917
-3308
-2891
-2099
-1879
-582
125
1316
2202
3321
3385
4480
3667
3569
2738
1328
706
-946
-1955
-2930
-3406
-4154
-3647
-4094
-3353
-2711
-2397
-1134
-682
137
977
1609
1935
2900
2701
3252
3247
2804
2967
2056
1744
974
503
-202
-394
-948
-931
-746
-1003
-141
-347
169
563
669
820
1091
785
990
828
432
741
112
295
73
-143
-83
-158
-531
-250
-633
-679
-602
-1029
-894
-1151
-955
-1327
-959
-1278
-1047
-715
-1200
-348
-720
-367
126
-303
550
519
778
1326
1283
1354
1468
1110
851
559
-207
-311
-995
-1158
-1476
-1331
-1184
-1037
-355
-221
587
860
1125
1511
1463
1497
1528
1380
1296
1231
1084
944
1015
860
889
972
673
934
703
654
613
343
344
29
-176
-297
-688
-855
-1084
-1573
-1480
-1807
-1934
-1807
-1968
-1814
-1470
-1470
-1171
-762
-866
-390
-261
-653
29
-489
-903
-455
-1511
-1261
-1661
-2181
-2170
-2055
-2372
-1848
-1356
-1607
148
-288
893
1544
1647
2825
2761
3274
3688
3931
3767
4260
3464
3504
3129
1924
1857
667
65
-313
-1097
-1246
-1035
-1372
-659
-510
-343
418
242
468
401
407
58
336
-165
32
234
-157
612
99
361
258
26
-101
-389
-585
-969
-1024
-1264
-1182
-1230
-1129
-1172
-970
-937
-833
-785
-812
-568
-714
-297
-449
-298
64
-175
95
125
-201
49
-332
-609
-607
-1079
-916
-1226
-1110
-928
-938
-526
-319
-111
467
430
724
1025
759
1465
1160
1448
1724
1546
1891
1779
1503
1372
1148
620
444
-43
-406
-522
-910
-994
-962
-1178
-917
-981
-938
-755
-914
-665
-873
-761
-620
-648
-289
-239
-4
211
222
149
277
104
-20
-42
-468
-472
-644
-833
-816
-898
-933
-734
-665
-388
-92
202
584
833
1246
1392
1591
1778
1586
1702
1624
1219
1598
992
966
1047
232
650
-237
-341
-652
-1454
-1383
-2238
-2187
-2424
-2473
-2162
-1830
-1532
-789
-490
-70
573
421
941
847
812
1012
1126
1137
1731
1815
2172
2626
2495
2855
2596
2281
1855
1338
776
390
-188
-392
-659
-874
-763
-1074
-935
-1120
-1318
-1277
-1492
-1535
-1397
-1342
-1018
-591
-219
319
756
1096
1409
1548
1325
1226
926
323
123
-530
-890
-989
-1536
-1375
-1418
-1477
-976
-950
-434
-32
189
749
813
1141
1243
1211
1207
1019
625
347
-143
-834
-1180
-1950
-2388
-2708
-3177
-3194
-3255
-3080
-2559
-2338
-1521
-1011
-383
460
700
1467
1759
2105
2394
2420
2522
2499
2435
2150
1987
1576
1201
763
117
-270
-803
-1263
-1507
-1773
-1791
-1621
-1487
-1090
-711
-323
125
430
728
835
819
762
583
383
265
-82
-212
-315
-463
-353
-367
-336
-78
20
205
682
750
1212
1577
1599
2169
2161
2159
2449
1867
1782
1506
481
528
-520
-1203
-1135
-2342
-2018
-2469
-2960
-2329
-2897
-2650
-2270
-2694
-1932
-1781
-1872
-883
-1155
-414
-69
-185
420
81
178
-61
-364
-549
-776
-1001
-949
-884
-550
-51
350
1374
1676
2545
3007
3149
3692
3400
3300
3122
2546
2306
1875
1192
1081
516
324
186
-219
-104
-262
-338
-15
-41
317
702
812
1406
1607
1950
2141
2099
2205
2012
1728
1463
893
520
137
-537
-747
-1394
-1612
-1797
-2298
-2011
-2331
-2197
-1925
-2085
-1611
-1582
-1650
-1205
-1422
-1396
-1133
-1761
-1450
-1742
-2099
-1756
-2558
-2281
-2384
-2795
-2097
-2574
-2057
-1544
-1778
-649
-701
-220
518
355
1185
1274
1348
1827
1532
1744
1668
1379
1345
894
752
392
119
-11
-196
-210
-165
-73
158
441
661
1031
1199
1494
1678
1698
1821
1766
1669
1539
1199
852
569
96
-208
-584
-957
-1060
-1324
-1329
-1325
-1396
-1082
-1100
-837
-485
-491
-14
34
168
557
386
662
633
456
761
308
381
302
-266
93
-481
-414
-319
-654
-77
-437
-101
139
-169
362
94
-167
200
-489
-420
-439
-1137
-686
-1121
-1162
-860
-1187
-854
-686
-691
-225
-9
237
913
1168
1659
2257
2480
2897
2979
3015
2863
2572
2366
1766
1500
996
606
373
12
-110
-264
-377
-290
-300
-251
43
-4
440
588
761
1162
1169
1319
1378
1248
1103
941
595
476
55
-109
-396
-674
-636
-984
-972
-1063
-1279
-1268
-1266
-1513
-1363
-1428
-1590
-1303
-1617
-1475
-1708
-1918
-1845
-2249
-2213
-2518
-2652
-2618
-2763
-2680
-2616
-2518
-2279
-2126
-1828
-1675
-1419
-1120
-995
-649
-421
-305
169
194
483
800
500
1173
790
991
1081
724
972
754
808
778
936
754
992
903
1037
1155
1135
1330
1289
1539
1451
1642
1648
1689
1738
1769
1807
1726
1735
1637
1493
1387
1169
889
699
322
135
-181
-350
-576
-662
-611
-752
-491
-488
-403
-116
-156
13
216
-17
181
-6
-178
-79
-487
-354
-481
-517
-386
-464
-282
-326
-155
-144
-191
-43
-147
-95
-150
-170
-217
-203
-100
-266
24
-66
-70
148
-119
25
-63
-32
-105
55
224
217
705
755
1006
1210
1267
1331
1255
1298
1084
1034
966
685
652
547
185
127
-121
-622
-649
-1051
-1251
-1266
-1512
-1393
-1375
-1221
-1064
-819
-692
-443
-176
-85
276
269
415
533
491
637
461
354
137
-234
-353
-934
-1128
-1427
-1813
-1739
-1914
-1854
-1771
-1525
-1469
-1166
-880
-804
-487
-429
-260
-163
-138
-123
-158
-135
-160
-273
-132
-239
-115
39
24
235
150
351
306
294
479
343
476
609
551
739
798
705
806
723
599
594
446
359
307
282
268
292
451
542
743
948
1109
1274
1435
1478
1548
1536
1407
1389
1225
1189
909
756
467
216
93
-361
-386
-678
-795
-695
-860
-763
-701
-697
-584
-454
-462
-460
-337
-507
-418
-422
-682
-595
-739
-748
-793
-927
-865
-1003
-822
-788
-894
-457
-546
-337
70
-79
178
318
129
313
276
118
124
-5
-78
-215
-36
-290
-60
-10
-128
171
-126
144
52
194
272
317
691
786
1208
1347
1540
1591
1768
1734
1740
1753
1445
1492
1215
938
814
420
18
-69
-527
-679
-801
-1022
-962
-998
-811
-913
-589
-525
-413
-87
-123
-32
60
71
-94
-24
-294
-399
-470
-725
-877
-1142
-1291
-1519
-1671
-1830
-2013
-2048
-2014
-2063
-1841
-1770
-1510
-1160
-966
-525
-249
109
442
698
924
1137
1110
1274
1182
1168
1025
815
679
444
350
7
-8
-332
-281
-226
-310
45
216
374
900
869
1101
1305
1108
1288
1138
1082
933
934
776
822
891
802
903
881
866
828
790
605
500
403
282
184
95
-74
-125
-175
-314
-354
-528
-684
-717
-857
-882
-944
-951
-872
-867
-732
-720
-673
-642
-644
-727
-718
-850
-967
-887
-1064
-1023
-877
-972
-730
-507
-469
-6
-27
151
278
137
420
176
270
424
115
541
257
162
598
161
602
659
548
972
987
1000
1230
957
931
845
428
476
25
82
-168
-186
9
20
466
664
977
1291
1543
1516
1739
1453
1285
1082
474
235
-323
-724
-1078
-1391
-1657
-1688
-1803
-1662
-1556
-1492
-1067
-1076
-651
-462
-396
-50
28
147
441
376
421
584
229
303
-63
-246
-521
-873
-969
-1390
-1351
-1571
-1614
-1481
-1447
-1312
-1043
-907
-679
-336
-273
46
310
497
761
975
1018
1240
1300
1179
1166
919
759
546
319
68
-132
-113
-448
-267
-315
-345
-4
-113
287
353
693
819
979
1199
1160
1305
1089
942
639
451
52
-171
-481
-741
-907
-1052
-1028
-1207
-922
-1028
-742
-510
-470
-16
72
353
553
823
861
1047
1117
912
1015
648
502
352
80
-63
-206
-365
-436
-481
-606
-513
-646
-433
-509
-333
-96
-130
259
211
338
525
469
365
567
92
240
300
-177
377
-134
87
244
-89
374
162
237
469
247
450
546
409
755
591
619
680
385
495
155
53
-82
-618
-467
-941
-1102
-894
-1301
-823
-765
-640
-140
36
233
710
722
763
985
475
580
143
-172
-434
-908
-1154
-1388
-1548
-1789
-1614
-1853
-1476
-1495
-1320
-977
-948
-477
-373
-10
159
458
475
704
597
552
579
245
361
46
83
-217
-243
-277
-519
-364
-465
-449
-285
-180
-130
295
286
637
1013
1054
1479
1495
1600
1561
1509
1369
1096
898
641
344
137
-53
-350
-313
-668
-581
-810
-780
-852
-845
-584
-747
-257
-522
-6
-107
153
229
66
394
-30
184
-166
-144
-327
-375
-437
-584
-390
-645
-386
-371
-354
-139
-109
12
242
352
600
789
880
1134
1072
1224
1153
1124
1051
907
919
728
755
584
655
527
568
561
436
593
349
476
345
278
227
82
23
-209
-247
-531
-590
-841
-837
-994
-1089
-922
-1122
-851
-985
-827
-789
-793
-561
-561
-212
-241
88
93
237
435
314
523
78
180
-193
-438
-519
-1017
-952
-1173
-1196
-1043
-917
-733
-459
-191
95
374
612
768
881
1029
958
905
674
499
289
45
-109
-438
-451
-658
-697
-835
-850
-965
-989
-856
-1161
-702
-919
-648
-394
-260
163
260
606
601
956
793
941
704
667
490
182
306
-278
59
-382
-293
-240
-365
-187
-102
43
172
525
423
1000
828
1313
1186
1373
1530
1206
1568
906
1220
646
605
423
35
12
-305
-439
-588
-525
-865
-504
-855
-453
-434
-410
-30
-150
329
180
479
295
477
325
243
275
-57
131
-235
-127
-310
-316
-312
-394
-338
-380
-391
-438
-295
-406
-181
-211
-132
9
-96
53
-78
-93
-98
-215
-178
-300
-341
-290
-422
-259
-263
-224
-21
-11
182
405
412
533
662
633
818
670
701
469
351
301
-145
-149
-655
-693
-917
-1157
-1089
-1507
-1318
-1463
-1456
-1258
-1384
-1051
-959
-749
-492
-390
-132
-66
204
206
386
409
408
694
482
770
598
654
776
596
813
600
812
796
858
920
782
822
688
731
627
552
392
339
213
222
175
19
73
-128
-35
-179
-213
-226
-317
-146
-211
-22
61
153
348
454
471
461
478
262
334
143
-44
74
-383
-158
-452
-648
-464
-999
-628
-911
-738
-655
-580
-267
-186
221
116
575
565
808
937
843
785
830
549
469
510
-63
326
-172
-105
-150
-464
-281
-539
-386
-512
-479
-504
-475
-459
-384
-423
-389
-374
-448
-333
-589
-624
-761
-796
-852
-926
-970
-1005
-854
-937
-742
-736
-630
-439
-385
-153
-96
62
166
244
319
340
335
321
300
229
196
98
17
12
-22
-13
-39
-61
-3
48
184
273
428
567
790
982
1071
1188
1118
1129
1066
899
808
574
377
285
18
-46
-235
-342
-338
-520
-479
-508
-467
-299
-184
51
275
454
825
1029
1260
1374
1298
1296
1079
873
589
271
4
-249
-419
-530
-661
-721
-752
-723
-518
-416
-174
138
435
805
975
1107
1190
1189
1074
989
773
544
416
103
32
-176
-285
-407
-511
-521
-657
-587
-680
-612
-528
-456
-308
-215
-100
1
26
-164
-185
-482
-630
-682
-1057
-1058
-1261
-1377
-1326
-1449
-1447
-1444
-1502
-1354
-1341
-1285
-1082
-1039
-676
-521
-272
53
77
378
485
553
622
505
520
468
376
259
77
-31
-209
-354
-499
-742
-820
-922
-881
-791
-731
-523
-308
-107
157
385
495
683
673
716
726
554
493
379
357
317
277
244
235
284
289
258
264
318
363
466
494
587
670
766
861
861
878
790
804
757
705
665
593
598
605
731
746
843
905
934
1003
967
995
900
836
742
617
478
287
94
-83
-265
-447
-534
-691
-714
-779
-838
-777
-776
-670
-527
-446
-283
-88
-16
177
281
333
393
408
356
243
191
-77
-188
-317
-580
-682
-926
-1161
-1182
-1319
-1382
-1315
-1254
-993
-780
-515
-239
-5
270
454
650
758
834
922
903
855
786
633
470
304
127
-9
-153
-231
-256
-250
-186
-100
42
167
355
495
596
680
673
746
641
512
384
108
-75
-345
-680
-918
-1179
-1479
-1614
-1822
-1914
-1839
-1914
-1763
-1614
-1449
-1175
-981
-750
-514
-335
-208
-126
-42
11
-14
-56
-146
-132
-178
-269
-312
-380
-359
-360
-335
-296
-217
-109
1
113
241
414
550
723
795
878
959
930
973
965
914
921
840
812
845
793
811
786
791
842
868
911
953
1025
1096
1114
1155
1197
1182
1223
1200
1117
1036
887
757
633
431
221
16
-162
-313
-416
-484
-523
-508
-468
-418
-369
-299
-307
-280
-306
-347
-334
-441
-491
-514
-514
-485
-453
-417
-360
-246
-205
-151
-141
-122
-93
-129
-196
-262
-311
-357
-412
-505
-528
-612
-654
-705
-793
-838
-932
-997
-1016
-1020
-1010
-935
-832
-689
-508
-366
-191
-45
115
262
346
433
455
494
545
547
540
539
545
552
521
496
419
390
372
328
380
439
511
579
716
836
875
922
878
888
832
734
625
451
268
50
-132
-349
-532
-696
-814
-887
-973
-986
-922
-876
-776
-659
-561
-380
-266
-177
-72
-40
7
42
14
-4
-49
-109
-158
-239
-303
-375
-438
-447
-463
-428
-449
-442
-350
-277
-156
-66
-4
78
178
269
321
345
367
411
417
389
370
348
326
323
273
235
194
150
158
102
71
39
-21
-35
-66
-75
-19
29
116
251
361
461
557
577
595
574
455
342
172
24
-107
-251
-340
-387
-393
-365
-305
-198
-94
0
66
103
79
48
16
-32
-49
-97
-93
-84
-56
-25
9
44
97
157
176
194
209
227
213
250
197
134
7
-149
-222
-368
-469
-584
-658
-748
-819
-843
-901
-862
-826
-763
-662
-546
-390
-226
-71
100
287
441
575
693
773
777
760
701
630
589
517
451
430
394
423
436
446
440
423
447
431
444
437
439
450
465
479
449
409
371
372
369
372
378
361
374
360
325
208
87
-9
-182
-343
-553
-724
-885
-1004
-1068
-1133
-1164
-1170
-1104
-1044
-963
-945
-938
-928
-951
-991
-1016
-1067
-1093
-1068
-1063
-988
-924
-807
-676
-508
-342
-187
16
184
382
539
685
795
856
901
903
865
735
612
526
424
329
275
263
278
334
375
430
497
584
686
751
793
832
867
857
849
827
775
695
603
475
331
230
86
-53
-187
-334
-469
-571
-652
-728
-756
-782
-812
-775
-764
-756
-680
-626
-547
-462
-350
-238
-131
-28
67
178
220
251
240
208
166
129
120
113
160
222
332
470
562
692
787
857
879
850
792
659
557
382
202
38
-102
-218
-368
-453
-503
-470
-423
-314
-231
-154
-63
-13
35
0
14
-29
-93
-182
-259
-290
-324
-306
-271
-190
-165
-148
-87
-75
-62
-71
-111
-163
-189
-212
-267
-215
-179
-90
26
73
187
282
368
458
519
565
606
610
557
494
417
316
200
67
-76
-219
-346
-510
-658
-736
-851
-932
-965
-986
-944
-888
-783
-631
-461
-301
-218
-131
-63
-31
-4
-7
-24
-16
-20
-25
-1
-10
-25
-50
-31
-23
6
64
107
179
226
239
257
280
316
362
410
501
558
614
660
680
695
710
736
713
689
660
591
515
448
376
350
315
270
245
195
160
129
58
-12
-82
-155
-230
-287
-300
-322
-328
-356
-388
-425
-441
-447
-484
-514
-549
-538
-551
-557
-514
-468
-417
-375
-311
-219
-141
-68
-15
22
42
38
28
-10
-4
-24
-45
-55
-87
-51
-8
49
116
212
316
406
497
534
578
571
499
398
315
223
105
35
-46
-85
-113
-180
-202
-238
-283
-328
-374
-404
-460
-486
-542
-574
-584
-615
-584
-589
-552
-516
-457
-357
-307
-236
-197
-104
-5
77
157
227
278
305
369
388
425
441
486
519
530
535
469
447
405
388
346
307
307
313
397
455
498
543
603
649
709
736
746
791
781
774
737
679
600
526
486
386
271
165
84
18
-79
-168
-244
-345
-404
-430
-488
-544
-589
-620
-616
-600
-584
-555
-523
-484
-470
-458
-483
-530
-540
-578
-610
-619
-625
-603
-525
-454
-405
-345
-291
-229
-147
-88
-47
24
84
153
190
196
200
177
124
72
12
-79
-140
-184
-226
-262
-264
-280
-283
-245
-231
-210
-202
-201
-177
-154
-183
-228
-238
-277
-321
-343
-401
-428
-411
-395
-347
-269
-197
-115
-1
116
230
354
441
554
638
657
655
647
637
572
495
389
313
256
209
156
97
91
122
130
157
225
269
344
425
505
571
624
661
695
708
701
678
644
589
502
416
308
229
130
48
-29
-120
-153
-176
-161
-163
-142
-95
-81
-60
-31
-15
-10
-19
-31
-16
-14
-33
-19
-14
2
-13
-30
-66
-104
-97
-120
-124
-140
-112
-54
-32
8
69
123
176
217
218
190
160
92
48
-33
-179
-302
-434
-539
-621
-678
-730
-756
-738
-689
-635
-604
-567
-564
-567
-609
-636
-651
-702
-706
-706
-725
-732
-693
-628
-562
-511
-453
-375
-300
-222
-159
-106
-72
-19
31
34
51
51
41
83
150
212
282
350
447
547
623
680
723
743
739
737
693
642
598
572
556
535
487
434
380
323
281
208
143
98
59
35
11
17
34
54
73
80
111
141
169
175
153
150
148
177
188
179
189
188
222
224
225
216
198
185
168
144
115
95
67
66
66
81
92
142
153
162
167
142
149
141
129
142
172
165
129
113
92
74
18
-66
-152
-276
-365
-447
-548
-614
-660
-714
-743
-742
-756
-752
-711
-706
-723
-752
-757
-751
-744
-721
-705
-664
-641
-607
-562
-523
-463
-400
-330
-278
-210
-135
-63
3
49
103
169
249
310
381
440
489
554
592
629
645
664
682
701
706
676
672
645
601
564
501
433
385
323
302
275
231
194
168
143
90
33
-33
-87
-122
-140
-141
-122
-135
-143
-137
-130
-83
-60
-56
-31
-13
-25
-38
-41
-42
-28
-35
-51
-32
-16
-12
-24
-64
-77
-78
-76
-75
-59
-33
-7
35
55
62
77
86
82
86
73
61
51
34
-9
-69
-103
-117
-124
-148
-182
-177
-195
-223
-243
-269
-285
-340
-359
-377
-385
-362
-356
-309
-281
-248
-222
-182
-109
-41
35
104
179
243
273
286
306
340
365
366
373
369
356
347
352
347
336
329
295
260
253
253
243
234
201
146
106
54
-3
-48
-88
-119
-151
-194
-236
-258
-273
-279
-321
-381
-421
-490
-531
-548
-558
-516
-491
-460
-414
-413
-402
-381
-364
-374
-405
-422
-411
-374
-331
-278
-193
-77
-3
68
157
254
336
392
444
518
595
627
649
686
702
708
680
666
652
609
551
502
497
480
453
418
387
345
296
259
237
195
124
63
13
-4
-3
-9
-27
-43
-55
-74
-125
-187
-256
-319
-399
-468
-507
-546
-556
-545
-509
-460
-425
-360
-289
-252
-239
-226
-192
-168
-170
-142
-82
-56
-40
8
47
96
128
153
212
239
260
273
274
312
310
288
251
216
211
208
213
181
151
142
109
84
37
-3
-69
-133
-179
-224
-253
-260
-242
-247
-264
-288
-302
-302
-314
-323
-317
-303
-291
-260
-213
-183
-154
-126
-134
-156
-191
-225
-225
-221
-216
-198
-168
-121
-63
-18
34
99
172
221
249
275
330
378
393
428
454
461
448
434
412
403
380
361
360
378
388
367
365
342
313
268
230
195
133
66
-19
-99
-171
-225
-267
-332
-355
-366
-404
-429
-470
-480
-463
-436
-412
-387
-363
-329
-290
-253
-223
-201
-156
-132
-97
-64
-28
23
58
88
118
162
223
280
317
313
316
313
304
321
305
275
270
278
268
247
239
218
172
146
91
34
11
-21
-37
-76
-110
-144
-186
-201
-195
-158
-114
-78
-57
-50
-52
-35
-24
-22
-5
-6
-11
-13
-25
-22
-21
-8
1
-18
-12
15
26
58
67
53
84
109
114
107
76
64
69
48
46
36
34
44
61
88
113
138
158
176
160
140
97
33
-27
-85
-148
-216
-280
-331
-370
-380
-372
-340
-307
-270
-246
-237
-231
-247
-262
-286
-308
-313
-315
-292
-256
-230
-197
-153
-76
-16
4
13
51
106
106
113
117
117
116
105
117
112
128
146
187
224
240
287
327
377
422
473
555
561
549
551
566
548
507
476
430
368
263
185
119
54
-30
-95
-163
-263
-359
-440
-486
-526
-551
-583
-616
-613
-610
-573
-513
-426
-322
-223
-123
-60
9
58
69
78
70
77
94
104
90
88
122
146
191
233
281
334
381
407
414
403
373
329
276
200
118
32
-49
-119
-210
-300
-370
-426
-445
-442
-430
-406
-376
-326
-244
-153
-90
-2
48
64
72
30
-2
-41
-112
-189
-265
-328
-375
-410
-425
-436
-405
-335
-273
-179
-52
84
218
337
419
482
530
564
603
644
666
669
651
653
662
643
624
608
595
592
555
494
469
457
433
391
371
354
293
236
187
114
16
-91
-207
-308
-393
-484
-561
-645
-695
-739
-787
-790
-764
-740
-715
-668
-653
-645
-675
-683
-671
-685
-668
-636
-594
-541
-481
-429
-387
-330
-283
-217
-145
-83
-2
74
159
231
293
356
417
483
546
564
588
592
566
530
492
471
445
404
335
293
261
225
204
206
212
196
166
140
109
84
27
-34
-45
-95
-129
-162
-197
-212
-214
-185
-178
-163
-150
-158
-184
-189
-191
-197
-157
-125
-68
-20
24
66
109
156
172
237
275
266
251
213
167
97
36
5
-27
-16
-8
-38
-65
-96
-128
-141
-160
-174
-174
-159
-148
-104
-23
53
120
164
231
302
340
337
314
277
225
148
65
-26
-121
-197
-255
-304
-346
-355
-315
-236
-184
-153
-82
-21
24
33
7
-19
-89
-137
-194
-260
-277
-281
-225
-154
-67
23
125
243
348
455
530
580
566
582
529
452
375
293
219
111
9
-100
-202
-319
-394
-458
-521
-587
-610
-577
-556
-548
-562
-562
-580
-606
-582
-548
-508
-474
-432
-371
-292
-183
-88
9
76
166
265
328
357
384
422
402
383
379
375
354
347
363
400
423
431
470
497
524
538
554
544
532
504
457
405
330
256
152
92
38
-11
-21
-56
-96
-137
-179
-254
-328
-384
-434
-483
-535
-553
-535
-525
-463
-393
-290
-184
-119
-16
53
111
165
206
251
262
271
319
376
421
436
460
475
484
482
493
515
494
480
450
421
400
345
304
254
193
115
30
-10
-63
-131
-210
-291
-345
-402
-456
-483
-504
-529
-569
-610
-622
-632
-654
-678
-706
-746
-788
-830
-843
-830
-811
-769
-706
-622
-532
-479
-432
-397
-379
-361
-333
-322
-310
-292
-244
-153
-45
70
177
292
408
510
589
657
733
770
800
822
804
774
717
662
563
458
360
268
179
84
28
6
8
12
37
67
59
64
75
85
102
114
123
133
121
95
70
66
65
72
122
144
175
204
253
292
299
301
275
281
249
201
185
131
66
3
-52
-92
-156
-189
-199
-192
-131
-40
82
209
361
506
597
649
695
701
677
650
579
494
380
254
141
55
-10
-81
-164
-238
-282
-329
-389
-445
-493
-564
-614
-639
-643
-631
-615
-619
-604
-591
-575
-538
-510
-484
-461
-432
-409
-385
-357
-338
-329
-322
-309
-284
-267
-255
-233
-197
-171
-116
-54
10
72
149
259
342
411
450
486
510
505
471
435
419
398
367
301
258
209
148
89
-1
-95
-201
-287
-369
-435
-492
-550
-599
-650
-684
-701
-698
-680
-661
-626
-590
-516
-431
-354
-305
-256
-190
-126
-80
-64
-31
-1
11
9
6
21
24
4
10
27
51
95
143
225
310
389
463
540
611
690
777
826
860
883
896
911
934
950
953
959
953
933
890
845
809
776
743
675
616
551
487
442
368
300
236
156
90
34
-27
-77
-119
-158
-217
-282
-332
-392
-428
-457
-486
-514
-497
-474
-464
-440
-421
-349
-287
-234
-163
-92
-38
-12
7
40
95
138
164
164
150
95
39
-33
-90
-130
-190
-237
-294
-337
-381
-415
-426
-427
-428
-434
-448
-460
-472
-510
-555
-628
-719
-792
-851
-903
-942
-938
-895
-817
-725
-610
-484
-347
-228
-137
-72
-36
-14
-10
-34
-77
-123
-188
-236
-254
-240
-229
-190
-112
-61
4
76
136
195
257
351
440
505
573
654
708
759
809
873
910
904
930
925
932
908
853
796
719
634
537
487
433
385
348
314
287
248
210
163
124
97
44
7
-25
-63
-85
-108
-131
-141
-153
-192
-240
-266
-287
-332
-373
-399
-414
-430
-425
-396
-382
-327
-321
-333
-299
-267
-244
-242
-245
-223
-180
-174
-158
-124
-87
-49
-11
65
127
190
266
326
370
402
411
387
348
279
212
169
119
56
-20
-86
-132
-177
-210
-209
-196
-194
-204
-200
-198
-199
-190
-186
-162
-134
-108
-105
-99
-69
-31
4
55
115
175
224
247
258
268
245
213
157
98
32
-35
-91
-164
-195
-237
-283
-321
-337
-326
-316
-299
-303
-284
-263
-243
-222
-197
-160
-131
-135
-146
-163
-190
-193
-227
-238
-245
-246
-240
-238
-220
-216
-200
-175
-141
-125
-115
-106
-99
-87
-84
-78
-54
-25
20
107
184
273
345
403
488
565
650
729
787
823
857
891
886
835
766
675
579
482
393
316
215
130
63
20
-38
-88
-117
-149
-189
-224
-250
-259
-262
-261
-258
-251
-243
-238
-256
-297
-333
-354
-348
-323
-285
-243
-169
-100
-23
59
135
213
273
324
332
304
302
287
232
180
113
34
-52
-115
-147
-143
-113
-74
-28
17
68
110
142
153
157
149
92
38
-22
-101
-170
-226
-259
-291
-320
-374
-421
-475
-513
-525
-535
-538
-564
-582
-610
-616
-607
-602
-606
-592
-576
-572
-529
-453
-386
-322
-249
-184
-116
-42
-11
-5
-7
-3
45
132
208
249
333
410
467
520
565
620
669
695
713
733
724
709
685
660
644
641
634
619
608
561
500
444
374
313
281
225
163
105
33
-50
-150
-258
-345
-397
-442
-463
-463
-461
-434
-405
-370
-332
-295
-237
-196
-158
-148
-139
-120
-110
-80
-46
-29
-20
1
45
72
97
137
142
135
124
111
96
65
42
25
-7
-79
-111
-118
-146
-169
-187
-186
-176
-159
-155
-139
-128
-132
-142
-141
-157
-172
-159
-162
-163
-140
-113
-106
-99
-75
-36
1
36
87
133
156
159
124
123
127
112
92
72
71
65
78
83
92
97
102
105
91
90
103
107
117
139
149
163
162
163
144
139
143
143
119
88
77
85
98
80
102
131
118
92
98
87
92
92
65
46
6
-9
-41
-53
-72
-110
-130
-157
-159
-155
-180
-233
-305
-363
-387
-403
-436
-483
-502
-494
-467
-464
-449
-403
-360
-290
-217
-141
-49
48
138
217
291
330
335
348
392
434
445
452
454
453
433
401
343
273
223
176
122
95
87
60
35
23
25
63
95
94
131
170
181
183
191
185
167
167
150
126
100
63
35
-8
-37
-80
-128
-159
-192
-178
-163
-132
-93
-84
-81
-59
-59
-68
-79
-82
-86
-80
-73
-112
-141
-181
-194
-208
-225
-231
-239
-240
-227
-207
-203
-188
-185
-212
-255
-260
-257
-229
-204
-171
-132
-105
-78
-62
-16
11
12
4
4
-4
-6
4
-6
-1
8
28
67
112
182
231
258
304
337
351
352
342
330
293
270
248
223
206
201
209
195
163
128
101
116
122
141
157
160
182
188
194
181
167
168
168
175
177
173
150
137
109
57
8
-71
-146
-219
-271
-313
-347
-373
-417
-449
-476
-491
-503
-507
-480
-479
-485
-479
-460
-435
-413
-365
-326
-278
-243
-206
-163
-146
-92
-35
-9
37
84
130
159
168
166
168
172
174
201
213
229
267
292
294
288
294
304
296
282
297
301
311
313
293
289
275
287
302
284
286
279
252
207
160
129
91
32
-25
-57
-105
-138
-167
-199
-208
-198
-186
-193
-188
-179
-167
-163
-179
-181
-193
-172
-179
-179
-161
-149
-130
-122
-81
-47
-9
24
63
93
94
68
52
47
54
57
77
89
66
54
46
56
44
23
9
-15
-32
-26
-43
-60
-86
-107
-78
-41
-12
1
-5
-4
-9
-11
-4
4
15
-4
-16
-5
-10
-44
-81
-113
-112
-106
-80
-44
-14
23
35
68
92
100
100
112
144
164
176
161
144
147
136
123
122
116
112
90
75
92
97
98
96
103
77
26
13
-27
-36
-28
-27
-31
-70
-85
-106
-109
-118
-128
-130
-160
-151
-146
-158
-183
-211
-246
-293
-316
-327
-326
-326
-339
-325
-310
-301
-267
-217
-159
-115
-80
-28
20
38
50
75
110
131
161
193
227
255
257
257
250
227
210
195
167
152
159
168
162
141
119
116
118
95
75
69
65
46
-2
-29
-66
-99
-114
-135
-160
-181
-156
-164
-184
-197
-186
-171
-157
-137
-99
-54
-50
-7
31
76
95
98
97
92
115
102
100
97
109
115
116
92
81
105
91
101
86
82
63
51
50
43
55
35
25
-3
-33
-62
-81
-109
-119
-121
-128
-117
-104
-73
-31
-6
20
25
27
15
38
66
70
70
67
83
75
66
55
60
77
73
45
23
19
25
30
35
36
37
40
48
60
54
54
41
18
-2
-3
-12
-20
-14
-32
-57
-81
-74
-50
-27
-24
-11
20
29
23
29
51
67
62
59
71
49
21
-13
-33
-64
-97
-113
-132
-116
-107
-91
-89
-88
-82
-63
-42
-59
-71
-61
-26
-10
5
9
5
17
32
38
25
1
-4
-1
-23
-34
-46
-47
-77
-112
-114
-140
-155
-148
-135
-132
-105
-87
-79
-70
-62
-50
-56
-59
-74
-114
-164
-199
-236
-252
-280
-314
-325
-346
-357
-358
-328
-296
-265
-241
-234
-201
-160
-116
-85
-48
-17
18
69
116
173
222
265
306
333
344
376
402
410
427
461
497
503
506
508
522
531
515
514
501
493
481
447
391
342
305
281
248
218
203
180
161
133
104
86
74
34
-15
-32
-57
-80
-84
-111
-111
-121
-136
-122
-126
-124
-122
-139
-178
-213
-246
-270
-287
-286
-267
-259
-261
-288
-311
-314
-300
-289
-303
-316
-322
-315
-308
-312
-311
-295
-287
-283
-265
-236
-189
-168
-133
-94
-71
-61
-50
-26
-14
-3
-10
-12
-16
-31
-19
-3
10
23
5
-13
-18
3
31
64
107
141
171
184
189
204
223
232
244
257
251
234
214
196
176
145
129
136
166
161
141
118
98
93
87
98
108
82
42
7
-37
-79
-116
-149
-180
-197
-207
-223
-243
-265
-298
-316
-342
-353
-363
-367
-335
-314
-298
-269
-254
-215
-184
-176
-148
-123
-102
-90
-46
-18
10
30
51
97
136
184
220
251
282
313
331
339
366
400
442
487
518
527
520
484
445
415
414
415
397
389
361
362
372
360
358
347
340
320
265
216
164
111
98
88
72
56
40
14
-35
-89
-162
-233
-300
-360
-433
-503
-542
-560
-593
-617
