SAMPLES:	16333
BITSPERSAMPLE:	16
CHANNELS:	1
SAMPLERATE:	16000
NORMALIZED:	FALSE
224
254
260
247
249
261
253
254
233
213
168
143
147
153
127
112
93
77
64
51
60
42
34
10
-19
-62
-121
-132
-122
-91
-48
-37
-39
-28
1
24
58
111
140
186
223
275
327
337
351
330
321
288
261
255
272
256
205
154
94
59
16
5
23
69
96
114
137
155
167
171
174
182
192
197
186
174
167
153
125
75
20
-19
-69
-118
-130
-124
-138
-189
-239
-279
-300
-311
-311
-317
-314
-318
-329
-328
-368
-392
-412
-415
-391
-354
-314
-286
-268
-261
-221
-164
-139
-108
-74
-21
46
90
152
192
215
212
181
133
104
115
141
173
188
194
186
180
203
206
210
200
194
176
156
164
164
181
170
152
124
77
47
24
-22
-78
-136
-176
-199
-213
-230
-261
-222
-182
-139
-76
-36
-21
-24
-12
7
38
23
-2
-27
-59
-60
-68
-89
-115
-134
-139
-148
-135
-117
-103
-89
-87
-70
-60
-53
-34
-9
-5
-36
-73
-106
-126
-161
-194
-197
-205
-208
-219
-243
-268
-265
-226
-183
-145
-96
-48
-1
64
105
161
184
212
245
259
298
329
371
412
455
502
526
548
567
599
627
645
644
666
699
702
687
656
599
515
437
332
238
159
81
11
-65
-137
-203
-282
-310
-313
-315
-311
-292
-268
-250
-234
-240
-229
-208
-214
-211
-243
-307
-363
-438
-514
-603
-654
-689
-735
-791
-829
-847
-860
-857
-822
-782
-714
-636
-599
-551
-517
-477
-434
-413
-364
-308
-290
-251
-183
-130
-89
-14
59
112
179
257
341
407
476
551
630
674
700
704
680
672
668
659
643
612
578
552
532
523
519
531
574
642
682
705
718
727
722
719
689
623
591
552
464
351
251
104
-62
-205
-343
-447
-537
-615
-664
-692
-701
-694
-652
-586
-524
-458
-377
-311
-262
-205
-168
-113
-58
-10
22
6
16
8
-22
-22
-15
-11
-1
20
54
81
99
119
125
137
136
127
87
46
12
-64
-119
-142
-171
-198
-219
-215
-217
-224
-234
-224
-211
-229
-215
-211
-236
-271
-315
-368
-409
-418
-394
-389
-378
-351
-315
-279
-257
-213
-176
-149
-94
-31
27
83
140
204
276
356
424
470
482
521
556
578
584
570
539
483
434
356
295
234
148
37
-49
-122
-214
-290
-393
-463
-521
-560
-590
-636
-682
-734
-769
-782
-801
-794
-749
-709
-652
-580
-511
-443
-339
-211
-99
-7
86
178
279
368
482
595
685
783
862
916
982
1034
1072
1110
1124
1118
1087
1043
995
932
837
772
680
571
450
330
239
149
79
-2
-65
-143
-213
-278
-338
-391
-419
-427
-415
-381
-380
-388
-390
-361
-338
-305
-280
-252
-240
-240
-223
-205
-160
-138
-113
-73
-58
-53
-45
-22
16
66
93
103
114
133
173
210
208
190
218
204
163
126
77
44
19
-32
-68
-102
-158
-183
-194
-206
-240
-274
-333
-382
-396
-414
-436
-451
-469
-476
-471
-483
-491
-449
-403
-364
-309
-234
-161
-105
-41
14
74
137
200
241
264
268
242
202
155
100
37
-19
-92
-158
-171
-178
-172
-138
-126
-106
-84
-57
2
69
121
171
207
247
281
278
278
298
312
300
258
229
215
202
194
168
166
177
214
243
241
223
179
124
90
75
66
91
99
124
130
104
132
180
209
249
289
312
313
275
214
158
99
54
13
-47
-95
-144
-189
-219
-246
-262
-264
-278
-271
-272
-282
-301
-331
-336
-332
-322
-342
-371
-415
-459
-445
-459
-459
-467
-463
-434
-409
-366
-342
-317
-293
-269
-232
-174
-97
-6
94
178
239
294
336
378
399
417
451
467
473
474
486
503
529
534
499
451
388
333
278
220
185
125
58
-4
-63
-98
-124
-152
-185
-212
-248
-262
-288
-332
-365
-399
-434
-419
-349
-269
-201
-173
-142
-106
-53
3
57
131
214
296
379
488
573
620
640
653
683
687
653
600
539
462
388
339
315
316
281
229
183
114
37
-73
-192
-302
-395
-471
-553
-605
-607
-614
-614
-589
-539
-464
-401
-339
-275
-179
-69
6
58
115
176
223
250
244
245
243
234
209
195
180
147
111
86
86
69
59
61
41
-17
-48
-90
-122
-151
-176
-183
-224
-274
-309
-339
-389
-444
-483
-517
-560
-551
-535
-526
-517
-491
-471
-451
-391
-333
-268
-242
-229
-217
-216
-208
-197
-164
-117
-61
-29
3
16
8
19
43
78
97
115
150
170
178
225
282
325
351
371
396
416
429
433
419
378
350
284
207
142
101
91
66
56
53
72
121
156
175
162
145
152
148
143
157
167
167
177
173
163
161
154
139
108
81
53
28
10
-19
-26
19
79
155
234
328
405
460
484
469
469
471
477
452
415
388
354
276
207
128
56
-24
-104
-179
-256
-321
-373
-402
-413
-404
-398
-395
-389
-369
-330
-307
-288
-266
-247
-212
-191
-165
-114
-68
-47
-44
-49
-43
-60
-73
-75
-90
-69
-43
-17
22
37
24
14
-10
-41
-72
-101
-146
-170
-200
-209
-209
-226
-194
-201
-212
-207
-205
-235
-270
-287
-303
-338
-347
-322
-277
-229
-188
-106
-50
-21
-2
7
-2
-16
-23
-27
-11
-2
13
49
99
141
147
125
80
24
-58
-120
-155
-175
-168
-128
-95
-61
-34
-28
-72
-149
-192
-284
-349
-383
-403
-382
-373
-332
-292
-224
-135
-78
-11
39
82
115
153
214
254
305
362
421
464
487
496
508
506
454
404
348
299
248
206
171
159
150
133
126
126
172
240
316
411
516
619
716
807
854
854
807
721
625
521
414
329
271
217
170
126
84
36
-10
-87
-182
-267
-347
-418
-489
-551
-607
-628
-632
-635
-622
-628
-629
-598
-572
-573
-550
-483
-433
-386
-333
-252
-140
-49
19
52
100
122
104
84
62
57
49
53
35
-1
-40
-99
-155
-200
-243
-282
-266
-236
-169
-98
-42
46
133
222
296
380
436
458
458
460
456
416
386
353
321
298
277
265
234
188
143
94
63
65
50
32
12
-37
-86
-114
-139
-156
-203
-249
-302
-376
-446
-489
-520
-555
-554
-528
-482
-461
-465
-462
-475
-479
-481
-476
-450
-425
-362
-292
-225
-160
-83
-25
3
56
86
101
109
87
112
167
191
218
271
306
327
340
361
371
371
363
343
321
310
311
327
310
272
273
241
212
194
177
174
177
231
299
354
387
414
386
318
229
149
102
59
46
56
77
95
104
102
98
97
103
68
14
-33
-58
-64
-85
-113
-127
-118
-112
-112
-111
-108
-96
-90
-95
-101
-85
-81
-111
-149
-218
-253
-269
-310
-355
-399
-451
-490
-500
-497
-506
-524
-545
-569
-597
-602
-573
-528
-476
-409
-317
-239
-167
-69
10
88
147
153
180
230
260
258
238
236
256
245
212
209
244
258
272
299
339
396
442
509
541
578
621
666
680
671
664
618
560
490
419
338
280
218
133
42
-40
-113
-166
-199
-251
-298
-307
-304
-281
-237
-222
-189
-166
-152
-126
-119
-104
-88
-80
-74
-50
-18
20
51
105
121
126
142
121
127
112
77
36
12
0
-2
17
50
74
88
86
72
42
-38
-114
-186
-258
-323
-359
-372
-371
-353
-351
-361
-349
-352
-358
-361
-394
-406
-419
-435
-453
-436
-417
-409
-401
-428
-434
-410
-358
-315
-261
-194
-124
-17
89
193
303
415
517
599
681
721
737
735
727
712
679
644
608
591
555
500
413
338
244
172
114
47
-6
-95
-168
-219
-238
-250
-258
-267
-278
-257
-249
-233
-225
-242
-253
-285
-305
-314
-328
-345
-351
-347
-315
-276
-238
-194
-161
-147
-109
-40
41
123
180
229
260
288
295
293
283
249
239
223
169
127
104
82
90
98
128
172
188
213
245
267
267
279
309
348
378
393
420
419
408
376
338
300
243
189
102
29
-33
-104
-163
-213
-277
-331
-376
-413
-440
-492
-517
-529
-517
-463
-416
-371
-340
-305
-267
-226
-169
-111
-44
13
44
66
65
63
79
126
189
229
268
268
275
275
263
258
240
183
94
-2
-109
-219
-299
-342
-398
-441
-451
-475
-482
-463
-442
-391
-342
-289
-222
-112
3
102
188
267
336
376
394
392
390
365
341
322
304
304
327
333
279
229
188
136
56
-44
-101
-174
-228
-248
-265
-325
-373
-398
-434
-441
-447
-442
-443
-457
-428
-386
-332
-268
-222
-143
-79
-20
11
8
-4
6
59
120
178
228
280
316
340
349
375
388
363
325
293
266
231
188
139
98
64
41
45
67
75
81
88
92
77
41
2
-45
-98
-155
-190
-195
-193
-174
-144
-136
-144
-160
-183
-222
-270
-294
-302
-303
-277
-230
-192
-133
-78
-16
46
91
173
243
302
341
363
389
416
405
374
326
269
223
176
149
152
173
198
219
237
257
263
257
244
254
260
252
245
233
218
179
129
91
68
58
52
70
86
71
43
10
-22
-48
-92
-120
-144
-161
-144
-131
-134
-149
-163
-161
-149
-148
-146
-152
-154
-167
-205
-228
-224
-210
-240
-266
-305
-341
-330
-304
-246
-195
-144
-93
-48
-6
17
17
-17
-44
-94
-144
-164
-184
-210
-246
-268
-304
-369
-433
-474
-489
-470
-421
-359
-307
-237
-170
-108
-56
-18
23
59
111
147
196
222
226
216
208
205
203
222
234
259
274
297
314
336
348
354
373
336
265
204
139
88
60
12
-29
-69
-90
-89
-82
-59
-18
34
81
125
122
100
75
27
-61
-147
-204
-232
-236
-202
-118
-45
18
46
64
81
98
92
58
45
28
33
51
92
133
148
149
116
79
9
-49
-90
-109
-114
-91
-53
-16
-13
0
52
48
57
68
89
85
69
46
-3
-40
-41
-24
-26
-26
-23
-32
-55
-81
-99
-105
-116
-117
-127
-136
-141
-132
-146
-171
-189
-196
-218
-238
-234
-211
-173
-122
-15
68
139
185
214
235
218
237
232
212
181
139
135
140
155
191
232
248
286
326
369
406
416
395
378
360
317
275
250
211
159
114
58
33
9
-23
-62
-118
-178
-220
-271
-308
-330
-335
-337
-325
-335
-348
-313
-270
-221
-189
-166
-144
-115
-87
-70
-68
-75
-71
-63
-73
-81
-103
-131
-146
-181
-206
-237
-255
-269
-283
-271
-241
-204
-180
-131
-86
-17
45
94
134
146
161
148
119
96
72
72
87
118
131
146
158
165
194
222
254
313
370
395
439
467
480
466
447
426
363
276
161
57
-40
-121
-182
-214
-240
-278
-326
-370
-382
-397
-401
-402
-375
-346
-351
-341
-345
-342
-322
-318
-295
-274
-251
-223
-189
-176
-165
-134
-97
-75
-65
-57
-14
35
76
144
220
305
376
441
496
531
549
541
534
525
503
494
469
408
322
214
112
33
-19
-24
-1
16
57
89
106
102
78
78
26
-39
-113
-170
-212
-257
-282
-311
-322
-326
-309
-290
-286
-287
-262
-254
-246
-211
-147
-81
-12
68
132
192
227
247
260
248
233
216
170
162
146
127
102
65
54
54
65
55
53
74
103
132
143
128
91
59
29
9
9
-14
-43
-63
-106
-128
-147
-168
-165
-170
-171
-175
-192
-188
-181
-167
-153
-168
-140
-129
-105
-62
-58
-29
-4
11
14
19
40
61
39
34
48
46
-4
-70
-79
-110
-130
-173
-221
-224
-224
-203
-171
-152
-136
-135
-145
-147
-145
-166
-207
-241
-291
-298
-280
-252
-225
-218
-186
-138
-81
-32
5
46
80
125
179
239
303
368
417
454
490
530
580
595
598
600
583
541
469
386
311
268
231
201
178
149
110
67
50
25
11
6
-30
-53
-71
-88
-76
-93
-110
-147
-173
-185
-211
-209
-215
-208
-206
-199
-180
-156
-116
-74
-56
-76
-86
-74
-59
-45
-47
-29
-23
-21
-24
-55
-96
-129
-164
-200
-191
-181
-134
-84
-70
-53
-32
4
31
42
49
53
32
7
-5
-40
-64
-91
-115
-138
-186
-225
-240
-241
-220
-179
-140
-101
-81
-85
-79
-40
17
103
192
248
311
348
381
408
419
409
379
348
332
300
250
188
121
66
12
-28
-77
-105
-138
-170
-189
-181
-141
-88
-41
-13
39
60
83
106
85
49
50
46
23
-7
-70
-117
-195
-235
-238
-245
-225
-221
-196
-175
-186
-214
-225
-202
-184
-186
-169
-151
-142
-127
-110
-77
-30
4
30
55
71
116
124
140
180
227
296
335
366
377
351
330
308
288
267
252
237
225
204
157
106
57
33
5
-21
-63
-115
-151
-166
-199
-217
-236
-257
-236
-217
-165
-137
-107
-43
6
20
22
28
22
15
-6
-19
-63
-99
-122
-168
-211
-245
-263
-282
-277
-237
-192
-158
-124
-91
-76
-63
-40
-2
60
111
121
91
67
32
7
-10
-41
-66
-117
-122
-120
-124
-109
-116
-111
-121
-111
-86
-57
-14
14
66
95
128
157
198
249
260
294
320
312
283
264
213
162
140
116
92
62
56
52
42
59
83
73
48
20
1
-8
-16
-41
-63
-66
-61
-60
-62
-32
12
64
103
127
122
126
113
92
101
87
71
54
41
37
26
24
-2
-40
-55
-82
-93
-110
-91
-94
-109
-117
-121
-97
-85
-56
-56
-53
-78
-93
-84
-84
-51
-4
28
35
46
34
9
9
7
8
4
2
8
-2
-11
-32
-20
-13
-21
-36
-50
-42
-52
-44
-29
-18
1
30
53
66
72
78
118
128
96
68
35
-4
-48
-77
-97
-77
-84
-95
-105
-103
-76
-41
-3
9
5
-7
-14
-57
-87
-117
-153
-157
-174
-189
-193
-190
-200
-195
-167
-140
-121
-106
-91
-78
-65
-53
-44
-59
-57
-38
-18
15
39
66
89
120
156
154
190
228
267
299
297
286
256
198
138
85
22
-12
-41
-68
-93
-106
-112
-141
-163
-180
-179
-185
-224
-225
-192
-166
-151
-111
-73
-54
-30
-6
11
42
109
165
221
257
302
319
320
315
306
303
260
221
209
210
192
161
123
115
132
155
156
162
169
159
147
115
111
130
137
124
77
22
-13
-13
-47
-80
-93
-129
-152
-186
-221
-278
-310
-328
-349
-346
-353
-322
-318
-315
-295
-285
-258
-259
-252
-218
-155
-114
-66
-43
-35
-27
-9
14
9
30
16
7
9
-9
5
43
84
120
146
155
177
198
213
216
221
228
203
219
237
220
186
165
158
147
162
155
123
117
104
91
80
75
112
159
168
168
168
112
78
80
64
14
-37
-67
-101
-139
-139
-113
-110
-129
-147
-163
-192
-201
-165
-115
-92
-81
-73
-68
-71
-63
-67
-84
-92
-96
-110
-147
-168
-180
-198
-202
-196
-167
-120
-96
-80
-100
-133
-134
-123
-81
-45
-7
18
30
53
82
89
104
108
94
87
80
70
38
-6
-58
-69
-65
-59
-46
-31
-24
-9
17
21
37
56
67
83
100
107
102
102
84
54
21
36
45
25
13
-8
-36
-64
-50
-8
22
36
37
59
82
67
77
98
110
125
130
110
91
69
53
58
70
93
103
100
108
122
134
147
149
129
121
112
100
103
97
112
143
150
159
134
96
74
52
53
45
46
58
57
37
10
6
19
4
-3
-11
-42
-57
-94
-136
-172
-204
-216
-211
-225
-226
-179
-195
-223
-252
-276
-263
-272
-278
-275
-275
-277
-296
-306
-273
-212
-158
-107
-61
-6
29
47
98
169
237
311
370
413
452
439
404
373
313
270
224
180
152
89
39
-30
-76
-121
-149
-168
-169
-181
-208
-191
-169
-160
-164
-143
-111
-91
-78
-81
-80
-66
-88
-100
-119
-150
-180
-182
-185
-181
-145
-130
-91
-73
-52
-14
16
42
74
116
140
167
190
205
205
168
168
168
164
171
147
129
103
105
86
91
90
102
114
84
78
23
-9
-49
-70
-106
-154
-158
-190
-209
-268
-316
-354
-392
-385
-388
-357
-342
-316
-267
-220
-137
-85
10
71
148
240
266
330
349
390
390
395
400
357
325
251
181
79
12
-41
-61
-49
-28
24
76
148
208
256
327
337
339
334
314
328
300
280
251
197
124
55
-2
-52
-84
-101
-89
-60
-38
-63
-47
-31
-60
-72
-95
-131
-153
-188
-183
-172
-210
-209
-216
-242
-244
-250
-223
-210
-250
-254
-246
-256
-189
-119
-47
22
29
76
116
120
94
44
-22
-77
-140
-200
-237
-308
-315
-338
-368
-330
-351
-305
-240
-217
-147
-70
1
75
150
207
304
358
430
490
484
532
498
455
405
308
259
140
44
-8
-125
-209
-288
-339
-383
-425
-427
-446
-445
-426
-343
-311
-234
-221
-200
-83
-87
12
59
114
152
162
196
208
281
318
406
401
443
468
430
436
362
357
320
329
305
238
207
134
82
24
11
-58
-84
-125
-190
-185
-233
-197
-150
-108
-76
-61
-25
8
56
52
59
10
-64
-96
-149
-236
-316
-393
-477
-498
-526
-528
-524
-526
-475
-447
-423
-378
-318
-193
-93
-7
90
151
273
353
420
496
519
530
525
465
388
374
266
273
182
146
143
-9
27
-45
-136
-100
-193
-275
-242
-315
-357
-350
-402
-390
-404
-410
-343
-371
-315
-228
-207
-39
75
237
403
554
702
799
883
936
998
912
939
824
640
551
341
183
20
-170
-386
-499
-643
-715
-772
-811
-788
-794
-663
-551
-379
-189
3
237
433
621
828
993
1148
1312
1349
1395
1500
1426
1416
1340
1159
1035
818
611
350
34
-255
-508
-811
-1007
-1246
-1501
-1650
-1849
-1936
-2009
-2026
-1985
-1968
-1910
-1756
-1621
-1421
-1154
-990
-702
-481
-277
-43
123
309
406
454
568
532
463
524
286
139
8
-305
-434
-638
-858
-901
-1001
-1085
-950
-1014
-765
-550
-430
92
392
990
1440
1922
2500
2938
3345
3597
3810
3829
3956
3604
3447
3127
2507
2221
1522
1133
509
-141
-660
-1299
-1899
-2492
-2945
-3544
-3723
-4166
-4235
-4147
-4179
-3778
-3552
-2974
-2362
-1736
-1047
-353
242
906
1501
1817
2320
2532
2714
2863
2765
2792
2669
2365
2125
1665
1237
815
182
-316
-923
-1470
-1976
-2439
-2861
-3058
-3258
-3309
-3055
-3067
-2507
-2181
-1738
-1012
-564
200
714
1380
1823
2471
2756
3226
3550
3478
3957
3530
3731
3381
2977
2744
2087
1704
957
443
-411
-794
-1616
-1966
-2260
-2795
-2647
-3092
-2883
-2908
-2756
-2466
-2279
-1910
-1645
-1165
-954
-357
-38
429
933
1158
1684
1808
2104
2219
2260
2293
2128
1972
1603
1341
852
599
206
-210
-395
-861
-955
-1272
-1372
-1536
-1661
-1675
-1791
-1688
-1861
-1618
-1718
-1485
-1297
-1139
-728
-561
-106
96
611
861
1223
1474
1648
1918
1866
2099
1997
1945
1823
1585
1397
1104
844
459
158
-274
-539
-874
-1195
-1352
-1674
-1817
-1915
-2029
-1936
-1849
-1713
-1362
-1123
-641
-223
194
739
1179
1551
1943
2191
2287
2503
2359
2377
2211
1925
1794
1446
1137
837
444
2
-181
-786
-982
-1373
-1808
-1886
-2286
-2357
-2476
-2529
-2550
-2433
-2426
-2211
-2073
-2011
-1624
-1572
-1221
-950
-739
-289
-84
290
610
935
1273
1546
1747
1924
2030
2053
2132
1960
1887
1635
1397
1083
811
343
193
-208
-504
-544
-1147
-830
-1387
-1147
-1423
-1365
-1363
-1486
-995
-1396
-418
-941
163
207
751
1582
1521
2722
2364
3375
2962
3545
3226
3100
3063
2151
2403
1184
1379
418
129
-359
-989
-1255
-2142
-2284
-3080
-3210
-3920
-4109
-4385
-4478
-4181
-4118
-3479
-2893
-1972
-946
157
1128
2307
3185
4113
4757
5186
5398
5488
5347
5011
4878
4180
3913
2896
2189
1342
312
-483
-1931
-2713
-4038
-4690
-5571
-6157
-6496
-6961
-6602
-6737
-5940
-5512
-4554
-3625
-2933
-1641
-964
265
802
1817
2511
3212
3848
3930
4677
4356
4787
4390
4162
3847
3007
2723
1674
1257
157
-307
-1236
-1869
-2302
-2902
-2713
-3229
-2872
-2843
-2305
-1905
-1440
-795
-411
460
871
1820
2340
2841
3612
3926
4363
4372
4206
4143
3657
3158
2280
1557
538
-382
-1418
-2766
-3185
-4516
-4780
-5489
-5971
-5676
-6228
-5713
-5880
-5277
-4889
-4198
-3607
-2783
-1594
-417
1913
2601
4228
5030
6871
8539
8614
8911
8680
9210
8256
7418
5749
4848
3129
1353
418
-1415
-2248
-4162
-5146
-6256
-7239
-7919
-8460
-9050
-9728
-9392
-8651
-7387
-6849
-5742
-3700
-1316
797
2516
4222
6353
7939
8979
9626
9799
10143
9719
9127
7877
6938
5862
4567
3189
1666
847
-733
-2101
-3840
-5227
-6345
-7432
-8376
-9457
-9911
-10097
-9259
-8828
-8055
-6905
-5499
-3570
-2215
-419
1171
2717
3657
4636
5621
6510
7354
7258
7925
7639
8140
8324
7620
7253
5962
5315
4024
2415
673
-702
-2443
-3891
-5153
-6269
-6651
-7573
-7447
-7304
-6822
-6133
-5352
-4517
-3758
-3071
-2020
-1053
-764
109
754
1919
2550
2984
3772
4402
4731
4558
4390
3814
3200
2183
1226
88
-1273
-2316
-3554
-4538
-5315
-5914
-5775
-6134
-5719
-5161
-4532
-3904
-3604
-2844
-2169
-883
-298
1303
2352
4596
6468
8061
9492
10614
13096
13510
14186
13016
13175
12241
10476
8377
5886
4077
718
-1233
-3983
-5276
-7692
-9554
-11057
-12460
-13062
-13998
-13962
-14910
-14585
-13739
-11426
-9879
-8446
-6249
-3168
192
2508
4971
7268
9869
11238
12545
12771
13011
12417
11214
10092
8225
6987
4875
2936
581
-1141
-2866
-4702
-6672
-8723
-9609
-10639
-10906
-11625
-11882
-11442
-10160
-8673
-7431
-5919
-3975
-1202
713
2775
4821
6470
8276
9074
10015
10866
10541
10692
9973
9548
8677
7467
6237
4298
2349
288
-784
-3145
-4738
-6614
-7462
-8005
-9069
-8902
-9142
-8276
-7954
-6408
-5312
-3944
-2555
-1100
874
1751
3179
3989
5400
5772
6613
6989
7163
7063
6116
6168
5030
4209
2608
1188
-330
-1657
-3165
-4756
-5470
-7523
-7466
-8607
-9114
-8703
-9670
-8650
-8807
-7890
-7107
-6111
-5398
-3573
-1615
873
4331
5943
9549
11354
14988
17440
18463
18835
18767
18943
17761
16207
13001
11527
7821
5376
2399
-459
-3020
-6461
-8663
-11043
-12710
-15443
-16560
-18869
-19363
-19706
-18934
-17378
-16887
-14244
-11045
-6200
-2670
1026
4196
8287
11415
13570
15152
15148
15732
14780
14219
12565
10887
8940
7078
5308
3260
1805
-600
-2757
-5380
-7495
-9514
-11620
-13745
-15474
-16128
-16062
-15239
-14522
-13264
-11498
-8646
-5808
-2987
-392
2193
4721
6640
8576
9799
11093
11472
11974
12220
12673
12396
11912
11074
9781
9092
7019
5285
2164
-278
-2506
-4811
-7191
-9432
-10757
-11821
-11695
-11719
-10276
-9295
-7378
-5387
-3248
-974
544
2193
3153
4251
4774
5771
5741
5987
5802
6262
6644
5962
5676
4514
4265
2974
1862
-42
-1947
-4032
-5970
-7077
-9333
-9680
-11336
-10679
-10697
-10312
-8495
-8418
-6622
-6203
-4293
-3082
-1396
-769
1182
3204
4935
8505
9338
12688
14105
16760
19284
19731
20008
19198
18465
16588
14441
10352
7698
3602
107
-2643
-5836
-7721
-10444
-12646
-13798
-14642
-15536
-15847
-17161
-16711
-16095
-14980
-13354
-12369
-10468
-7694
-4329
-1092
2343
4710
8462
11151
13473
15018
15141
15591
14670
13679
11878
10034
7303
4656
1952
-113
-1703
-4167
-5738
-7567
-8601
-9651
-10859
-11926
-13069
-13642
-13716
-13066
-12523
-11399
-9626
-7061
-4057
-1385
1696
4277
6709
8818
10433
12057
12213
12401
11990
11610
11099
9670
8467
6863
5664
4121
2789
873
-790
-2698
-4547
-5854
-7765
-8365
-9439
-9456
-8978
-8419
-7000
-5933
-4416
-2755
-763
957
2554
3535
4268
5156
5289
5453
4885
4219
4046
3357
3070
2481
1844
1344
389
-232
-1059
-2148
-3463
-4633
-5571
-6389
-7006
-8119
-8050
-8527
-8131
-7010
-7328
-5313
-5087
-3028
-1156
-684
1618
2105
4384
5019
7111
8750
10893
12553
12804
15847
15763
17864
16313
15398
15120
12663
11556
7439
5104
1483
-994
-4069
-6662
-8802
-11489
-11866
-13572
-13418
-14016
-14396
-13700
-14001
-13008
-11996
-10651
-8855
-7631
-5015
-2142
886
3159
5246
7936
10279
12754
13042
14135
13888
13611
12929
10569
9092
5947
4005
1302
-1043
-3660
-6137
-7937
-10479
-11662
-13849
-14468
-15613
-16490
-16207
-15798
-13920
-12862
-10970
-8709
-5725
-2696
-525
2287
4635
7368
9233
10355
11640
12239
12843
12385
12131
11526
10914
10264
8685
7796
6095
4990
3182
1204
-345
-2154
-2863
-4609
-5666
-6591
-6646
-6226
-6143
-5468
-4638
-3053
-1985
-817
-3
941
1784
1900
2117
1929
1865
2096
1852
2017
1989
2335
2673
2261
2337
1746
1804
575
-835
-2254
-3773
-4888
-7124
-8044
-9567
-9225
-9584
-9261
-7928
-7876
-5040
-4713
-2657
-1467
-1129
766
640
2169
2776
4465
5433
6910
8997
10892
14367
14236
15831
16449
17263
18179
14995
13321
10435
8650
6015
2183
-914
-3639
-4986
-7350
-8302
-9661
-10126
-10393
-11742
-11256
-11893
-11541
-11841
-12969
-12215
-11706
-9939
-8956
-7768
-5288
-1931
1889
4198
6881
9036
12351
14005
13983
13940
12245
11607
8958
6422
3857
1031
-1426
-4417
-6245
-8077
-8712
-10406
-11301
-11737
-11840
-10767
-11136
-10643
-10326
-8742
-6806
-5606
-4154
-2776
-259
1714
3444
4791
6169
7532
8242
8826
9290
9574
9110
8306
7969
7874
7199
6185
4365
4001
3451
2517
1355
-398
-752
-1486
-1906
-2851
-3130
-3155
-2656
-2340
-2294
-1320
-968
35
50
343
1116
1343
1304
862
570
863
660
-201
-688
-1229
-911
-1390
-2299
-2784
-3095
-3472
-4216
-5382
-5996
-6038
-6775
-7067
-7468
-6915
-5838
-5147
-4419
-3021
-2461
-976
83
342
1852
1624
2415
2681
2677
3454
3976
4007
4483
6816
9238
11517
11494
11708
14965
16474
16351
13458
10891
11280
9180
6379
2348
-295
-1817
-3454
-5034
-6667
-6976
-8364
-8107
-9204
-9160
-8790
-10002
-10414
-12213
-11413
-9616
-8998
-9263
-8780
-5288
-696
2085
2652
4720
8448
11429
12444
10852
10422
10221
8919
6876
3311
1053
-1078
-3122
-5150
-6573
-7259
-7544
-7873
-8944
-8236
-7661
-7189
-8078
-9279
-8261
-6860
-6138
-7103
-6779
-4548
-1967
-773
-621
1054
3369
5198
5431
5720
7134
7880
7826
6830
7200
7904
7706
7085
5849
6966
7574
7239
6046
4408
4924
4803
3652
1533
66
194
429
-673
-2022
-2067
-1390
-502
-1121
-1495
-889
-542
-947
-2205
-2783
-2693
-3285
-4935
-6035
-6056
-5470
-5840
-6997
-6966
-6029
-4894
-5118
-5946
-5849
-4917
-4334
-4913
-5530
-5531
-4240
-3617
-3673
-3084
-2468
-230
287
632
1967
2327
3979
3218
3562
4485
4942
5181
4509
6799
8517
10741
10033
10668
13820
15457
16552
13799
13532
13687
13127
10676
6889
4775
2649
1227
-2027
-4147
-6006
-7597
-8547
-10816
-11521
-12133
-12605
-13430
-15037
-14233
-12596
-11616
-11963
-11224
-7616
-3598
-1100
-639
2176
5993
9082
9912
8794
9745
10234
10323
8267
5558
3947
2601
1297
-1244
-2957
-4062
-4324
-5736
-6873
-6766
-6325
-6015
-8024
-8263
-7441
-6332
-6146
-7734
-6855
-5090
-3233
-2741
-2659
-856
1444
3157
3271
4369
5738
7614
8315
7546
8857
9317
10114
9620
8621
9272
9702
9015
7179
6289
5715
6098
3831
1372
697
202
385
-1920
-3954
-4058
-3661
-3917
-5160
-6234
-5546
-4922
-5628
-6455
-6676
-5926
-5593
-6392
-6606
-5537
-4759
-4385
-5072
-4386
-3095
-2348
-2540
-3614
-2856
-2174
-1714
-2743
-3438
-2728
-1518
-1100
-1743
-1570
-741
1028
827
545
803
1557
2482
2086
2237
2857
3903
4238
5429
7845
9956
11363
10961
12590
15035
16079
15734
13414
13001
12836
11480
8538
5022
2434
867
-955
-4095
-6440
-9099
-10124
-11537
-13659
-14481
-15437
-15797
-16293
-16403
-14903
-12941
-12295
-11316
-9078
-5009
-1280
129
1522
4439
8010
10291
10496
9956
10813
11208
10795
8880
6334
4982
3634
2376
294
-1700
-2823
-3590
-5042
-6221
-6940
-7170
-7715
-9483
-9354
-8639
-7919
-8223
-8969
-7360
-5017
-3349
-2524
-1539
380
3138
4771
5819
7646
8029
10385
11403
11219
13308
11700
12661
12133
10518
11209
9247
7729
5935
4373
3399
3081
-78
-1030
-1554
-2505
-1698
-4293
-4771
-4984
-5555
-5654
-6574
-7405
-7089
-7191
-7546
-6989
-6906
-5924
-5024
-4695
-3739
-2526
-2361
-1521
-1986
-1882
-1619
-2563
-3296
-4456
-4772
-5315
-5250
-6324
-6171
-5642
-4837
-3739
-3369
-2120
-1192
499
445
1531
1970
2419
3646
3153
4415
5129
6025
8379
10179
12044
13857
14464
16537
18031
17749
17266
15881
14508
13203
10286
7307
4804
1260
-533
-3158
-5299
-6588
-8923
-9974
-10946
-12078
-12896
-13718
-15061
-15219
-15609
-15127
-14138
-14081
-12585
-10434
-7323
-4164
-1858
741
4256
7235
9724
10740
11085
11915
11615
11004
9151
6820
5139
3269
1210
-567
-2648
-4006
-5060
-6533
-6956
-7522
-7966
-8561
-9521
-9588
-8559
-8380
-8110
-7687
-6694
-4144
-2893
-1466
493
2391
4991
6770
7788
9801
10877
11421
12471
12179
12050
12790
10388
10605
9428
7466
8318
4631
4007
2668
1082
760
-1156
-3056
-3072
-3483
-4826
-4423
-6645
-5668
-5531
-6611
-5875
-6679
-6450
-5735
-6234
-5845
-4818
-5106
-3837
-3590
-3082
-1748
-1648
-1603
-1074
-1390
-896
-884
-2682
-2561
-3809
-4025
-4335
-5798
-5553
-5385
-4811
-4322
-3796
-2978
-1268
-62
884
2022
2504
3984
4656
5209
6177
6370
7488
7783
8636
10594
11884
13187
13423
14204
15784
16539
15599
13971
12518
11398
9987
6512
3438
568
-1863
-3616
-6649
-8692
-10252
-11484
-12065
-13347
-13792
-13962
-14349
-14617
-14874
-14065
-13025
-12281
-11781
-10119
-7420
-4680
-2279
-578
2475
5575
8275
9879
10476
11352
11710
11631
10145
8235
6180
4306
2379
-152
-2076
-4020
-5350
-6700
-7790
-8108
-8643
-8922
-9427
-9335
-8533
-7899
-7436
-6876
-5821
-4086
-2392
-740
723
2782
4809
7249
9215
10553
12330
13179
14729
14664
15050
13942
13402
12347
10667
9928
7082
6199
3710
2440
1035
-346
-1560
-3135
-3842
-4640
-4908
-6135
-6693
-7453
-7426
-7914
-8061
-8544
-8366
-7872
-7796
-6950
-6967
-6161
-5561
-4553
-4045
-3281
-3060
-2897
-2454
-3001
-2710
-3326
-4187
-4260
-5097
-5289
-5256
-6354
-5458
-5181
-4451
-3044
-2708
-1237
162
1587
2850
4308
4522
5996
6957
7456
9420
8877
10493
11021
11407
13691
13439
14690
14537
14564
15391
14724
13650
11794
10429
8390
6996
3744
1268
-899
-3932
-4734
-7657
-9121
-10353
-12339
-12387
-13594
-14097
-14203
-14960
-14778
-14298
-13577
-12394
-11324
-10311
-7847
-5181
-2918
-87
1399
4409
6927
8586
10563
10618
11264
11192
10826
9656
7884
5909
4049
2400
199
-1633
-3695
-5041
-6310
-7142
-7756
-8304
-8559
-8645
-8177
-7470
-6905
-6263
-5430
-4256
-2368
-1083
269
1873
3163
5484
7352
8312
9987
10517
11794
12598
12247
12155
11340
10169
9203
7824
5633
4668
2052
722
-483
-2361
-2833
-4604
-5493
-5863
-6076
-6437
-6685
-7454
-7272
-6800
-7119
-6659
-6970
-6413
-5476
-4936
-4178
-3602
-2965
-1933
-1197
-795
-581
-700
-584
-839
-1411
-2080
-2937
-3997
-4549
-5277
-5408
-5773
-6004
-5417
-5031
-3696
-2879
-1698
-524
1101
2283
3799
4954
5330
7059
7236
8832
9458
9382
10858
10459
11991
12651
12622
13449
12756
13341
13331
12953
11511
10378
8872
7215
5798
2300
860
-2357
-4390
-5986
-9064
-9912
-12319
-13379
-14066
-14974
-15132
-15570
-15711
-15430
-14339
-13657
-12257
-11166
-9776
-6751
-4728
-1765
575
2606
6112
8055
10454
11520
12014
12663
12332
11688
9876
7887
5407
3608
959
-1344
-3453
-5740
-6640
-8173
-8448
-8854
-9091
-8870
-8693
-7668
-6955
-6113
-5649
-4827
-3780
-2680
-1392
-553
883
2450
4419
6376
7786
9677
10883
13002
13696
14040
14410
12970
13382
11097
9977
8037
5438
4242
1526
490
-1401
-2252
-3724
-4160
-4770
-5245
-5276
-6450
-6286
-6781
-6545
-6890
-7203
-7268
-6824
-6009
-5352
-4668
-3898
-2784
-1538
-650
-363
232
-87
141
-653
-1678
-2703
-4288
-5463
-6879
-7728
-8751
-8837
-9451
-8618
-7555
-6493
-4287
-3295
-985
1147
2825
4903
5975
6687
8305
8481
9060
9464
8849
9881
9952
10326
11685
11749
12813
13439
13538
14648
14279
13423
12402
10522
8914
7004
3629
1169
-1891
-4445
-5996
-8723
-10101
-11304
-12253
-12221
-12661
-13043
-12830
-13104
-12861
-12409
-12417
-11561
-10999
-10059
-8217
-6398
-4235
-1580
338
3244
5866
7763
9908
10205
11099
11207
10521
9482
7150
5240
3275
1237
-964
-2960
-4537
-5462
-5892
-6568
-6530
-6543
-6315
-5586
-5703
-5050
-4984
-4995
-4678
-4758
-4029
-3548
-3002
-2249
-803
775
2902
4619
6167
8573
10561
11779
13460
12494
13222
12966
10661
10715
6723
5981
3652
1338
70
-2082
-2947
-3942
-3842
-4983
-3755
-4799
-4289
-3959
-4497
-3397
-4057
-4213
-4489
-4341
-4133
-3352
-3753
-3111
-2352
-1713
-554
-787
-548
-444
-759
-1271
-2534
-4289
-5567
-7355
-8892
-10217
-11538
-11746
-11659
-10926
-9112
-7210
-4442
-1799
893
4023
6835
9143
10554
11410
11904
12371
11771
10900
9875
9082
8700
8301
8127
8498
9112
9735
10493
10765
11518
11475
10696
9254
7671
5969
3750
1125
-1828
-3777
-5630
-6744
-8245
-9095
-9371
-9293
-8968
-9264
-8934
-9233
-8935
-9216
-9591
-9494
-9670
-9214
-8887
-7749
-6036
-3978
-1843
361
2808
5430
7613
8799
9467
9613
9424
8503
6514
4162
1940
-51
-1883
-3987
-5546
-6308
-6589
-6341
-5927
-5371
-4459
-3664
-2983
-2540
-2264
-2159
-2277
-2763
-3044
-2969
-3066
-2790
-2410
-1321
517
2257
3879
6045
7362
9963
11004
11486
12349
11104
11433
9596
8161
6250
4244
2619
945
-345
-1821
-2136
-3246
-2955
-3185
-3093
-2787
-3074
-3205
-3113
-3474
-3917
-4157
-4946
-4622
-4761
-4834
-4538
-4168
-3604
-2545
-2152
-1854
-1172
-1392
-1281
-1994
-3448
-4497
-5985
-7581
-8451
-9817
-10057
-9810
-9288
-7723
-5602
-3268
-594
2330
4577
7488
9392
10703
11675
11560
11096
10448
8882
7662
6522
5209
4869
4318
4445
5378
6330
7573
8825
9628
10856
11495
11223
10537
8881
7378
5704
3224
907
-1488
-3562
-4690
-6349
-7145
-7840
-8592
-8593
-9214
-9404
-9839
-10392
-11116
-11494
-11880
-11804
-11581
-11498
-10092
-8629
-6206
-3754
-1679
1066
3599
6006
7923
8801
9169
9070
8404
7097
5484
3269
1434
-142
-1714
-2160
-2972
-2939
-2544
-2042
-1000
-317
273
577
731
301
-117
-1331
-2628
-3547
-4708
-4959
-5194
-5033
-3834
-2426
-421
1771
3745
6035
7970
9629
10565
10899
10251
9441
8192
6280
4858
2642
1158
-79
-1194
-1582
-1907
-1947
-1587
-1223
-995
-685
-950
-1214
-1541
-2242
-2904
-3692
-4456
-4944
-5148
-5240
-4866
-4531
-3855
-3243
-2866
-2425
-2584
-2645
-3426
-4297
-5454
-6875
-7890
-8986
-9615
-9657
-9419
-8179
-6411
-4202
-1358
1387
4250
6783
9388
10997
12375
12834
12311
11986
10520
9015
7348
5206
3760
2767
1551
1256
927
1109
2459
3508
4547
5854
6089
7211
8163
7522
7870
6367
5680
5082
3451
2337
753
-649
-1674
-2465
-3942
-4453
-5857
-6760
-7342
-8645
-9353
-10694
-11871
-12631
-13043
-13116
-12551
-12175
-10745
-8734
-6448
-3711
-1460
984
3475
5816
7539
8515
8406
8415
7592
6503
5115
3203
1872
614
-61
-545
-542
-543
255
824
1580
2397
2282
2341
1520
600
-419
-1898
-3422
-4823
-6053
-6590
-6503
-6323
-5123
-3479
-1443
1143
3217
5426
7385
8826
9748
10159
9770
8942
8170
6357
5207
3468
2047
1281
32
-3
-273
-217
-25
149
182
199
-99
-876
-1417
-2408
-3173
-4095
-5238
-5853
-6414
-6716
-6630
-6789
-6506
-6269
-6167
-6053
-6335
-6618
-7173
-7681
-8513
-9063
-9373
-9596
-8909
-8229
-6734
-4537
-2226
819
3732
6633
9665
11999
14124
15176
15623
15323
14272
12595
10552
8150
5608
3591
1138
238
-1259
-1576
-1351
-1052
337
1795
3412
4699
6115
6587
8536
8342
8450
7809
6426
6479
4863
3800
2047
680
-795
-1536
-3133
-4333
-5122
-6747
-7196
-8888
-10079
-11119
-12641
-13544
-14038
-14774
-14190
-14052
-13375
-11509
-9917
-7224
-5120
-2754
-487
2186
3866
5605
6269
6457
7428
6659
6885
5755
5146
5045
4580
4604
4358
4361
4283
4719
4223
4238
3456
2219
1374
-523
-1913
-3557
-5393
-6651
-7682
-8200
-7939
-7570
-6542
-4829
-2432
-307
2432
4405
6422
8994
9507
11123
10442
10217
9487
7952
6964
4921
3876
2212
1895
841
879
701
480
1013
600
1032
565
-16
-653
-1469
-2339
-3314
-4554
-5721
-6451
-7236
-7711
-8052
-8442
-8248
-8238
-8380
-8367
-8838
-8658
-8811
-8992
-8985
-8861
-8315
-7530
-6380
-4979
-2968
-1190
1439
3746
6323
8823
10684
12220
13040
13404
12837
12203
9876
8212
5943
3521
1975
-378
-1345
-2048
-2259
-1953
-1242
-412
957
2729
4302
5953
6932
7530
8690
9032
9101
8877
7667
7647
6572
5763
4453
2720
1638
265
-723
-2355
-3510
-5338
-6428
-7994
-9342
-10199
-12008
-12728
-14068
-14309
-14065
-13791
-13000
-11992
-10378
-8093
-5609
-3719
-1195
808
3370
5444
6351
7192
7630
8223
8657
8461
7938
7993
7768
7913
7625
6853
6327
5391
4229
3019
1171
-689
-2422
-4777
-6253
-7910
-9130
-9989
-10754
-10431
-9338
-7996
-6051
-4001
-1854
1217
3229
5588
6825
7702
8545
8455
8079
7081
6147
4716
3995
2319
1650
1070
678
1223
1206
1625
1862
1964
1776
1782
1005
396
-596
-2085
-3015
-4155
-5157
-6006
-7143
-7708
-8033
-8472
-8874
-9266
-9477
-9559
-9479
-9854
-9676
-9610
-9138
-8080
-7150
-5597
-3775
-1795
643
3176
5530
8095
9998
11761
13464
14505
14896
14633
13584
12250
10778
8426
6337
4026
2068
825
-460
-1285
-1720
-1903
-1489
-466
106
1902
3013
3936
5419
5596
7122
7280
7196
7025
6382
6285
5531
4682
3037
2509
863
10
-1562
-3780
-4528
-6763
-7943
-9899
-11928
-13164
-14513
-15765
-16391
-16770
-16568
-15605
-14833
-12863
-10655
-8163
-5318
-2595
34
3266
5488
7572
9173
9834
11283
11330
11410
10876
10327
9853
9291
8201
7306
6485
5131
4451
2471
1287
-514
-2013
-3365
-5039
-6230
-7472
-8027
-8543
-8327
-8064
-6971
-5866
-4357
-2512
-543
1271
3155
4594
6088
7389
7650
8496
7881
8123
7464
7008
6188
5465
4890
4135
4056
3057
3293
2282
2318
1611
1117
549
-630
-1587
-3157
-3893
-5556
-6766
-8192
-9274
-9857
-10646
-11160
-11553
-11685
-11226
-10815
-10408
-9764
-9161
-8017
-7246
-6006
-5090
-3917
-2706
-1809
-72
946
2706
3912
5205
6825
7897
9166
9487
10336
10118
10433
9680
8403
7618
5375
5061
2861
1935
762
-386
-277
-1161
-39
-310
1317
1673
3132
4774
5190
7390
6711
8511
8350
8544
8464
7070
7134
5621
5286
3231
2213
245
-1069
-2232
-4706
-5472
-7973
-9149
-10687
-12529
-13244
-14703
-15172
-15547
-15552
-14743
-13713
-12066
-10505
-7726
-5355
-2257
609
2628
5953
7527
10201
11240
11806
12795
12268
12634
11218
10678
9026
8030
6609
4641
3718
1099
534
-1887
-3024
-4599
-6179
-6897
-8743
-8621
-9567
-8852
-9116
-8549
-7670
-6396
-4557
-3387
-1084
-7
2947
3996
5999
7344
8089
9539
9531
10089
9469
9558
8471
8245
6765
6053
5274
3888
3558
2319
1956
947
215
-991
-1561
-2935
-3810
-5102
-6682
-7379
-8848
-9548
-10668
-11164
-11753
-11561
-11639
-11314
-10599
-10085
-8630
-7975
-6658
-5518
-4272
-2987
-1719
-588
686
1785
2800
3987
4714
5773
6533
7186
7716
8181
8425
8494
7769
7279
6325
5569
4448
3008
1966
843
606
-316
-255
-599
-5
827
1631
2994
4131
5738
6805
7879
8635
9795
9967
10016
9405
8762
8093
6772
4966
3048
1343
-706
-2247
-5268
-6972
-9108
-10763
-12315
-14343
-15154
-16534
-16693
-17388
-16911
-16716
-15437
-13941
-12416
-9497
-7420
-3988
-1463
1594
4627
7401
9866
11717
13246
14278
15235
14891
14669
13585
12571
11314
9533
7643
5700
3785
1957
150
-1906
-3377
-5118
-6337
-7420
-8478
-9218
-9501
-9757
-9565
-9130
-8591
-7109
-6163
-4420
-2522
-747
1291
3083
4721
6609
8067
8975
10024
9836
10359
10114
9494
9069
7783
7017
6114
4857
3831
2634
1278
381
-871
-2063
-3131
-4731
-6034
-7138
-8508
-9481
-10823
-11997
-12308
-12810
-12923
-12779
-12806
-11886
-10779
-9808
-8211
-7140
-5755
-3869
-2696
-902
377
1471
2881
3890
5097
6335
6922
7464
8276
8539
9237
9041
8669
8434
7998
7356
6515
5424
4105
3629
1965
1425
659
-410
149
-830
36
531
1013
2425
2746
4644
5744
7255
7806
8462
9264
9405
9998
8395
8168
6641
5382
4236
1366
145
-2689
-4257
-6527
-8765
-10284
-12392
-13427
-15278
-15687
-16658
-16870
-16838
-16983
-15537
-14518
-12589
-10829
-8593
-5654
-2673
508
3054
5840
8317
10859
12669
13552
14334
14223
14526
13632
12360
10914
8982
7618
5360
3650
1322
-290
-2082
-3750
-4972
-6759
-7083
-8664
-9070
-9572
-9726
-9075
-9230
-8083
-7361
-5522
-3790
-2387
100
1400
4307
6032
7221
9624
9509
11701
11224
11323
11353
10034
10104
8073
7671
5631
5181
3014
1932
741
-1076
-1394
-3835
-4434
-6258
-7117
-8389
-9623
-10609
-11513
-11880
-12275
-12226
-12122
-11574
-10653
-9530
-8436
-6780
-5618
-3870
-2489
-892
397
1580
2582
3238
4318
4712
5333
5680
5961
6364
6758
6570
7170
6775
6605
6695
5415
5318
4080
2927
2140
730
-465
-1208
-2697
-3102
-3187
-3869
-2952
-2829
-1826
-143
1072
2662
5017
6157
8347
9947
10222
12565
11941
12408
11938
10512
9739
7738
5609
3188
1149
-2103
-3557
-7032
-9132
-10816
-13611
-14206
-16409
-17187
-17531
-17863
-17454
-16474
-15596
-13585
-11305
-9261
-5837
-3296
26
3450
5894
8856
11306
12731
14708
15125
15330
15693
14484
13749
12016
10258
8616
6638
4303
2554
399
-1530
-2827
-5313
-6391
-7970
-9336
-10002
-11169
-11723
-11746
-11862
-11446
-10470
-9838
-7845
-6101
-4320
-1779
555
2706
5373
7301
8763
11355
11198
12624
12707
11663
12387
10049
9354
7682
5749
4328
2549
659
-1017
-2217
-4409
-4810
-6703
-7658
-8198
-9655
-9831
-10724
-11202
-11195
-11302
-11212
-10385
-9851
-8817
-7465
-6350
-4614
-2862
-1540
283
1523
2771
4368
4862
5739
6048
6452
6755
6737
6596
6443
6296
6149
5861
5399
4972
4255
3746
2971
2144
1164
303
-827
-1200
-2096
-2404
-2411
-2657
-1581
-1071
317
1661
3313
4938
6896
8762
10039
11775
11927
12950
13295
12377
12050
9821
8294
6457
3602
1284
-1846
-4503
-7055
-9305
-11851
-13514
-15342
-16854
-17276
-18613
-18259
-18377
-18072
-16704
-15737
-13821
-11800
-9544
-6969
-3921
-950
2080
5224
7465
10436
12473
14138
15665
15719
16403
15915
15416
14142
12450
10767
8686
7032
4443
2688
146
-1585
-3439
-5464
-6612
-8603
-9308
-10545
-11207
-11426
-11714
-11238
-10917
-9794
-8582
-6714
-5035
-3184
-515
943
4015
5416
6957
9173
9164
11145
10363
10565
10136
8966
8361
6458
5711
3398
3036
830
0
-973
-2785
-2725
-4508
-4848
-5643
-6559
-7128
-7695
-8436
-8582
-8776
-9091
-8584
-8282
-7774
-6592
-5999
-4931
-3358
-2753
-789
-145
912
2168
2729
3729
4039
4667
4569
5349
4966
5294
5385
4735
5489
4444
4575
3945
3270
2809
1858
1300
236
-221
-1474
-1711
-2349
-2661
-2374
-2583
-1660
-1014
112
1275
2473
3958
5183
6754
7902
8761
9731
9689
10248
10019
9112
8803
6881
6255
4290
2770
865
-1256
-2703
-5187
-6009
-8579
-9306
-11020
-11958
-12408
-13508
-12997
-13743
-12739
-12434
-11216
-9763
-8457
-6044
-4415
-1739
683
2811
5236
6899
8853
10241
11199
11830
11764
11971
11067
10804
9145
7881
6582
4389
3575
1012
-35
-2103
-3509
-4785
-6511
-7145
-8817
-8963
-10036
-9995
-9976
-10044
-9237
-8834
-7423
-6320
-4610
-3212
-1632
509
1771
3846
5364
5973
8265
7890
9155
9612
8476
9816
7808
8205
6950
6206
5214
4083
3251
1553
1577
-1111
-658
-2831
-3579
-4183
-5951
-6015
-7532
-7783
-8638
-8585
-9166
-8687
-8512
-8104
-7033
-6511
-5348
-4315
-3328
-2139
-1031
-299
819
1213
2109
2443
3072
3246
3532
3899
3805
4468
3997
4452
4051
4101
3828
3306
3171
2187
2160
1102
658
293
-413
-367
-629
-662
-238
225
545
1480
2115
2724
4061
4453
5117
6364
5946
7168
7049
6304
7527
5689
6091
4867
3588
3201
1453
547
-1335
-2014
-4341
-4333
-6535
-7342
-7588
-9547
-8258
-10056
-9321
-9330
-9281
-8116
-7874
-6596
-5603
-4048
-2859
-1135
398
1977
3764
4761
6059
7184
7427
8598
7890
8275
7886
6918
6964
4935
4767
3131
2255
952
-320
-1354
-2753
-3344
-5038
-5279
-6524
-6862
-7214
-7813
-7585
-7723
-7122
-6853
-5989
-5180
-4185
-2741
-1945
-348
710
1924
3209
4099
4944
5913
6327
6396
7398
6307
7199
6206
5571
5785
4020
4189
2801
2103
980
439
-1025
-1397
-2433
-3580
-3531
-5118
-5052
-5733
-6033
-6079
-5907
-5993
-5257
-4892
-4290
-3196
-2947
-1756
-1032
-425
355
957
1223
1995
1978
2332
2646
2336
2718
2403
2330
2295
1960
1720
1595
1013
962
626
111
123
-546
-562
-756
-1044
-981
-909
-1164
-626
-528
-567
550
43
1194
1445
1566
2764
2411
3325
3694
3943
4179
4425
4301
4642
4540
3805
4035
3021
2798
2460
1011
861
-238
-1105
-1387
-2948
-3066
-3946
-4372
-4660
-5017
-5122
-5312
-4924
-5343
-4307
-4601
-3642
-3126
-2898
-1376
-1206
257
651
1480
2370
3089
3734
4091
4412
4501
4971
4648
4599
4222
3650
3419
2650
1869
1250
230
-355
-1347
-2141
-2784
-3720
-4067
-4771
-5084
-5321
-5347
-5355
-5032
-4715
-4227
-3332
-3161
-1964
-1475
-597
351
798
1627
2456
2915
3454
4266
3660
5068
4233
4476
4510
3190
3957
2308
2318
1120
655
-353
-936
-1642
-2550
-2525
-3700
-3336
-4157
-3993
-4186
-4058
-4163
-3855
-3634
-3246
-2799
-2677
-1842
-1726
-753
-811
7
154
723
1261
1203
1849
1665
2111
2252
2102
2307
2238
2121
2436
1945
2450
1882
2086
1963
1597
2000
1182
1806
863
1359
886
695
1091
-178
882
-375
85
29
-852
240
-1025
257
-692
74
126
-71
1305
-321
2164
571
2073
1957
1178
2836
881
2561
723
1474
417
323
324
-1110
161
-1903
-542
-1776
-2005
-1581
-2822
-2114
-2943
-2957
-2933
-3051
-2877
-2843
-2314
-2238
-1200
-876
-449
916
741
2481
2403
3071
3939
3519
4560
3561
3876
3064
2873
2171
1273
818
-612
-347
-2115
-1932
-3096
-3629
-3403
-4756
-3869
-5014
-4302
-4473
-4409
-3726
-3870
-2630
-2918
-1387
-1470
-194
784
746
2794
2106
3782
3980
3920
5048
3921
4898
3893
3963
3263
2544
2297
925
1348
-515
4
-1120
-1536
-1196
-2417
-1681
-2457
-2290
-2251
-2382
-2116
-2223
-2019
-2080
-1872
-1774
-1956
-1462
-1886
-1338
-1397
-1462
-857
-1442
-435
-886
-203
-171
-70
584
227
1068
616
1120
1116
1133
1532
1385
1764
1579
1885
1735
1773
1936
1437
1899
1293
1522
1167
874
635
309
102
-398
-154
-1177
-367
-964
-583
-78
-132
659
1033
1390
2129
2719
2652
3603
2898
3746
3442
3433
3136
2844
2425
2169
1967
723
1178
-724
-155
-1686
-2163
-2741
-4037
-3947
-5290
-4920
-5880
-5294
-5794
-5009
-4674
-4105
-2827
-2511
-840
-258
1056
1907
2689
3228
3948
4018
4400
4193
3792
3725
3008
2781
1967
1403
565
221
-717
-1085
-1769
-2533
-2526
-3410
-3389
-3936
-4199
-4100
-4209
-3902
-3750
-3343
-2942
-2399
-1687
-1180
-261
266
821
1779
1727
2722
2502
2802
2991
2514
2950
1849
2333
1292
1647
1091
770
949
-63
800
-315
427
-341
-152
-355
-706
-473
-1322
-894
-1832
-1484
-2037
-2059
-2174
-2406
-2238
-2257
-1959
-1803
-1385
-1155
-642
-256
309
562
1228
1306
2037
2176
2491
2828
2652
3189
2776
3119
2684
2672
2282
1977
1739
1128
1004
50
-127
-946
-1399
-1825
-2609
-2732
-3306
-3290
-3385
-3259
-2894
-2488
-1693
-1130
33
700
1867
2831
3475
4572
4926
5554
5795
5733
5894
5551
5183
4687
3956
3315
2621
1765
721
-35
-1286
-1936
-2974
-4097
-4540
-5763
-5886
-6517
-6756
-6701
-6679
-6050
-5569
-4552
-3836
-2478
-1576
-282
877
1786
2993
3544
4322
4776
5077
5233
5115
4800
4507
4011
3397
2708
1862
1014
334
-577
-1330
-2074
-2916
-3247
-3932
-4262
-4600
-4881
-4856
-4840
-4611
-4336
-3837
-3462
-2705
-2108
-1436
-549
-73
828
1290
1891
2450
2649
3011
3120
3266
3200
3193
2905
2863
2637
2289
2112
1471
1237
741
284
-167
-737
-1272
-1739
-2152
-2682
-2964
-3461
-3582
-3762
-3824
-3748
-3647
-3399
-3092
-2633
-2180
-1606
-1046
-372
303
1034
1661
2311
2801
3344
3796
4146
4404
4394
4434
4363
4193
3910
3550
3023
2546
2049
1344
779
-21
-748
-1314
-2190
-2626
-3273
-3893
-4001
-4471
-4289
-4237
-4005
-3344
-2799
-1714
-829
389
1391
2734
3820
4843
5854
6350
7216
7335
7613
7380
7078
6568
5746
4898
3736
2750
1298
204
-1284
-2601
-3804
-5197
-6226
-7275
-7954
-8428
-8765
-8885
-8585
-8139
-7309
-6414
-5345
-4029
-2622
-1136
368
1711
3038
4363
5287
6222
6573
7039
7161
7014
6709
6051
5512
4541
3672
2468
1459
273
-908
-1974
-3235
-4039
-4988
-5698
-6295
-6808
-6941
-6962
-6810
-6466
-5969
-5258
-4427
-3383
-2500
-1297
-261
743
1955
2629
3786
4315
5064
5510
5781
6097
5912
5968
5392
5267
4498
3935
3170
2155
1578
386
-349
-1439
-2349
-3123
-4021
-4686
-5385
-5731
-6098
-6097
-6141
-6031
-5541
-5297
-4493
-3904
-3016
-1990
-1075
102
1028
2279
3147
4196
4876
5543
6264
6409
6903
6649
6631
6285
5694
5173
4193
3487
2288
1481
166
-871
-1858
-3115
-3689
-4926
-5315
-6007
-6443
-6478
-6735
-6397
-6187
-5435
-4885
-3720
-2934
-1660
-322
836
2606
3563
5227
6105
7308
8083
8808
9235
9298
9345
8556
8476
7127
6460
5027
3647
2404
706
-552
-2353
-3503
-5143
-6041
-7373
-8156
-8883
-9559
-9485
-9789
-9343
-9030
-8232
-7359
-6132
-4883
-3345
-1791
-187
1517
3011
4540
5706
6848
7558
8333
8505
8766
8361
8006
7432
6496
5742
4306
3388
1862
773
-622
-1888
-3109
-4351
-5153
-6382
-6882
-7791
-8055
-8329
-8473
-8129
-7894
-7067
-6431
-5400
-4211
-3124
-1536
-444
950
2307
3291
4721
5201
6265
6611
7143
7265
7160
7066
6291
6332
4912
4713
3194
2349
1277
-196
-948
-2608
-3190
-4787
-5299
-6494
-6930
-7366
-7818
-7562
-7670
-6933
-6418
-5482
-4512
-3185
-1870
-400
1022
2347
3745
5152
6118
7259
7783
8354
8822
8655
8835
8053
7816
6714
5910
4656
3275
2062
221
-802
-2786
-3776
-5263
-6460
-7192
-8400
-8438
-9019
-8876
-8497
-8308
-7034
-6343
-4854
-3555
-2051
-105
1300
3522
4617
6717
7875
9232
10500
10584
11795
11224
11647
10900
9870
9091
7229
6133
3848
2316
38
-1808
-3562
-5764
-6908
-8991
-9891
-11145
-12008
-12206
-12793
-12301
-12214
-11298
-10171
-8840
-6909
-5364
-2993
-1008
1338
3519
5321
7504
8784
10592
11348
12020
12451
11961
12053
10777
9945
8396
6777
5167
2947
1312
-1110
-2746
-4975
-6694
-8298
-10047
-10912
-12324
-12650
-13114
-13130
-12577
-12193
-10924
-9849
-8016
-6247
-4345
-2017
-145
2455
4264
6288
8008
9267
10726
11283
12005
11988
11798
11432
10486
9655
8110
6752
5051
3192
1568
-591
-2119
-4185
-5685
-7207
-8557
-9299
-10430
-10480
-10951
-10490
-10003
-9294
-7979
-6784
-4843
-3273
-1220
538
2445
4386
5931
7622
8712
9811
10668
10953
11277
10877
10454
9715
8500
7407
5654
4112
2192
341
-1628
-3551
-5332
-7178
-8556
-10022
-10758
-11530
-11873
-11709
-11600
-10583
-9760
-8430
-6699
-5146
-2836
-945
1292
3492
5570
7680
9522
11263
12444
13921
14417
15110
15165
14631
14341
12879
11730
9809
7776
5672
3229
817
-1727
-4153
-6632
-8699
-10832
-12518
-13921
-15147
-15772
-16235
-16177
-15602
-14910
-13542
-12035
-10093
-7718
-5460
-2794
-261
2362
4897
7282
9323
11169
12661
13668
14507
14506
14437
13771
12737
11431
9654
7733
5524
3365
858
-1329
-3772
-5921
-7815
-9759
-11096
-12471
-13290
-13869
-14128
-13921
-13435
-12560
-11427
-9933
-8259
-6293
-4181
-2073
179
2366
4525
6535
8228
9823
10934
11980
12418
12599
12376
11644
10947
9522
8291
6428
4710
2796
769
-922
-2987
-4426
-6255
-7495
-8630
-9563
-9988
-10429
-10292
-10041
-9315
-8483
-7276
-5889
-4332
-2475
-693
1261
3082
4815
6614
7949
9254
10182
10745
11207
11003
10837
10000
9169
7877
6450
4923
3014
1400
-820
-2414
-4435
-5983
-7369
-8897
-9581
-10617
-10868
-11010
-10944
-10297
-9601
-8439
-7156
-5663
-4049
-2192
-187
1668
3922
5548
7541
9303
10534
12279
12789
13844
14159
14218
14121
13094
12303
10590
9323
7094
5161
2706
218
-1864
-4612
-6327
-8765
-10295
-11876
-13084
-13891
-14563
-14695
-14776
-14150
-13575
-12248
-10933
-9202
-7257
-5177
-2749
-398
1949
4377
6543
8603
10428
11542
12631
12950
13260
12834
12058
10802
9189
7501
5340
3409
858
-1069
-3386
-5285
-6948
-8656
-9686
-10830
-11309
-11781
-11738
-11584
-11138
-10453
-9535
-8298
-7061
-5515
-3999
-2242
-440
1322
3036
4800
6249
7822
9023
9863
10671
10827
11046
10718
10106
9375
8213
6969
5475
3899
2200
728
-948
-2281
-3516
-4758
-5505
-6457
-6897
-7299
-7455
-7394
-7244
-6816
-6232
-5430
-4598
-3484
-2486
-1169
136
1346
2699
3814
4947
5938
6657
7144
7414
7358
7118
6550
5770
4843
3621
2368
970
-473
-1761
-3064
-4250
-5210
-6094
-6630
-7131
-7412
-7417
-7274
-6774
-6198
-5512
-4626
-3637
-2651
-1458
-399
758
2112
3146
4555
5650
6756
7875
8643
9495
10019
10448
10484
10565
9901
9542
8523
7269
6357
4405
3284
1345
-284
-1865
-3523
-4827
-6163
-7183
-8240
-8658
-9494
-9566
-9838
-9910
-9485
-9398
-8696
-8020
-7216
-6043
-4822
-3441
-1705
-234
1561
3149
4672
6060
7197
8009
8496
8747
8370
8143
6996
6076
4739
3176
1830
-7
-1358
-2895
-4062
-5172
-6030
-6815
-7239
-7451
-7621
-7344
-7315
-6711
-6227
-5651
-4807
-4137
-3293
-2419
-1582
-650
347
1151
2126
2928
3751
4618
5228
5880
6363
6682
6917
6930
6681
6534
6009
5511
4968
4041
3514
2573
1793
1108
269
-203
-857
-1395
-1940
-2447
-2955
-3308
-3655
-4011
-4091
-4385
-4290
-4254
-4069
-3555
-3199
-2489
-1858
-1130
-317
329
933
1479
1883
2148
2347
2137
1964
1661
1151
797
104
-433
-847
-1401
-1618
-1900
-2158
-2000
-2107
-1805
-1493
-1401
-753
-652
-194
252
484
972
1219
1524
1978
2316
2545
3068
3042
3577
3841
3885
4358
4152
4363
4407
4180
4192
3929
3553
3338
2775
2376
1933
1301
824
323
-295
-635
-1157
-1812
-2003
-2724
-2879
-3441
-3991
-4290
-4921
-5108
-5489
-5623
-5766
-5517
-5375
-4788
-4165
-3532
-2421
-1697
-563
356
1109
1964
2467
2920
3294
3269
3220
2932
2454
1980
1377
690
87
-570
-1160
-1462
-2033
-2235
-2635
-2825
-2842
-3036
-2938
-3081
-3001
-2989
-2869
-2833
-2660
-2506
-2347
-2014
-1892
-1462
-1189
-683
-82
417
1159
1710
2432
3122
3692
4396
4802
5330
5652
5831
6033
5903
5942
5644
5414
5018
4499
4045
3320
2689
1787
941
-74
-1100
-2125
-3226
-4155
-5116
-5890
-6540
-6982
-7116
-7092
-6798
-6262
-5503
-4420
-3335
-2090
-850
333
1507
2337
3230
3761
4175
4506
4444
4426
4135
3758
3401
2851
2340
1855
1322
875
416
-83
-464
-896
-1263
-1450
-1791
-1895
-1991
-2074
-1760
-1707
-1390
-983
-829
-120
126
585
1027
1180
1764
2010
2517
2818
3181
3455
3835
4063
4251
4546
4433
4718
4519
4428
4228
3727
3225
2488
1718
810
-300
-1427
-2495
-3715
-4775
-5879
-6807
-7689
-8290
-8724
-8937
-9082
-8940
-8457
-8058
-7139
-6459
-5335
-4175
-3054
-1756
-634
580
1596
2602
3420
4196
4658
5108
5347
5307
5306
4996
4597
4073
3421
2806
2141
1409
736
-66
-641
-1224
-1892
-2348
-2856
-3250
-3524
-3839
-3970
-4042
-4075
-3746
-3552
-3109
-2446
-1902
-994
-117
725
1851
2759
3707
4789
5307
6179
6649
6773
7422
6950
7011
6596
5762
5520
4149
3316
2100
908
-319
-1483
-2774
-3902
-4754
-6011
-6336
-7246
-7569
-7684
-7827
-7436
-7041
-6389
-5506
-4545
-3546
-2203
-954
326
1624
2697
3763
4776
5231
5945
6146
6161
6325
5866
5601
4935
4202
3549
2687
1686
956
23
-838
-1394
-2306
-2705
-3174
-3582
-3627
-3783
-3693
-3411
-3237
-2706
-2176
-1803
-966
-346
166
1052
1456
2086
2714
2954
3618
3947
4353
4820
4902
5284
5567
5482
5704
5459
5186
5029
4386
3803
3038
2069
1227
156
-1199
-2165
-3472
-4482
-5412
-6515
-7061
-7788
-8233
-8581
-8780
-8704
-8488
-8116
-7596
-6944
-6241
-5249
-4294
-3204
-1955
-829
420
1526
2401
3360
3925
4419
4670
4684
4639
4239
3833
3158
2525
1781
1031
363
-358
-940
-1470
-1827
-2224
-2505
-2756
-2921
-2957
-3051
-2886
-2696
-2358
-1926
-1486
-790
-139
612
1466
2211
3016
3767
4398
5096
5511
5842
6173
6070
6204
6023
5585
5370
4547
3966
3211
2236
1401
354
-678
-1575
-2591
-3553
-4214
-5189
-5658
-6155
-6609
-6628
-6694
-6479
-6054
-5433
-4724
-3710
-2701
-1514
-302
797
2027
3035
3943
4790
5445
5869
6210
6176
6073
5791
5213
4660
3857
3016
2242
1297
382
-348
-1217
-1801
-2276
-2832
-3084
-3212
-3271
-3040
-2940
-2589
-2056
-1687
-941
-329
249
918
1437
1782
2216
2227
2229
2296
1850
1758
1340
888
728
232
20
-91
-343
-378
-351
-378
-217
-156
-171
182
111
220
224
-141
-32
-417
-589
-822
-1268
-1478
-1761
-2133
-2417
-2709
-3121
-3141
-3482
-3552
-3451
-3570
-3291
-3092
-2812
-2299
-1995
-1446
-873
-412
205
621
988
1333
1618
1795
2004
1980
2070
2216
2135
2329
2265
2331
2421
2372
2367
2233
2093
1854
1613
1243
927
504
157
-101
-429
-591
-876
-1128
-1296
-1524
-1693
-1864
-2057
-2150
-2183
-2145
-2025
-1840
-1556
-1051
-470
139
853
1463
2156
2676
3105
3429
3368
3349
3008
2649
2102
1485
866
167
-337
-971
-1345
-1868
-2144
-2415
-2584
-2619
-2743
-2640
-2585
-2364
-2151
-1863
-1509
-1060
-605
-99
322
735
1144
1420
1682
1840
1888
1887
1864
1705
1656
1418
1306
1190
1012
1077
1061
1234
1412
1619
1806
2104
2222
2339
2445
2240
2294
1898
1572
1209
525
89
-595
-1300
-1902
-2606
-3245
-3721
-4375
-4705
-4933
-5197
-5012
-5016
-4697
-4104
-3665
-2703
-1798
-863
480
1549
2720
3839
4776
5668
6408
6856
7152
7205
6933
6778
6029
5374
4431
3191
2169
742
-492
-1827
-3177
-4385
-5551
-6691
-7604
-8481
-9201
-9581
-9904
-9824
-9551
-9172
-8381
-7514
-6351
-4973
-3688
-2037
-476
1167
2863
4331
5789
7199
8318
9244
9971
10195
10415
10217
9647
9050
8049
6983
5806
4420
3057
1585
67
-1310
-2692
-4000
-5116
-6186
-7059
-7735
-8313
-8523
-8526
-8367
-7876
-7216
-6236
-5049
-3808
-2352
-848
680
2209
3559
4766
5864
6768
7433
7886
8124
8175
8002
7620
7009
6257
5379
4367
3281
2127
916
-288
-1501
-2692
-3743
-4791
-5646
-6449
-7097
-7527
-7873
-7943
-7833
-7507
-6956
-6081
-5129
-3986
-2726
-1434
-30
1223
2508
3604
4634
5532
6250
6745
7094
7230
7111
6996
6580
6138
5533
4788
4021
2999
1990
827
-460
-1616
-2898
-4103
-5244
-6397
-7247
-8137
-8773
-9151
-9509
-9376
-9112
-8715
-7888
-7108
-6024
-4689
-3420
-1836
-269
1344
3063
4658
6183
7727
8973
10181
11255
11809
12387
12597
12427
12163
11395
10445
9255
7741
6141
4204
2213
175
-1891
-3947
-5819
-7695
-9316
-10633
-11868
-12575
-13151
-13289
-13161
-12740
-11874
-10817
-9373
-7783
-6028
-4118
-1969
59
2097
4122
5845
7591
8921
10033
10868
11336
11622
11476
10992
10242
9237
7976
6540
4912
3135
1497
-301
-1959
-3546
-5112
-6373
-7649
-8498
-9201
-9704
-9854
-9799
-9469
-8826
-7901
-6922
-5639
-4261
-2764
-1224
250
1641
3021
4299
5369
6380
6955
7607
7880
7989
7996
7552
7182
6495
5786
4809
3848
2687
1561
479
-791
-1818
-2996
-3929
-4875
-5670
-6233
-6661
-6857
-6894
-6601
-6179
-5513
-4682
-3801
-2618
-1458
-326
817
1818
2812
3721
4514
5119
5622
5975
6247
6331
6201
6052
5662
5189
4610
3840
3023
2074
1024
-75
-1189
-2328
-3378
-4397
-5264
-5971
-6601
-6952
-7267
-7348
-7296
-7071
-6672
-6178
-5528
-4809
-3955
-3185
-2270
-1425
-447
521
1365
2375
3133
4034
4777
5432
6078
6540
6973
7144
7237
7025
6761
6287
5638
4909
3926
2998
1853
767
-324
-1510
-2478
-3465
-4345
-5073
-5751
-6208
-6488
-6623
-6619
-6385
-6077
-5571
-4921
-4267
-3283
-2361
-1310
-194
831
1949
2951
3945
4802
5574
6133
6591
6730
6653
6533
6116
5656
4946
4120
3244
2286
1310
296
-683
-1622
-2446
-3189
-3854
-4431
-4869
-5134
-5267
-5239
-5119
-4916
-4538
-4115
-3569
-2968
-2302
-1568
-865
-44
696
1467
2157
2792
3346
3800
4165
4299
4413
4244
4056
3700
3187
2646
1990
1366
655
35
-661
-1218
-1791
-2315
-2769
-3208
-3478
-3736
-3895
-3958
-3864
-3696
-3379
-3031
-2567
-1991
-1325
-558
209
1022
1785
2517
3164
3716
4153
4490
4653
4718
4645
4454
4126
3644
3139
2482
1842
1126
406
-331
-1037
-1714
-2410
-3048
-3638
-4070
-4489
-4751
-4886
-4990
-4895
-4678
-4343
-3865
-3302
-2606
-1891
-1143
-367
370
1099
1710
2319
2741
3138
3404
3502
3674
3692
3711
3701
3514
3375
3224
2975
2718
2363
2015
1591
1156
593
84
-512
-1092
-1601
-2258
-2633
-3085
-3313
-3478
-3564
-3429
-3287
-2985
-2702
-2320
-1956
-1532
-1191
-869
-489
-188
175
456
719
1018
1311
1624
1864
2110
2359
2478
2548
2476
2315
2075
1764
1338
846
377
-113
-553
-1018
-1292
-1476
-1566
-1520
-1458
-1238
-974
-682
-359
-85
157
339
510
604
666
709
757
835
875
1004
1121
1293
1485
1654
1851
1948
2007
1954
1794
1558
1172
750
232
-331
-879
-1460
-1956
-2425
-2764
-3040
-3229
-3358
-3422
-3416
-3411
-3313
-3276
-3179
-3079
-2956
-2763
-2544
-2208
-1844
-1373
-822
-226
432
1088
1793
2446
3011
3503
3792
3966
3974
3828
3578
3166
2688
2109
1502
861
307
-192
-602
-948
-1273
-1434
-1605
-1681
-1737
-1727
-1683
-1611
-1426
-1254
-948
-639
-271
104
524
1089
1628
2241
2731
3179
3533
3705
3793
3632
3366
2868
2195
1469
548
-325
-1210
-1955
-2568
-3081
-3327
-3472
-3302
-3037
-2555
-1939
-1226
-477
159
909
1456
2017
2419
2734
2975
3066
3174
3093
2987
2784
2506
2146
1707
1166
507
-151
-941
-1741
-2555
-3417
-4187
-4923
-5554
-5991
-6266
-6295
-6140
-5771
-5208
-4491
-3645
-2728
-1752
-825
132
934
1699
2351
2887
3404
3760
4128
4414
4657
4866
5002
5061
5001
4883
4615
4250
3716
3062
2299
1377
422
-669
-1711
-2745
-3676
-4444
-5035
-5395
-5583
-5490
-5194
-4731
-4123
-3349
-2549
-1720
-896
-164
569
1187
1672
2107
2375
2675
2968
3124
3348
3394
3467
3467
3318
3102
2789
2429
1904
1395
670
-17
-842
-1638
-2313
-3010
-3432
-3843
-4016
-4072
-3973
-3738
-3413
-2949
-2480
-1916
-1426
-978
-546
-267
73
322
542
825
937
1202
1391
1577
1795
1900
2066
2132
2203
2164
2079
1949
1735
1561
1247
1092
810
592
548
374
452
453
473
599
595
589
590
427
225
-62
-487
-896
-1360
-1858
-2171
-2499
-2723
-2625
-2628
-2157
-1754
-1183
-387
285
1217
1940
2818
3391
4041
4292
4526
4658
4437
4485
3930
3721
3148
2606
2036
1176
479
-385
-1100
-1982
-2683
-3510
-4181
-4817
-5418
-5782
-6132
-6222
-6063
-5850
-5227
-4551
-3716
-2550
-1688
-363
573
1658
2618
3339
4148
4511
4938
4895
4985
4641
4409
4004
3362
2918
2052
1553
667
-56
-731
-1519
-2040
-2788
-3279
-3813
-4263
-4592
-4960
-5087
-5263
-5131
-4930
-4619
-3999
-3514
-2613
-1933
-977
-4
638
1803
2170
3059
3550
3696
4378
3981
4369
4114
3926
3817
3241
3185
2499
2379
1556
1242
557
-142
-504
-1501
-1791
-2691
-3133
-3605
-4104
-4293
-4486
-4461
-4206
-3816
-3126
-2392
-1409
-421
631
1781
2625
3762
4280
5095
5488
5808
6019
5804
5719
5167
4799
4004
3390
2582
1754
979
41
-687
-1521
-2170
-2802
-3294
-3720
-3969
-4162
-4151
-4074
-3852
-3432
-2943
-2355
-1655
-995
-311
361
742
1305
1511
1774
1856
1746
1666
1366
1064
717
309
-104
-371
-778
-957
-1200
-1337
-1403
-1549
-1516
-1510
-1368
-1297
-1083
-957
-712
-436
-260
56
207
538
837
1046
1325
1528
1785
1996
2127
2193
2194
2198
2016
1873
1518
1197
949
522
283
-71
-310
-495
-634
-693
-672
-619
-607
-428
-431
-292
-162
-157
-29
-84
-20
-15
-58
-43
-48
68
100
309
366
557
699
736
911
704
701
435
148
-109
-594
-922
-1473
-1902
-2378
-2787
-3057
-3367
-3412
-3599
-3484
-3383
-3341
-2924
-2893
-2392
-2132
-1948
-1410
-1460
-896
-704
-549
-87
-100
361
536
773
982
1123
1241
1247
1384
1147
1242
1058
996
1011
777
925
900
1030
1256
1484
1883
2288
2738
3149
3600
3909
4145
4321
4207
4190
3911
3493
3044
2375
1785
1079
380
-335
-913
-1447
-1855
-2134
-2417
-2397
-2414
-2307
-2123
-1959
-1652
-1348
-1078
-715
-437
-208
100
283
543
757
830
902
792
604
390
-6
-416
-1016
-1551
-2154
-2726
-3237
-3816
-4170
-4595
-4738
-4944
-4872
-4719
-4440
-3953
-3518
-2763
-2090
-1129
-299
641
1633
2560
3584
4496
5454
6286
7016
7558
7983
8163
8271
8040
7629
7013
6132
5257
4178
3079
1941
744
-442
-1553
-2718
-3664
-4548
-5252
-5757
-6174
-6364
-6436
-6298
-6043
-5523
-5000
-4220
-3390
-2522
-1490
-615
452
1327
2182
2947
3496
4014
4264
4403
4248
4039
3595
2972
2277
1290
426
-680
-1705
-2704
-3700
-4430
-5182
-5693
-6106
-6322
-6371
-6302
-5939
-5511
-4892
-4114
-3369
-2355
-1501
-532
464
1257
2310
2983
3769
4349
4809
5182
5346
5469
5295
5223
4791
4481
3913
3320
2744
1904
1220
369
-354
-1051
-1635
-2090
-2384
-2521
-2540
-2414
-2173
-1820
-1337
-862
-382
109
563
1022
1382
1755
1985
2252
2462
2623
2752
2794
2860
2823
2804
2637
2515
2238
1931
1611
1092
611
-52
-640
-1317
-1910
-2443
-2959
-3332
-3729
-3856
-4032
-4074
-3992
-3945
-3640
-3486
-3162
-2800
-2541
-2122
-1854
-1481
-1248
-911
-651
-438
-139
-22
291
317
482
599
580
768
632
691
683
706
816
834
1039
1121
1442
1715
2097
2532
2900
3433
3726
4208
4455
4647
4888
4811
4783
4560
4207
3791
3279
2652
2002
1270
491
-228
-1111
-1855
-2562
-3285
-3758
-4300
-4656
-4839
-5026
-4967
-4873
-4612
-4260
-3813
-3289
-2759
-2227
-1660
-1067
-700
-257
36
287
546
601
685
630
635
473
267
63
-283
-483
-803
-1070
-1353
-1593
-1754
-1877
-1882
-1820
-1629
-1449
-1078
-665
-319
339
707
1209
1827
1999
2588
2692
2859
3037
2817
2897
2593
2403
2092
1794
1368
992
628
104
-98
-624
-880
-1138
-1461
-1543
-1700
-1666
-1546
-1358
-1026
-701
-281
184
744
1257
1725
2274
2588
2978
3188
3256
3365
3271
3152
2916
2647
2294
1926
1522
1033
585
33
-393
-910
-1444
-1844
-2351
-2740
-3063
-3333
-3442
-3460
-3387
-3199
-2931
-2593
-2183
-1772
-1299
-882
-424
-15
293
595
807
969
1049
1035
978
810
598
437
87
-104
-440
-789
-1026
-1410
-1659
-1961
-2167
-2324
-2357
-2348
-2214
-2033
-1763
-1339
-962
-341
227
847
1544
2163
2767
3319
3787
4238
4562
4763
4933
4811
4702
4402
3970
3473
2767
2037
1262
506
-340
-1028
-1858
-2562
-3196
-3800
-4073
-4504
-4596
-4645
-4636
-4395
-4157
-3801
-3300
-2705
-2091
-1334
-634
114
848
1549
2217
2753
3155
3493
3649
3677
3614
3254
2849
2251
1662
1029
305
-362
-1064
-1563
-2088
-2555
-2827
-3047
-3110
-3024
-2949
-2651
-2297
-1902
-1315
-849
-236
402
932
1532
2119
2507
2984
3267
3358
3625
3514
3450
3273
2891
2589
2098
1587
1017
387
-193
-765
-1396
-1912
-2332
-2746
-3003
-3203
-3344
-3271
-3142
-2891
-2564
-2212
-1754
-1302
-790
-345
104
519
904
1270
1471
1730
1869
1915
2008
1915
1844
1739
1508
1313
1044
715
393
36
-328
-665
-1026
-1302
-1526
-1748
-1816
-1885
-1889
-1789
-1673
-1468
-1158
-860
-544
-225
45
332
603
844
1021
1222
1368
1518
1609
1666
1732
1690
1694
1636
1506
1357
1127
856
567
246
-70
-392
-689
-992
-1158
-1339
-1441
-1460
-1496
-1378
-1387
-1242
-1091
-974
-698
-545
-396
-264
-160
16
179
370
556
689
869
1043
1144
1239
1341
1315
1321
1226
1081
1033
833
661
460
243
115
-98
-244
-393
-580
-684
-822
-967
-1141
-1279
-1412
-1526
-1645
-1823
-1864
-1932
-1935
-1897
-1828
-1645
-1499
-1224
-967
-636
-255
103
496
799
1177
1514
1833
2214
2502
2786
3047
3217
3332
3399
3435
3390
3280
3025
2741
2380
1925
1447
889
396
-152
-735
-1325
-1885
-2395
-2839
-3201
-3581
-3819
-3996
-4083
-4056
-4006
-3794
-3516
-3146
-2663
-2184
-1612
-1015
-414
175
743
1265
1748
2193
2515
2805
3037
3137
3144
3041
2842
2559
2177
1724
1189
643
28
-610
-1245
-1831
-2358
-2847
-3183
-3472
-3619
-3628
-3525
-3311
-2994
-2544
-2012
-1381
-765
-146
467
1054
1624
2122
2560
2932
3248
3475
3621
3695
3703
3632
3464
3246
2966
2543
2098
1591
998
451
-151
-701
-1198
-1622
-1960
-2239
-2362
-2416
-2436
-2327
-2093
-1819
-1509
-1188
-892
-571
-292
9
281
512
749
908
1056
1171
1265
1359
1428
1430
1400
1327
1231
1081
890
688
483
260
21
-230
-495
-696
-899
-1033
-1124
-1227
-1275
-1285
-1300
-1296
-1256
-1248
-1188
-1175
-1154
-1119
-1102
-1071
-1095
-1078
-1041
-989
-901
-767
-608
-455
-270
-53
163
408
664
901
1131
1317
1504
1664
1773
1860
1913
1922
1893
1819
1724
1614
1461
1306
1126
895
680
410
97
-182
-514
-826
-1123
-1419
-1656
-1867
-1994
-2071
-2110
-2108
-2062
-1940
-1757
-1492
-1226
-955
-680
-432
-177
41
291
512
699
845
939
1026
1044
1039
1014
975
886
739
556
331
92
-149
-397
-668
-908
-1123
-1300
-1431
-1524
-1542
-1497
-1419
-1316
-1115
-859
-552
-236
126
509
871
1274
1614
1957
2230
2489
2682
2790
2874
2856
2793
2621
2413
2150
1845
1495
1088
725
332
-61
-418
-787
-1077
-1347
-1552
-1697
-1808
-1804
-1821
-1788
-1693
-1513
-1274
-1017
-730
-465
-146
137
406
646
840
1032
1166
1272
1319
1309
1229
1107
912
674
429
110
-179
-465
-792
-1057
-1299
-1514
-1683
-1795
-1860
-1852
-1794
-1714
-1537
-1368
-1150
-883
-649
-327
-24
255
546
785
1001
1158
1219
1201
1206
1115
962
787
567
340
75
-180
-417
-625
-795
-891
-971
-1041
-1027
-981
-879
-709
-536
-332
-99
97
336
567
762
948
1099
1228
1314
1371
1355
1312
1210
1061
894
662
458
200
-70
-319
-520
-732
-912
-1038
-1189
-1262
-1328
-1346
-1289
-1216
-1109
-962
-811
-629
-400
-159
116
381
636
897
1091
1271
1402
1433
1452
1387
1231
1040
797
539
216
-96
-445
-781
-1081
-1364
-1593
-1791
-1892
-1918
-1844
-1761
-1590
-1340
-1034
-640
-239
231
672
1110
1503
1824
2061
2244
2433
2490
2501
2418
2287
2103
1854
1610
1338
1067
747
433
112
-203
-481
-769
-1048
-1299
-1482
-1615
-1704
-1751
-1738
-1641
-1555
-1394
-1192
-978
-704
-459
-224
12
197
359
508
587
625
675
660
643
627
575
554
496
396
290
189
43
-103
-258
-440
-591
-770
-929
-1029
-1081
-1102
-1068
-974
-864
-670
-496
-303
-59
137
384
596
778
932
1024
1098
1169
1178
1125
1044
923
779
594
384
163
-31
-280
-485
-658
-840
-925
-978
-988
-938
-853
-736
-583
-418
-198
54
315
621
880
1100
1261
1390
1487
1525
1503
1428
1316
1108
824
511
171
-188
-524
-869
-1164
-1439
-1673
-1857
-2017
-2098
-2139
-2132
-2060
-1960
-1800
-1624
-1427
-1183
-926
-637
-346
-22
280
607
928
1210
1479
1691
1887
2003
2053
2041
1919
1725
1475
1145
779
406
18
-352
-688
-975
-1209
-1340
-1450
-1479
-1427
-1321
-1106
-899
-650
-359
-53
271
603
900
1196
1494
1718
1915
2008
2007
1980
1866
1703
1499
1243
950
657
312
-79
-397
-700
-956
-1157
-1325
-1387
-1398
-1387
-1350
-1262
-1118
-923
-708
-511
-301
-121
17
130
208
283
339
363
314
269
230
171
91
4
-59
-148
-254
-358
-450
-534
-601
-625
-644
-639
-618
-564
-461
-382
-262
-145
-25
91
203
355
471
589
674
764
856
905
947
970
974
947
931
871
763
643
489
348
172
-6
-166
-327
-489
-657
-762
-873
-944
-995
-1030
-1010
-976
-890
-801
-696
-568
-402
-248
-143
-43
59
149
207
223
219
201
150
92
-2
-117
-213
-334
-438
-515
-627
-693
-750
-824
-841
-838
-800
-737
-658
-581
-513
-430
-321
-206
-110
19
182
340
524
719
877
1069
1228
1400
1535
1600
1656
1675
1679
1633
1587
1478
1338
1170
966
751
516
314
92
-127
-328
-479
-577
-655
-696
-745
-742
-710
-677
-634
-578
-470
-369
-263
-157
-73
5
91
165
221
249
277
278
286
293
263
244
189
149
77
17
0
-27
-64
-92
-126
-196
-198
-217
-224
-202
-225
-239
-271
-314
-349
-379
-413
-466
-521
-614
-683
-736
-783
-805
-856
-894
-910
-939
-951
-869
-791
-690
-568
-436
-269
-111
76
246
433
614
791
949
1024
1131
1207
1236
1238
1162
1093
1040
961
882
801
654
553
436
314
215
122
21
-64
-146
-239
-284
-337
-371
-379
-364
-306
-218
-155
-77
24
84
157
221
232
227
190
125
26
-101
-260
-407
-531
-673
-753
-851
-953
-995
-1031
-1065
-1105
-1123
-1129
-1152
-1167
-1160
-1106
-1067
-1013
-934
-827
-691
-548
-377
-201
8
196
407
602
776
982
1147
1315
1439
1534
1608
1631
1680
1705
1704
1672
1602
1529
1418
1296
1161
1010
828
706
575
434
282
110
-29
-183
-294
-381
-470
-536
-596
-623
-672
-710
-699
-705
-681
-679
-627
-578
-520
-437
-376
-290
-228
-165
-123
-105
-89
-77
-86
-103
-136
-180
-203
-248
-259
-280
-313
-355
-415
-427
-423
-429
-431
-437
-441
-475
-470
-454
-409
-359
-342
-255
-188
-103
-24
29
114
207
287
360
415
461
522
558
553
557
550
522
529
497
467
468
423
433
367
312
295
205
134
62
13
-68
-158
-282
-395
-461
-551
-593
-670
-717
-726
-728
-702
-691
-636
-596
-536
-476
-374
-264
-174
-78
-40
20
82
167
276
358
449
503
545
543
520
521
477
454
416
399
350
278
240
182
120
58
42
8
-4
1
-2
8
13
21
0
18
57
89
135
161
205
245
275
310
317
327
336
357
377
357
359
371
370
335
264
213
150
97
32
-11
-29
-43
-80
-116
-169
-218
-256
-280
-267
-293
-309
-333
-349
-327
-308
-264
-244
-251
-251
-250
-277
-291
-294
-327
-348
-392
-423
-454
-474
-468
-436
-386
-364
-320
-279
-209
-148
-113
-43
-7
17
43
69
76
44
38
58
76
89
90
109
124
139
150
161
178
176
169
156
169
201
219
243
283
305
334
372
420
520
609
653
699
718
700
663
609
531
435
329
236
124
-42
-157
-245
-325
-394
-440
-479
-495
-492
-500
-453
-415
-391
-348
-353
-390
-385
-385
-415
-433
-495
-545
-573
-605
-609
-646
-656
-635
-589
-510
-416
-295
-173
-49
67
151
233
316
362
393
454
476
506
512
512
516
508
500
464
450
419
388
378
358
357
338
314
318
316
310
313
329
323
314
275
230
173
94
29
-58
-142
-231
-340
-437
-523
-564
-548
-549
-532
-483
-403
-295
-194
-73
33
113
169
197
219
205
163
101
28
-52
-122
-153
-153
-159
-131
-76
-6
112
214
312
421
473
521
528
530
491
411
327
196
64
-111
-277
-448
-615
-722
-768
-764
-747
-682
-576
-478
-367
-266
-119
29
142
255
328
407
438
428
391
313
211
89
6
-82
-157
-198
-250
-271
-295
-248
-151
-67
54
186
306
415
513
570
600
594
591
565
509
434
339
219
61
-46
-157
-240
-279
-295
-250
-237
-215
-163
-120
-77
-29
-8
40
43
20
18
-43
-112
-203
-306
-386
-456
-502
-535
-572
-608
-618
-608
-556
-473
-382
-271
-143
-15
108
212
238
257
262
255
272
216
184
131
67
12
-28
-33
-17
52
108
218
336
437
558
630
700
751
706
655
579
433
295
127
-42
-182
-323
-442
-508
-543
-571
-590
-572
-519
-446
-351
-282
-186
-118
-80
-18
10
38
56
74
79
65
64
62
33
2
12
4
32
79
115
161
201
255
291
297
276
229
202
136
96
28
-51
-55
-60
-21
53
117
172
266
323
382
461
511
528
500
445
347
269
187
52
-89
-228
-344
-442
-543
-610
-659
-696
-706
-675
-637
-602
-565
-546
-524
-506
-485
-487
-515
-512
-502
-469
-436
-349
-276
-245
-135
-7
149
292
405
547
653
749
846
904
938
970
978
955
898
839
798
766
683
585
484
391
323
233
175
101
32
-30
-81
-155
-252
-372
-485
-552
-660
-730
-742
-753
-748
-730
-682
-591
-506
-449
-410
-368
-326
-269
-223
-205
-166
-127
-32
44
63
103
143
177
186
139
64
-9
-77
-164
-244
-326
-385
-439
-528
-556
-561
-529
-475
-438
-363
-266
-121
44
201
339
489
654
778
867
904
923
894
821
720
614
519
424
347
238
140
65
43
36
45
85
126
183
225
272
310
323
308
273
198
103
10
-108
-225
-350
-447
-520
-609
-662
-707
-698
-669
-621
-566
-528
-459
-392
-292
-181
-101
-24
28
93
151
165
201
223
208
185
165
93
19
-68
-140
-164
-166
-140
-97
-49
-29
25
45
79
115
142
166
109
60
37
37
45
6
1
13
25
63
113
178
229
329
423
500
596
680
755
783
787
784
764
759
697
618
523
424
329
205
89
-61
-184
-291
-380
-450
-480
-454
-451
-426
-418
-380
-326
-305
-266
-296
-313
-329
-340
-392
-484
-526
-591
-639
-661
-665
-633
-571
-506
-426
-330
-260
-173
-126
-95
-68
-52
-27
-53
-75
-73
-77
-71
-63
-47
-26
23
91
177
261
317
379
431
505
491
431
381
312
237
126
40
-54
-137
-193
-232
-222
-198
-158
-90
-50
11
97
150
200
250
276
278
258
228
206
136
70
10
-27
-65
-130
-178
-248
-298
-351
-425
-464
-528
-596
-628
-681
-684
-641
-587
-485
-390
-258
-86
101
279
455
603
704
788
841
863
839
758
652
545
394
262
155
37
-60
-119
-132
-103
-38
46
154
254
369
448
489
514
504
499
455
397
292
170
56
-80
-185
-268
-327
-317
-255
-176
-100
-41
23
112
185
218
250
229
194
151
67
5
-50
-94
-112
-147
-167
-136
-104
-69
-59
-90
-139
-180
-250
-322
-374
-423
-455
-534
-579
-605
-595
-548
-499
-433
-396
-313
-274
-246
-203
-164
-96
-52
51
148
242
317
378
452
478
458
413
364
275
178
73
-41
-132
-227
-320
-415
-489
-510
-498
-447
-383
-306
-214
-129
-18
98
201
291
379
420
417
422
433
440
406
358
337
283
250
237
204
158
63
37
30
-3
-18
-36
-36
-82
-100
-112
-130
-133
-170
-176
-174
-174
-158
-141
-132
-128
-106
-59
-11
30
82
119
128
156
133
105
83
34
7
-19
-53
-83
-99
-116
-122
-149
-165
-162
-142
-112
-100
-79
-74
-46
-6
63
173
268
358
423
510
579
597
576
555
513
425
362
295
208
122
63
1
-79
-130
-145
-108
-80
-33
33
51
78
81
79
48
6
-31
-102
-179
-295
-380
-457
-514
-529
-560
-588
-643
-666
-652
-639
-582
-554
-488
-402
-344
-246
-185
-120
-48
-15
55
134
195
216
230
232
210
233
265
312
349
354
353
353
342
344
339
325
334
305
262
198
108
39
-22
-105
-211
-264
-305
-316
-290
-270
-227
-186
-137
-67
25
123
186
236
264
285
275
250
226
174
130
66
-7
-45
-80
-97
-96
-92
-61
-10
40
104
180
260
327
354
351
301
233
167
114
64
-11
-96
-162
-206
-257
-274
-277
-268
-248
-235
-191
-156
-122
-102
-76
-41
3
23
3
8
-3
7
-1
-21
-26
-42
-57
-87
-114
-135
-157
-184
-161
-139
-105
-66
-59
-49
-37
-11
21
86
151
188
220
270
282
304
295
290
285
251
243
217
219
189
185
196
214
219
169
150
119
110
89
43
-24
-102
-138
-155
-177
-223
-283
-330
-385
-401
-414
-407
-367
-330
-269
-218
-154
-84
-23
31
57
44
-44
-120
-185
-287
-355
-432
-483
-539
-551
-534
-510
-438
-333
-196
-61
81
198
267
332
391
443
457
415
377
321
246
163
107
74
39
17
34
69
106
168
261
362
473
601
696
726
739
725
686
637
535
394
228
46
-118
-286
-459
-606
-727
-807
-848
-852
-818
-762
-709
-645
-549
-421
-296
-187
-76
52
143
194
269
328
369
362
342
377
383
351
316
295
322
368
406
425
425
446
463
487
478
488
498
458
390
294
196
87
-33
-145
-251
-350
-399
-430
-432
-434
-412
-349
-293
-219
-120
-73
-51
-46
-47
-44
-91
-126
-161
-207
-270
-325
-360
-394
-399
-416
-433
-426
-408
-386
-359
-328
-307
-309
-299
-283
-262
-264
-283
-298
-325
-338
-329
-333
-297
-255
-198
-105
-26
91
196
327
449
574
717
812
909
994
1060
1071
1030
938
798
632
422
221
37
-126
-267
-393
-511
-593
-586
-555
-474
-367
-252
-112
5
105
174
254
276
287
278
206
147
68
-20
-74
-117
-142
-140
-156
-126
-78
-23
33
107
202
268
330
390
436
444
426
397
346
259
131
-28
-196
-377
-551
-682
-787
-866
-878
-863
-858
-818
-744
-645
-518
-417
-304
-172
-59
52
161
263
341
394
409
390
330
268
200
91
-43
-173
-251
-303
-315
-302
-278
-182
-73
39
153
263
363
456
536
570
583
575
561
546
505
466
442
404
360
345
329
332
350
374
387
348
309
274
223
143
89
3
-89
-156
-226
-245
-260
-258
-245
-250
-276
-281
-283
-294
-310
-345
-380
-410
-453
-507
-536
-554
-543
-520
-521
-519
-507
-491
-472
-436
-405
-360
-296
-222
-136
-56
67
217
304
369
446
529
561
552
511
442
378
328
317
310
284
238
213
204
191
182
144
95
67
27
-10
-28
-11
12
30
46
69
104
147
164
158
148
125
83
4
-90
-179
-234
-300
-356
-395
-417
-388
-389
-367
-324
-267
-173
-126
-80
-61
-39
5
24
35
15
8
11
-1
9
18
43
85
124
172
207
245
282
319
302
275
235
186
148
65
-51
-187
-299
-395
-494
-557
-608
-635
-633
-629
-607
-556
-437
-315
-212
-103
-5
96
182
254
299
350
384
374
351
308
266
205
159
125
89
91
95
108
130
132
145
171
176
183
175
226
287
341
379
396
440
469
530
563
597
619
605
572
497
419
338
256
164
86
20
-42
-98
-168
-242
-300
-357
-389
-411
-408
-402
-402
-419
-444
-463
-472
-449
-430
-426
-416
-380
-371
-373
-364
-358
-368
-359
-339
-309
-298
-324
-362
-381
-358
-338
-297
-250
-180
-84
17
120
219
316
387
462
536
584
616
637
634
569
507
470
444
437
387
298
215
144
101
66
9
-33
-83
-148
-206
-257
-303
-328
-322
-323
-321
-305
-307
-295
-288
-297
-299
-299
-277
-254
-209
-174
-105
-44
-3
65
141
256
343
404
447
451
464
481
470
443
392
329
260
183
102
47
14
1
-16
-9
23
26
66
94
132
173
201
237
218
182
172
167
111
54
-1
-52
-97
-147
-188
-244
-311
-370
-432
-495
-521
-551
-573
-588
-640
-657
-655
-632
-611
-571
-527
-495
-434
-389
-354
-306
-233
-169
-85
-11
23
59
99
137
206
268
317
376
433
484
522
548
551
558
566
564
568
575
577
582
542
495
469
469
462
453
445
439
435
409
363
299
245
183
133
71
-14
-120
-214
-305
-421
-509
-574
-607
-636
-658
-658
-623
-584
-558
-494
-446
-367
-262
-163
-75
-23
27
53
33
9
-10
-44
-90
-128
-148
-172
-194
-193
-176
-162
-124
-94
-48
16
52
76
106
168
212
279
291
283
306
301
279
236
226
218
192
148
111
126
126
132
139
146
141
143
185
195
225
234
236
280
319
354
389
393
379
346
280
226
163
104
71
51
44
30
7
-23
-43
-56
-69
-83
-79
-91
-121
-148
-173
-194
-230
-288
-331
-356
-365
-383
-417
-434
-446
-448
-432
-432
-434
-406
-389
-367
-354
-351
-340
-356
-372
-400
-423
-456
-477
-504
-549
-548
-513
-437
-368
-275
-177
-82
6
78
185
258
332
411
470
509
524
548
570
578
593
597
613
640
656
661
659
661
665
659
602
570
518
454
417
345
257
161
61
-4
-23
-72
-117
-126
-129
-126
-122
-97
-100
-98
-98
-91
-76
-82
-72
-88
-116
-155
-203
-263
-302
-334
-372
-407
-438
-440
-431
-458
-483
-477
-475
-436
-415
-383
-328
-270
-218
-134
-23
66
155
237
324
395
456
513
506
495
489
471
432
357
286
206
112
-26
-156
-249
-323
-380
-439
-479
-524
-559
-559
-531
-472
-401
-318
-242
-161
-79
-6
82
159
226
270
285
305
305
268
241
197
141
94
69
43
-5
-36
-40
-50
-63
-70
-71
-52
-19
58
138
198
252
304
368
407
449
468
440
421
391
335
272
194
141
92
42
12
-49
-105
-155
-199
-231
-281
-289
-294
-328
-364
-376
-350
-344
-325
-329
-298
-246
-220
-150
-115
-57
-5
51
95
115
170
228
282
288
296
324
365
381
360
335
316
287
253
210
159
100
43
-10
-70
-114
-112
-109
-106
-112
-126
-139
-148
-112
-90
-80
-100
-86
-87
-103
-110
-140
-155
-206
-234
-223
-196
-191
-200
-209
-228
-234
-238
-235
-230
-239
-223
-186
-173
-160
-157
-121
-65
-44
-18
20
56
86
106
124
172
229
269
293
308
320
316
284
238
196
142
99
66
23
-23
-51
-77
-72
-40
-12
10
33
54
68
49
65
95
63
4
-54
-96
-140
-204
-248
-276
-329
-353
-368
-389
-407
-392
-362
-329
-301
-249
-174
-120
-46
31
94
172
271
344
404
479
542
595
598
605
604
574
524
445
418
376
330
271
208
188
176
164
133
97
63
62
57
52
57
58
67
67
46
41
43
39
38
9
-59
-107
-169
-231
-273
-365
-428
-479
-529
-585
-610
-598
-602
-602
-580
-552
-526
-494
-464
-405
-330
-229
-137
-59
48
140
248
353
414
469
488
497
496
462
411
342
261
180
90
-10
-106
-183
-256
-344
-396
-432
-453
-465
-424
-410
-400
-354
-305
-216
-135
-58
-13
15
62
105
147
155
157
167
161
130
120
106
65
44
5
-11
-26
-44
-34
-30
-30
-16
7
-8
-16
3
16
34
52
79
127
185
239
303
350
410
488
548
591
602
611
592
531
481
417
333
250
172
76
-30
-115
-203
-301
-365
-433
-511
-559
-591
-567
-551
-538
-492
-418
-319
-244
-129
6
135
261
390
518
590
646
688
696
692
668
603
525
434
321
191
70
-23
-112
-208
-294
-352
-376
-374
-340
-307
-273
-263
-210
-134
-97
-56
-20
11
57
125
182
237
279
305
318
329
328
322
285
221
174
111
45
-44
-159
-246
-323
-400
-477
-570
-646
-704
-730
-719
-711
-683
-633
-605
-564
-532
-505
-467
-425
-375
-328
-281
-219
-155
-86
-49
-30
26
62
77
81
110
130
156
189
225
301
348
384
394
407
394
405
445
444
423
354
307
270
241
196
130
95
80
70
16
-35
-74
-132
-166
-214
-254
-263
-233
-195
-177
-144
-83
10
107
194
268
323
384
403
379
373
329
305
287
266
252
187
176
186
162
146
126
122
94
41
5
-20
-63
-170
-249
-293
-316
-292
-252
-210
-187
-134
-63
18
86
128
151
164
206
235
243
244
234
221
198
152
111
64
6
-50
-98
-154
-215
-273
-341
-395
-431
-451
-466
-478
-485
-484
-449
-394
-354
-295
-262
-212
-150
-116
-70
-14
53
110
176
224
256
265
300
342
324
317
286
269
279
252
225
204
157
116
92
51
8
-42
-88
-140
-208
-249
-254
-253
-268
-289
-289
-294
-278
-274
-268
-249
-219
-153
-95
-62
-39
-12
-10
-29
-29
-1
28
34
37
61
64
72
101
105
99
97
97
101
85
92
104
127
158
175
209
232
271
295
341
381
377
391
405
421
430
421
380
357
319
267
215
128
86
58
57
75
68
76
84
74
69
69
41
21
5
-20
-36
-71
-93
-122
-182
-251
-313
-351
-418
-466
-523
-583
-632
-651
-658
-675
-629
-578
-504
-435
-360
-257
-143
-30
86
218
301
385
468
506
529
509
483
451
406
355
302
256
190
101
12
-54
-85
-105
-122
-129
-145
-137
-127
-99
-60
-40
-2
33
38
32
43
29
9
-26
-74
-126
-174
-211
-268
-319
-396
-459
-511
-545
-547
-522
-478
-427
-368
-300
-235
-177
-83
29
145
227
299
372
424
465
485
506
512
533
508
497
506
485
485
442
384
361
305
244
189
145
77
9
-42
-118
-184
-252
-258
-246
-259
-292
-325
-303
-278
-267
-272
-277
-277
-288
-289
-278
-264
-250
-196
-143
-101
-60
-12
20
25
52
85
125
134
151
160
155
181
201
216
216
225
258
295
331
380
426
439
448
462
476
468
428
391
350
298
222
120
46
-36
-126
-227
-321
-410
-483
-543
-624
-693
-748
-747
-748
-727
-687
-665
-639
-601
-525
-460
-373
-289
-206
-110
-45
9
49
98
157
197
219
257
265
280
305
297
284
258
244
223
200
181
165
149
135
159
193
226
281
336
396
452
482
508
535
537
525
486
416
333
245
150
66
-5
-90
-153
-235
-309
-375
-451
-516
-569
-608
-646
-644
-616
-585
-545
-492
-427
-358
-282
-198
-102
-1
70
121
159
159
152
157
145
133
127
92
59
35
8
2
41
112
172
239
298
359
402
428
459
464
471
469
468
449
403
381
333
269
199
120
24
-106
-209
-323
-420
-496
-586
-628
-648
-659
-645
-623
-584
-547
-505
-472
-432
-372
-306
-237
-187
-151
-126
-95
-74
-93
-91
-98
-120
-124
-137
-143
-145
-124
-85
-15
65
150
243
310
399
488
565
626
675
701
695
705
721
735
736
680
621
561
483
410
347
301
228
149
97
22
-65
-130
-160
-173
-202
-240
-273
-290
-296
-296
-321
-340
-349
-373
-404
-437
-442
-437
-454
-474
-509
-496
-453
-388
-314
-222
-131
-58
19
52
106
165
215
243
247
248
240
217
189
152
90
75
84
77
46
30
3
-23
-42
-52
-41
-46
-27
-2
32
43
42
54
57
57
58
56
13
-21
-51
-81
-119
-149
-163
-213
-266
-292
-307
-323
-307
-299
-270
-229
-196
-131
-42
31
70
148
231
299
332
355
383
382
374
374
345
316
307
282
242
186
148
121
61
8
-23
-69
-128
-196
-248
-292
-308
-316
-333
-332
-330
-326
-288
-235
-168
-82
-31
20
71
107
115
114
106
58
-13
-88
-150
-197
-243
-307
-383
-448
-486
-495
-456
-381
-302
-207
-106
3
86
163
257
327
372
396
412
439
432
418
400
379
364
340
318
309
308
325
315
301
299
275
269
274
275
273
278
277
288
282
248
213
194
166
127
95
55
26
-4
-26
-56
-87
-78
-57
-63
-71
-73
-90
-74
-76
-84
-70
-78
-81
-53
-26
0
30
33
37
27
16
35
56
77
97
103
113
108
66
24
-6
-19
-40
-78
-108
-129
-169
-223
-285
-318
-365
-426
-475
-506
-548
-605
-611
-607
-591
-582
-572
-540
-492
-424
-367
-291
-205
-141
-60
11
69
117
152
186
179
185
173
173
163
122
80
32
4
-41
-79
-123
-149
-156
-152
-154
-160
-140
-109
-75
-42
19
118
208
300
377
449
496
500
541
579
576
560
530
515
484
420
358
293
236
190
151
79
44
13
-36
-88
-162
-215
-239
-245
-252
-250
-273
-284
-290
-317
-296
-278
-260
-232
-231
-212
-194
-168
-129
-69
-1
49
109
159
217
277
323
355
378
393
408
400
387
378
356
314
262
264
235
190
142
115
93
40
0
-23
-53
-84
-103
-143
-185
-237
-266
-307
-331
-328
-330
-298
-281
-254
-231
-246
-224
-173
-122
-80
-40
-4
29
67
100
124
162
208
252
271
261
248
205
165
118
47
-3
-59
-105
-167
-233
-308
-351
-373
-403
-383
-354
-314
-277
-231
-189
-132
-74
-11
67
137
213
255
277
297
307
328
320
285
259
226
184
139
111
100
72
33
6
-12
-39
-74
-132
-187
-238
-274
-296
-319
-334
-324
-305
-287
-264
-250
-224
-210
-193
-159
-96
-43
-5
50
109
146
137
132
152
193
217
212
214
232
271
295
305
297
305
314
289
268
241
217
228
201
144
123
89
53
17
-24
-45
-73
-96
-109
-127
-133
-162
-152
-161
-179
-166
-138
-74
-20
16
26
42
53
67
81
66
36
14
-3
-19
-46
-65
-71
-84
-84
-84
-88
-81
-74
-69
-76
-50
-26
-9
-3
-33
-72
-126
-168
-198
-246
-298
-335
-368
-386
-402
-391
-363
-338
-280
-215
-159
-91
-8
85
167
248
297
344
406
464
510
536
547
535
497
428
339
256
190
124
51
-10
-56
-99
-125
-153
-169
-181
-196
-167
-125
-81
-46
-17
31
56
82
135
166
166
178
195
183
150
131
112
104
95
88
91
83
71
82
92
76
82
66
41
-13
-75
-95
-125
-149
-168
-176
-186
-169
-151
-120
-81
-69
-58
-56
-38
-20
-9
-2
-12
-35
-51
-59
-50
-66
-93
-125
-152
-176
-189
-184
-182
-178
-168
-160
-133
-99
-76
-50
-17
-8
-14
-4
-29
-92
-138
-170
-204
-252
-295
-299
-299
-290
-285
-276
-263
-259
-263
-227
-173
-109
-42
12
79
132
180
213
260
299
335
381
411
421
415
403
377
336
280
238
212
216
214
206
198
173
150
136
105
60
26
-27
-90
-147
-182
-198
-204
-195
-185
-150
-111
-66
-19
-1
19
69
117
157
183
185
178
157
107
74
48
-4
-50
-108
-166
-224
-274
-312
-356
-385
-403
-403
-392
-376
-350
-322
-303
-255
-190
-89
19
109
197
291
360
407
454
496
524
535
531
501
466
410
371
351
315
270
209
176
161
140
110
67
49
24
-13
-52
-93
-137
-170
-190
-198
-190
-202
-226
-247
-256
-232
-222
-243
-260
-267
-266
-262
-255
-249
-261
-261
-269
-262
-234
-224
-195
-191
-166
-145
-119
-70
-29
26
72
127
181
226
281
304
334
340
303
290
263
236
190
135
97
75
70
41
16
-4
-8
3
-21
-40
-54
-49
-60
-59
-44
-40
-8
-4
33
73
94
124
156
180
174
190
170
130
92
51
0
-89
-156
-204
-233
-266
-282
-305
-340
-369
-398
-422
-433
-435
-409
-352
-295
-211
-137
-46
25
63
97
120
130
119
156
184
229
246
246
216
158
123
67
46
14
4
-3
-4
-1
-16
-29
-58
-79
-108
-156
-195
-221
-242
-259
-270
-292
-297
-280
-277
-289
-296
-310
-285
-278
-266
-231
-203
-131
-75
-28
16
61
72
98
146
197
250
283
322
367
392
408
444
475
504
530
533
521
505
490
478
465
436
407
389
353
309
277
256
250
239
225
219
187
162
127
76
44
27
5
-22
-34
-34
-33
-16
14
50
98
116
127
120
101
81
25
-4
-34
-122
-202
-271
-329
-380
-428
-454
-484
-509
-532
-518
-477
