SAMPLES:	17363
BITSPERSAMPLE:	16
CHANNELS:	1
SAMPLERATE:	16000
NORMALIZED:	FALSE
62
90
127
141
116
77
30
-4
-15
-18
-47
-50
-57
-70
-79
-88
-80
-80
-96
-85
-50
-20
-21
-21
4
21
13
20
28
28
30
32
28
8
5
9
13
5
-8
-5
3
-13
-39
-45
-47
-51
-34
-9
0
27
58
100
149
175
217
235
255
282
333
350
340
332
318
296
248
224
184
153
132
117
117
101
75
62
71
68
71
89
87
92
93
118
143
129
119
97
105
121
129
145
140
139
143
131
123
123
108
73
36
28
-14
-68
-122
-177
-232
-280
-295
-319
-333
-346
-368
-407
-441
-469
-486
-485
-489
-456
-441
-408
-355
-294
-229
-173
-129
-101
-62
-12
18
39
61
65
65
40
28
11
-13
-38
-43
-20
-14
-12
7
53
107
148
206
250
247
248
250
235
203
165
129
112
68
27
-10
-52
-54
-64
-83
-99
-97
-106
-131
-117
-112
-112
-88
-62
-28
6
47
85
101
116
145
151
176
224
265
297
292
290
289
283
275
270
258
235
196
171
149
108
88
63
48
34
27
41
39
39
46
58
63
60
73
101
130
155
165
166
150
119
103
79
56
46
11
-41
-88
-121
-175
-225
-283
-345
-397
-445
-480
-509
-542
-571
-587
-575
-546
-526
-496
-474
-437
-405
-365
-317
-276
-237
-208
-164
-136
-98
-72
-23
12
22
30
48
85
111
158
199
228
241
279
318
350
375
395
431
455
496
499
510
507
484
485
444
412
390
336
251
204
170
132
73
24
-8
-35
-60
-81
-76
-71
-67
-63
-64
-55
-48
-62
-57
-70
-62
-46
-37
-39
-48
-39
-59
-80
-97
-123
-135
-161
-192
-224
-250
-266
-288
-283
-287
-276
-260
-246
-246
-258
-221
-221
-210
-184
-138
-93
-82
-48
-24
-20
-27
-29
-38
-23
-20
-26
-15
-12
-19
-20
25
66
73
75
98
116
134
143
149
151
169
167
164
176
180
186
208
228
232
244
245
261
267
282
288
296
316
305
289
278
261
231
199
167
135
83
38
13
-30
-42
-61
-86
-105
-132
-147
-170
-186
-199
-198
-200
-210
-215
-229
-226
-228
-242
-240
-233
-237
-243
-225
-213
-230
-236
-228
-220
-236
-253
-267
-258
-260
-252
-216
-206
-189
-175
-147
-119
-111
-75
-28
13
48
85
126
155
188
188
213
229
228
232
226
219
198
180
141
112
84
77
60
51
61
65
75
82
89
86
105
115
118
119
132
149
160
163
175
180
177
173
161
152
131
119
95
67
39
25
25
22
10
-6
17
13
22
19
26
27
3
33
22
49
50
61
52
54
50
49
41
25
26
-25
-60
-113
-128
-144
-143
-160
-187
-201
-181
-172
-153
-135
-121
-104
-112
-125
-125
-118
-113
-107
-110
-101
-131
-149
-201
-235
-258
-261
-270
-281
-279
-291
-277
-267
-238
-213
-165
-124
-74
-32
-9
22
47
106
162
199
215
243
277
297
309
315
309
288
277
263
255
258
229
197
167
141
111
80
61
51
59
67
69
81
96
99
92
59
39
0
-23
-53
-58
-60
-93
-112
-112
-92
-85
-87
-93
-57
-42
-30
-37
-67
-76
-95
-109
-114
-117
-110
-75
-77
-80
-105
-118
-104
-101
-85
-97
-92
-87
-115
-146
-157
-162
-157
-168
-175
-173
-186
-175
-162
-148
-99
-59
11
50
69
104
115
151
197
213
223
236
226
215
197
193
195
193
185
179
170
166
157
129
126
144
140
118
115
80
31
-38
-90
-116
-131
-156
-188
-189
-192
-166
-162
-152
-135
-117
-94
-72
-72
-56
-55
-47
-49
-53
-53
-49
-10
8
45
23
-13
-25
-44
-61
-46
-26
-32
-28
-36
-26
-2
21
41
49
70
92
121
155
166
186
194
201
169
129
94
85
97
74
63
46
63
54
42
24
41
55
47
30
2
11
6
3
-19
-23
-24
-26
-23
-34
-51
-81
-79
-73
-59
-50
-22
-2
-2
4
14
32
50
68
76
79
88
88
96
96
103
114
128
133
127
124
122
140
161
156
151
141
116
102
71
43
19
-10
-40
-82
-93
-110
-158
-218
-267
-311
-354
-389
-402
-400
-374
-356
-357
-349
-333
-295
-261
-221
-183
-127
-89
-72
-66
-81
-92
-106
-104
-78
-68
-68
-54
-61
-64
-30
-4
27
52
82
123
137
152
152
182
201
217
241
245
231
231
229
209
205
205
198
190
176
173
184
177
159
155
136
102
84
78
60
27
22
22
0
-29
-51
-35
-37
-63
-94
-146
-181
-169
-171
-189
-183
-164
-148
-143
-112
-71
-27
-2
3
19
59
74
80
57
52
66
36
12
-6
14
36
39
47
48
55
56
64
81
105
123
145
168
163
127
107
118
102
74
50
32
7
-26
-49
-69
-79
-91
-111
-110
-117
-130
-120
-126
-135
-137
-144
-150
-138
-113
-111
-111
-113
-106
-87
-81
-79
-77
-76
-107
-122
-118
-100
-102
-106
-93
-83
-76
-89
-81
-73
-38
-6
25
34
51
87
102
127
145
163
147
146
170
193
195
200
234
262
269
280
300
303
291
253
219
202
187
145
124
107
79
57
33
23
-5
-18
-11
-15
-29
-42
-59
-71
-81
-109
-144
-167
-178
-197
-215
-215
-221
-231
-248
-265
-269
-277
-271
-269
-261
-263
-250
-220
-194
-155
-133
-132
-127
-91
-50
-17
3
8
18
31
32
35
22
17
23
34
37
50
78
70
81
98
98
101
136
171
192
219
234
252
250
251
262
274
272
280
287
275
279
271
246
222
194
159
139
128
122
111
89
52
7
-23
-47
-70
-90
-122
-151
-196
-230
-255
-258
-263
-280
-270
-276
-289
-297
-273
-263
-264
-261
-231
-199
-182
-162
-140
-108
-91
-56
-46
-22
-9
-6
8
29
61
90
130
137
166
178
193
211
221
233
230
242
239
217
196
183
160
148
108
64
63
74
76
78
106
134
152
121
114
116
87
76
49
21
-5
-55
-87
-119
-149
-158
-166
-185
-219
-233
-256
-261
-244
-225
-198
-188
-167
-138
-88
-54
-46
-14
7
20
16
11
30
74
115
106
96
97
117
136
148
180
186
182
190
198
198
200
207
213
192
163
131
103
93
47
10
-34
-60
-65
-90
-104
-121
-139
-186
-227
-258
-279
-299
-331
-356
-401
-415
-431
-436
-453
-439
-437
-435
-407
-365
-322
-299
-249
-234
-217
-201
-151
-98
-65
-35
-37
-26
9
27
39
67
85
92
105
128
136
149
154
175
188
182
186
179
174
185
202
239
282
297
313
346
400
440
457
444
432
412
378
353
313
292
268
241
211
188
182
183
182
163
140
90
53
46
28
6
-17
-10
-14
-28
-28
-39
-44
-69
-71
-71
-98
-113
-135
-135
-141
-158
-167
-197
-223
-259
-282
-290
-296
-295
-296
-316
-322
-306
-285
-263
-248
-222
-175
-152
-121
-93
-77
-37
-3
24
51
76
96
120
144
161
156
122
119
119
118
133
140
138
153
194
201
216
242
243
239
215
191
170
134
127
110
98
98
85
65
49
34
3
-13
-47
-85
-128
-173
-182
-176
-191
-188
-177
-197
-207
-200
-197
-186
-196
-213
-225
-269
-306
-328
-311
-299
-290
-260
-247
-215
-183
-151
-119
-76
-23
8
29
61
86
103
126
132
141
161
152
137
118
109
117
128
124
120
118
149
175
196
222
228
246
234
238
207
183
160
114
72
38
36
20
0
-20
-24
-31
-50
-68
-76
-99
-106
-113
-117
-112
-118
-104
-61
-14
13
26
46
82
101
100
93
71
64
73
82
94
94
86
73
62
53
49
70
71
63
78
66
56
60
62
57
54
61
58
41
32
32
52
38
22
12
-1
-8
-50
-61
-67
-88
-94
-121
-139
-135
-144
-149
-144
-144
-135
-144
-158
-165
-196
-216
-237
-251
-242
-245
-231
-204
-170
-131
-139
-116
-97
-99
-79
-53
-10
9
8
26
34
47
52
44
44
34
32
44
64
77
96
102
119
167
179
206
204
185
182
151
137
108
97
99
89
85
76
83
93
77
79
72
51
31
-7
-30
-80
-112
-122
-143
-155
-155
-149
-150
-141
-140
-140
-122
-97
-69
-39
-10
6
26
31
47
84
109
125
152
152
154
163
161
178
185
209
229
242
251
219
206
207
203
208
176
182
167
122
89
80
73
39
19
-18
-42
-75
-109
-157
-190
-235
-245
-277
-316
-319
-330
-327
-355
-367
-355
-346
-355
-339
-343
-323
-319
-318
-316
-313
-307
-319
-301
-291
-274
-258
-239
-211
-176
-141
-111
-45
17
68
128
182
231
260
280
331
374
393
410
423
404
354
331
312
292
284
288
296
273
283
293
277
265
260
260
245
237
231
207
184
166
146
126
89
69
69
38
-4
-50
-79
-85
-106
-103
-92
-87
-74
-54
-45
-32
-11
17
60
79
71
60
37
18
-1
-40
-40
-35
-33
-3
12
35
41
59
53
56
58
81
122
127
147
158
146
126
122
109
64
9
-39
-84
-125
-179
-213
-237
-235
-213
-192
-189
-206
-207
-212
-227
-219
-196
-187
-198
-231
-247
-262
-298
-326
-332
-345
-355
-342
-310
-267
-254
-193
-122
-111
-87
-62
-24
9
16
17
50
90
110
121
132
117
100
89
56
28
-12
-28
-23
-32
-31
-22
-23
-36
-33
-28
-28
-10
2
14
51
62
41
33
35
31
35
48
79
77
75
59
24
18
-15
-32
-31
-15
21
48
73
112
138
150
155
160
150
140
153
143
149
184
211
234
251
236
244
266
278
270
249
271
258
244
242
228
235
213
161
125
93
75
46
-4
-43
-112
-163
-214
-268
-300
-319
-328
-308
-281
-256
-239
-234
-221
-201
-181
-148
-112
-96
-108
-87
-64
-55
-38
-28
2
-1
-12
-5
18
3
-8
-1
0
39
56
61
60
60
43
28
48
67
87
95
79
87
96
77
30
-12
-51
-60
-71
-94
-107
-85
-42
-41
-37
-36
-22
-33
-38
-17
-4
-13
-16
-25
-59
-67
-77
-79
-68
-75
-70
-52
-59
-74
-78
-64
-37
-32
-16
1
11
50
61
59
66
78
84
84
92
84
86
93
89
86
65
55
62
66
60
82
95
107
124
123
124
111
102
92
101
124
150
123
77
85
72
54
2
-39
-62
-109
-135
-159
-170
-164
-162
-167
-160
-135
-127
-139
-137
-114
-105
-106
-88
-51
-35
-36
-28
-8
5
-4
-2
14
38
33
43
59
29
20
19
24
17
7
23
19
20
37
25
11
-2
-14
-11
5
7
-11
-10
-27
-40
-64
-92
-103
-105
-85
-81
-102
-123
-108
-89
-77
-54
-33
2
13
16
34
39
39
37
17
14
28
21
38
44
61
82
105
127
140
141
124
131
136
117
98
94
103
105
117
124
114
96
79
92
102
111
109
110
120
134
149
149
131
107
101
81
55
50
32
17
3
-17
-42
-82
-103
-114
-105
-124
-130
-140
-165
-194
-232
-210
-207
-181
-175
-179
-162
-157
-143
-161
-151
-135
-128
-119
-122
-136
-152
-166
-179
-178
-165
-157
-145
-107
-66
-32
-17
8
51
82
95
113
142
163
157
152
159
149
133
128
122
119
109
110
123
120
112
94
91
98
97
68
64
40
4
-15
-54
-62
-76
-82
-94
-103
-112
-144
-182
-181
-173
-168
-159
-169
-167
-161
-153
-141
-136
-115
-78
-51
-37
-20
-2
15
41
57
64
75
90
88
84
63
52
51
34
32
45
68
88
111
122
127
153
154
150
138
130
152
156
149
144
142
148
139
139
139
115
96
90
68
55
33
4
1
9
35
24
16
-16
-36
-8
1
7
8
25
25
8
-19
-31
-33
-48
-47
-50
-48
-68
-89
-108
-130
-143
-150
-127
-116
-104
-71
-41
-6
33
57
55
39
36
54
71
83
72
81
58
35
27
17
18
6
10
11
29
30
20
9
9
-8
-5
7
-1
-6
-22
-49
-79
-84
-65
-50
-62
-79
-83
-82
-98
-107
-96
-103
-131
-149
-181
-210
-196
-182
-171
-141
-92
-72
-56
-61
-68
-62
-68
-55
-51
-63
-51
-22
-3
30
53
73
98
97
116
144
173
178
177
192
208
213
185
155
131
134
130
111
97
88
74
60
48
60
53
36
41
46
37
24
15
-16
-38
-48
-70
-60
-45
-34
-35
-37
-26
-34
-35
-41
-59
-71
-80
-84
-90
-92
-71
-86
-98
-98
-99
-112
-123
-105
-97
-73
-62
-74
-79
-77
-81
-86
-86
-115
-123
-111
-99
-87
-76
-52
-16
-8
-3
40
68
86
95
98
102
113
122
130
119
106
114
131
138
156
164
154
142
95
73
62
37
20
20
3
-13
-2
-9
-28
-32
-31
-51
-56
-56
-62
-72
-97
-91
-81
-78
-57
-41
-18
1
21
37
46
41
49
55
54
69
40
20
20
13
0
-6
-12
-21
-35
-39
-31
-58
-53
-44
-40
-29
-16
-2
22
42
48
66
70
70
79
85
82
66
29
38
15
-20
-36
-34
0
5
-1
-14
-22
-13
-10
-20
-22
-37
-18
-8
1
22
31
28
30
36
4
-13
-34
-59
-72
-83
-99
-96
-95
-101
-98
-83
-62
-33
1
26
55
53
55
65
85
104
127
144
152
156
163
188
204
190
157
138
106
85
81
63
63
71
76
62
71
88
92
87
50
39
13
-12
-44
-49
-61
-104
-134
-181
-200
-232
-272
-288
-288
-304
-303
-285
-249
-225
-215
-199
-173
-159
-169
-161
-178
-156
-148
-128
-85
-78
-67
-55
-44
-22
1
11
13
19
15
10
5
-20
-15
-8
4
-6
7
21
15
55
72
50
20
12
27
29
14
28
39
29
23
29
23
23
53
89
119
141
154
188
223
223
232
249
260
251
258
286
304
328
348
345
351
377
404
412
410
421
410
405
376
343
316
279
241
197
160
125
107
54
14
-33
-85
-113
-143
-172
-217
-242
-254
-289
-307
-326
-360
-403
-447
-468
-506
-529
-538
-545
-558
-574
-564
-534
-529
-507
-476
-463
-431
-405
-384
-375
-357
-333
-302
-290
-267
-235
-190
-162
-156
-99
-61
-33
7
73
118
161
192
187
186
205
242
270
304
336
352
348
353
380
390
397
404
418
434
436
443
440
410
379
354
336
336
302
258
220
184
157
130
116
93
72
54
49
47
24
-8
-41
-72
-111
-135
-151
-168
-186
-190
-177
-178
-172
-167
-170
-174
-189
-181
-182
-185
-204
-216
-226
-212
-195
-198
-206
-198
-181
-164
-146
-153
-128
-109
-91
-96
-116
-113
-121
-135
-136
-119
-129
-132
-138
-139
-127
-123
-92
-65
-43
-29
6
57
109
147
185
218
267
314
334
369
396
436
454
467
487
473
447
418
416
424
399
352
286
247
208
162
144
129
107
75
35
30
20
-6
-14
-58
-107
-136
-174
-196
-217
-238
-254
-291
-334
-363
-395
-426
-446
-462
-444
-442
-465
-465
-465
-478
-464
-434
-405
-381
-342
-298
-271
-259
-218
-183
-164
-140
-86
-20
13
44
65
86
112
135
177
233
268
288
333
392
419
463
522
569
596
631
638
621
612
599
583
540
516
513
500
470
443
413
367
332
320
277
245
232
229
221
197
168
119
87
46
-14
-73
-136
-186
-231
-286
-329
-373
-403
-422
-441
-454
-472
-462
-471
-499
-512
-518
-517
-507
-523
-523
-516
-504
-478
-467
-450
-427
-411
-405
-377
-366
-338
-325
-316
-278
-252
-227
-208
-169
-144
-124
-110
-94
-80
-63
-37
-22
-9
3
24
54
67
72
94
135
159
167
154
135
139
132
122
117
102
78
70
52
37
52
58
71
62
44
58
64
79
110
122
137
160
181
211
239
258
270
271
265
263
260
291
319
327
307
294
287
284
311
313
309
312
320
333
335
316
297
309
322
322
323
309
276
256
227
196
176
170
159
126
93
59
39
-2
-20
-28
-43
-51
-56
-66
-87
-99
-130
-155
-185
-217
-243
-265
-298
-329
-329
-338
-360
-389
-398
-383
-393
-417
-423
-410
-395
-414
-405
-375
-340
-302
-262
-237
-219
-185
-163
-141
-117
-98
-78
-65
-66
-61
-38
-43
-28
-14
-8
-13
-31
-40
-55
-57
-49
-27
-10
2
4
6
-17
-32
-22
-20
-8
7
17
5
-15
-20
-31
-45
-62
-82
-109
-130
-137
-129
-122
-110
-83
-47
-25
6
48
77
99
134
177
197
210
247
287
317
355
389
440
461
470
482
495
492
472
460
434
436
450
442
429
396
356
331
291
243
202
178
157
117
90
78
53
6
-24
-61
-107
-152
-178
-183
-202
-254
-317
-365
-405
-443
-481
-508
-527
-523
-531
-546
-553
-531
-495
-442
-382
-324
-268
-230
-182
-100
-11
37
91
122
159
199
231
278
313
332
332
329
327
331
335
337
339
320
323
320
300
284
253
238
220
202
186
139
81
38
-16
-71
-112
-153
-219
-279
-307
-332
-348
-373
-379
-365
-355
-341
-319
-304
-278
-279
-274
-252
-248
-225
-219
-215
-216
-218
-181
-163
-146
-120
-107
-86
-50
-36
-28
0
42
66
79
80
74
61
30
32
55
73
80
90
83
78
76
55
54
56
47
42
48
72
80
69
58
55
61
84
100
132
171
177
192
200
198
174
172
210
246
263
267
268
282
293
285
274
256
224
219
218
218
247
239
206
175
133
125
134
133
158
154
140
120
79
51
14
-4
-40
-99
-148
-185
-230
-281
-304
-319
-336
-383
-446
-486
-528
-576
-599
-598
-592
-585
-582
-581
-564
-532
-477
-441
-406
-363
-342
-325
-312
-287
-261
-236
-210
-152
-91
-51
12
72
99
132
172
226
287
326
372
387
392
386
393
388
382
398
402
394
370
365
346
335
333
339
356
357
354
357
339
301
255
207
201
212
207
199
162
107
98
89
95
113
121
133
96
61
51
36
12
6
1
-32
-42
-59
-70
-67
-69
-42
-46
-70
-71
-50
-39
-55
-51
-42
-53
-56
-73
-99
-120
-130
-134
-126
-129
-166
-205
-257
-298
-328
-348
-350
-341
-346
-345
-346
-355
-342
-324
-330
-332
-330
-299
-265
-249
-202
-152
-102
-48
-10
-2
-6
-9
-2
-10
-13
-4
19
30
41
72
89
110
137
165
195
234
262
288
294
321
362
382
392
390
378
359
344
332
319
295
259
224
211
223
234
233
236
233
207
183
158
151
109
59
33
10
-25
-69
-94
-131
-164
-183
-178
-196
-225
-244
-267
-276
-303
-333
-354
-367
-368
-351
-324
-303
-282
-248
-229
-221
-186
-165
-127
-116
-122
-95
-92
-71
-51
-9
24
50
74
95
107
101
102
89
88
78
62
69
76
54
36
23
10
7
20
33
41
45
58
76
81
96
136
164
184
195
186
182
163
158
159
154
138
121
111
97
74
76
95
94
84
56
32
15
-7
-28
-50
-64
-79
-92
-111
-137
-147
-164
-175
-205
-218
-236
-247
-267
-256
-231
-223
-203
-203
-156
-126
-114
-90
-75
-55
-25
-6
4
20
32
45
63
97
115
127
146
151
175
162
127
127
128
137
139
139
119
64
52
32
1
-26
-80
-107
-143
-177
-181
-172
-180
-201
-203
-192
-172
-152
-138
-130
-100
-74
-79
-72
-51
-48
-43
-28
-13
18
52
86
116
149
171
186
197
195
208
190
171
177
196
213
190
170
163
165
151
150
164
157
159
156
152
154
162
160
144
140
116
87
78
75
96
98
99
84
62
46
18
-5
-21
-49
-105
-137
-164
-193
-215
-231
-250
-285
-300
-293
-277
-256
-261
-241
-234
-215
-198
-204
-180
-131
-76
-32
17
46
81
83
93
137
161
197
213
214
219
214
214
240
266
252
244
220
203
181
142
118
100
65
19
-12
-31
-42
-75
-91
-101
-93
-73
-62
-66
-70
-74
-91
-108
-143
-144
-130
-124
-109
-105
-94
-75
-59
-24
-9
-1
-21
-48
-45
-86
-130
-153
-175
-207
-233
-219
-200
-219
-226
-232
-226
-245
-252
-232
-206
-175
-122
-55
-11
28
76
101
136
172
199
258
283
309
319
323
339
362
398
401
409
393
391
388
384
382
361
343
303
272
241
196
165
131
88
55
-9
-53
-85
-145
-194
-216
-206
-211
-210
-209
-206
-189
-191
-183
-182
-164
-170
-188
-187
-178
-176
-172
-154
-136
-112
-99
-91
-79
-67
-69
-76
-89
-84
-69
-55
-58
-73
-99
-121
-138
-157
-194
-228
-272
-297
-303
-309
-269
-242
-216
-185
-166
-136
-125
-126
-125
-125
-130
-133
-135
-139
-143
-131
-102
-76
-49
-14
16
44
92
110
115
120
116
123
126
137
144
159
160
141
156
174
198
206
217
212
194
168
148
161
155
144
135
107
81
34
9
0
-3
-12
-11
16
75
138
164
202
209
200
196
166
131
106
66
47
12
6
56
80
83
113
135
137
176
185
216
226
204
219
206
169
149
95
3
-66
-153
-212
-259
-318
-328
-348
-345
-321
-299
-267
-247
-214
-174
-137
-121
-77
-81
-114
-115
-132
-134
-140
-146
-146
-150
-147
-121
-76
-36
-20
-2
20
60
83
86
101
124
140
175
226
255
275
254
214
151
99
77
66
80
74
80
89
75
48
39
35
4
-5
-30
-32
-26
-29
18
36
38
65
101
119
117
96
73
62
37
29
36
23
23
36
55
86
119
169
210
231
228
205
162
78
-6
-74
-142
-204
-215
-196
-182
-175
-172
-173
-200
-224
-226
-241
-258
-244
-242
-261
-279
-278
-249
-247
-225
-174
-175
-187
-179
-187
-188
-147
-115
-54
17
64
152
198
180
200
154
118
123
68
85
60
12
-6
-45
-89
-113
-113
-125
-112
-84
-28
29
66
116
105
125
162
125
117
58
10
-33
-81
-146
-179
-176
-206
-200
-219
-203
-160
-111
-49
26
119
180
227
215
249
303
333
372
395
455
483
512
504
481
437
373
353
280
227
228
223
200
182
191
231
221
209
198
184
137
118
89
29
51
-31
-36
-28
-40
-46
-124
-164
-208
-276
-325
-340
-404
-414
-442
-527
-524
-531
-551
-524
-497
-494
-425
-415
-417
-399
-418
-422
-447
-449
-484
-494
-491
-472
-466
-438
-342
-336
-290
-223
-217
-170
-128
-123
-44
28
52
175
233
276
431
417
446
525
481
568
576
520
589
603
559
618
560
588
563
432
519
443
452
495
399
426
405
324
330
278
288
299
279
269
205
214
112
22
-8
-80
-151
-150
-259
-302
-224
-347
-333
-319
-347
-243
-280
-257
-160
-235
-173
-228
-297
-223
-296
-358
-367
-481
-542
-546
-702
-607
-629
-629
-488
-540
-358
-298
-247
-136
-184
17
29
32
177
82
250
246
166
312
272
319
370
290
315
393
282
301
317
295
382
338
328
402
370
361
326
271
365
302
232
312
232
212
349
181
314
342
143
309
198
55
254
50
-65
216
-70
86
267
-36
285
363
112
338
268
122
348
85
24
184
-28
116
77
-27
57
-52
-127
-159
-275
-290
-329
-482
-464
-437
-515
-436
-368
-442
-274
-311
-409
-325
-339
-382
-403
-418
-502
-432
-441
-506
-387
-342
-307
-297
-234
-297
-262
-212
-285
-215
-134
-41
-61
63
92
30
242
105
129
236
113
-13
94
50
-212
107
-312
-180
122
-289
-16
56
-81
196
260
103
413
364
386
493
357
426
561
400
512
523
219
606
289
238
488
63
109
229
-45
-44
242
-261
25
209
-354
237
-103
-349
88
-348
-291
-230
-547
-351
-367
-630
-281
-484
-598
-94
-740
-467
-127
-963
-160
-357
-714
275
-294
-58
622
68
419
735
260
654
727
208
651
339
192
538
-11
293
312
68
508
156
227
490
169
394
484
232
374
424
192
209
315
-198
-6
10
-623
-143
-544
-728
-327
-659
-538
-345
-497
-289
-135
-390
-75
-132
-337
82
-374
-205
137
-576
49
-152
-492
236
-408
-334
181
-348
-181
212
-371
40
198
-368
404
93
27
395
-14
341
97
22
245
47
210
33
-20
367
117
141
416
159
342
430
133
466
300
-69
310
-219
136
52
-377
255
-155
167
301
-85
222
321
-230
250
41
-486
409
-564
-58
286
-643
206
-34
-328
363
-119
-190
622
-183
-280
189
-497
-223
-74
-849
-118
-322
-735
-56
-485
-314
-168
-59
-379
173
-174
-265
604
-393
436
105
31
440
75
440
321
331
63
269
177
-11
180
-175
97
348
-176
371
199
165
577
351
354
577
350
140
790
-26
264
194
-190
339
-209
-164
-54
-52
-252
-210
-477
-416
-114
-770
-399
-292
-758
-131
-514
-671
168
-464
-436
202
-563
17
211
-792
424
-16
-591
571
-597
-46
558
-678
150
142
-642
281
50
-699
583
-357
-381
908
-609
298
758
-131
990
393
-76
1121
337
251
1008
-57
632
645
-389
681
151
-414
611
-488
-326
498
-850
26
382
-895
598
315
-751
1162
-116
-282
1379
-939
114
504
-1155
481
-372
-1188
225
-923
-891
209
-1587
-313
-108
-1357
559
-742
-666
1017
-777
210
800
-799
945
455
-550
1001
76
-328
928
-501
96
666
-422
284
85
-100
-232
164
-693
349
168
-445
748
-508
664
394
-217
939
310
275
771
-182
-273
457
-738
-418
282
-1686
-85
-264
-1383
548
-1203
-396
283
-672
133
147
135
457
409
-178
613
107
183
811
-336
755
84
-634
548
-808
-164
-103
-973
-49
-95
-368
313
453
-15
811
330
435
792
323
647
327
625
39
-62
540
-188
556
305
-256
414
155
-231
190
31
-423
554
-66
147
944
-94
714
590
-13
663
-256
-103
201
-752
-293
-215
-1140
-28
-585
-1002
711
-1142
-378
-170
-1611
6
-1042
-1060
-436
-827
-615
-307
-752
-510
-103
-570
125
-311
-282
280
-376
430
-50
-197
364
-367
473
-24
245
421
-111
674
-290
-153
223
-663
217
233
-315
869
458
61
1363
269
663
1179
-202
1073
262
199
721
-374
783
329
335
1340
390
840
1037
19
712
281
-318
460
228
-174
566
215
274
909
58
292
195
-412
-232
-924
-1204
-180
-1482
-331
-355
-1106
1139
-399
201
927
-881
258
35
-1017
183
-225
-604
605
-219
-81
651
-423
485
-296
-842
76
-1273
-320
-308
-1056
297
-339
-528
799
128
24
1034
-635
-50
809
-1202
575
31
-518
1423
-480
406
574
-428
551
-213
-761
-148
-842
-467
60
-1057
103
22
-382
859
-180
99
1080
-516
192
-226
-821
51
-650
-789
-501
-340
-707
-146
-46
-450
164
-47
-440
192
-272
-571
218
-429
-123
575
-154
1016
936
543
1832
358
858
385
-792
543
-917
-681
-161
-889
578
131
-152
751
79
536
145
-570
-283
-543
-598
-142
-260
277
809
862
1608
1301
1261
836
560
331
-55
-397
-711
-410
-304
-91
22
-55
205
628
148
661
37
-354
229
-647
-231
-178
-463
210
83
389
409
533
385
45
296
-299
-168
-558
-750
-752
-741
-678
-979
-469
-220
-227
377
10
-38
508
-66
61
97
-526
43
-414
-411
-308
-813
69
-755
-380
-332
-911
-168
-524
-596
-70
-332
-335
63
-500
171
-169
-208
-128
-623
197
-149
246
574
31
602
551
341
827
422
505
674
491
710
474
694
827
578
993
601
202
638
-43
21
413
-486
-78
93
-416
478
256
56
905
260
472
614
-212
464
-193
-677
267
-1028
-101
59
-860
486
23
38
559
267
-286
612
-347
-666
-155
-1192
-210
-376
-231
735
432
1207
759
316
1220
-382
-323
-687
-1832
-781
-1316
-1530
-620
-341
-490
438
-222
-301
341
-904
-542
-686
-1103
-380
-499
-104
734
378
510
983
90
766
-81
-1014
28
-963
-408
168
-487
895
1331
787
1762
625
621
741
-682
179
-839
-796
244
-515
856
901
176
1933
708
956
926
-726
87
-571
-994
-182
-329
48
1336
752
1810
1708
687
1237
-126
-834
-979
-2527
-2081
-1756
-2248
-629
-858
-321
852
165
728
761
-445
63
-670
-1359
-596
-1471
-532
413
66
1138
836
640
1018
-188
-427
-1050
-1481
-1320
-1448
-965
-672
199
517
1378
1507
1381
1390
398
419
-307
-851
-1116
-1278
-788
-460
-53
373
741
1474
1478
1298
1281
336
193
-80
-981
-490
-499
-351
1008
482
1153
1903
573
1659
709
-862
423
-2185
-1853
-936
-3704
-692
-1321
-836
2895
356
1966
2000
-331
1395
-826
-2842
-1458
-3676
-2836
-530
-2914
358
841
-506
2947
272
-111
1473
-1765
-539
96
-1585
2570
3337
3880
7176
5222
6002
5934
2166
1553
-1296
-4453
-4072
-6337
-5991
-3819
-4472
-1532
-401
-548
1760
478
181
916
-1079
-367
-379
-877
1459
1950
2916
4807
4085
4815
4401
1618
1206
-1923
-3227
-3412
-5340
-3951
-3570
-2741
-616
-442
419
1246
531
647
47
-946
-875
-1492
-1272
-280
-222
492
913
823
1503
789
-320
-706
-1844
-2274
-2388
-3182
-2726
-2098
-2061
-1181
-896
-938
-452
-1119
-929
-768
-467
347
52
1002
1067
2008
2297
1540
1697
423
678
197
-955
391
-672
-1172
-533
-2666
-1336
-1563
-3548
-2886
-3507
-4216
-2490
-3111
-1123
3668
4872
9905
12889
14385
17432
14521
12782
11967
6886
4038
-714
-5137
-4080
-6394
-8060
-6455
-6978
-4862
-3680
-6682
-4961
-4815
-6063
-4546
-5822
-3864
82
1218
5343
8773
10497
13150
11906
10071
8638
4154
-101
-3316
-7403
-8428
-9152
-10795
-8696
-7737
-6120
-3284
-3578
-2662
-1842
-2251
-1121
-882
-864
1132
2655
4462
6357
7297
7628
7751
5469
2977
593
-3113
-4954
-7235
-8713
-8105
-8513
-7576
-5706
-5094
-2987
-2193
-1817
-597
-708
-615
388
1220
1811
3064
3234
4304
5570
4825
4247
3099
1099
724
-866
-1853
-1594
-2635
-1592
-855
-735
448
290
84
945
-105
-485
-403
-1598
-788
-594
-755
1107
1339
2568
3899
3162
3774
2796
1795
1225
-587
-1923
-2833
-3882
-4778
-4207
-3257
-3166
-2854
-4010
-3289
101
-19
-1030
-1212
315
2590
4230
2283
5502
14624
15653
16312
12131
10862
16124
10616
2282
-3462
-7067
-6764
-10527
-16404
-13810
-10114
-8549
-6749
-7687
-3069
972
-1865
-711
-518
144
2954
900
4133
10329
11369
13174
13384
12504
13790
9061
1959
-1550
-6840
-10387
-12997
-16762
-14476
-12273
-11185
-6598
-3959
-112
2924
2350
4259
5582
4333
4008
2509
2255
4569
3008
2228
2397
645
779
-1764
-5280
-6247
-8759
-9892
-9843
-10567
-8352
-6137
-4598
-961
1394
3805
8422
7398
8545
9261
6187
8458
4903
2237
3423
389
2
-473
-4115
-3221
-2844
-5009
-3510
-4584
-4672
-2423
-3113
-1732
100
-48
2122
2995
3236
4673
3933
3364
3882
1935
571
-164
-2977
-2443
-3228
-4509
-2901
-2996
-2050
-451
-828
496
1186
-318
-318
-1934
-2621
-2038
-4476
-4211
-3763
-3848
-1403
-2518
-2355
440
12
-70
-806
-2641
-1142
-536
-1868
-79
2281
3735
6651
7460
14440
22094
21165
18796
12136
12165
12139
2408
-6145
-10954
-10963
-9131
-12097
-13911
-6203
-818
962
1524
-536
3336
3877
-1214
-2241
-3124
-2641
-1375
-419
5208
11716
12788
12512
12175
10563
8741
213
-8570
-11688
-15268
-15976
-16351
-16763
-10558
-5360
-2016
2322
3483
4413
4698
2176
890
-336
-2596
-2797
-1566
1096
3851
4574
4735
5903
5957
3957
161
-5038
-6557
-7872
-9204
-8280
-7986
-5248
-479
1197
3256
6081
4749
6970
5747
2920
2996
831
-256
-125
-1179
-1265
1432
1489
2911
3151
1652
2165
783
-1089
-2752
-5420
-6480
-6621
-7045
-6343
-5678
-4674
-3047
-1732
-1228
87
-135
-635
-272
-1387
-1203
-923
-1564
-111
1614
2231
4238
3558
2968
3703
-61
-2312
-5605
-9932
-7306
-9516
-8799
-5007
-5997
3351
6036
6846
11962
7629
9862
8927
1276
566
-3452
-4244
-236
-1678
2072
11576
20088
27613
27096
20621
21176
18039
9939
-304
-13588
-15213
-15304
-18191
-16711
-13231
-5678
1795
1794
447
2565
-77
-3124
-6221
-11297
-8580
-6528
-4054
5346
11723
17901
21851
20280
19133
14274
4065
-5833
-15057
-21959
-24130
-25898
-23820
-17233
-12119
-4812
1119
3950
7500
4898
1730
303
-3851
-4853
-6150
-5358
255
4370
7747
10527
12247
13245
10520
3491
-3531
-9182
-13168
-15537
-16963
-15292
-10314
-4745
184
4063
7670
10353
10518
8332
3948
2846
1796
922
1053
-279
2772
5845
7125
7246
5051
3079
1651
-1520
-5326
-8043
-9171
-7500
-5159
-3070
-247
2777
6100
7456
6316
4937
2007
-48
-2503
-5754
-6444
-6870
-5913
-3407
-1695
1336
3720
4537
5720
4643
2560
593
-4191
-5708
-7698
-9933
-7436
-9508
-5995
-3316
-2609
3317
2424
4918
5906
4092
4994
1881
-674
-1335
-1414
-1499
-97
539
6260
16851
20956
23050
20256
17792
19746
13732
3657
-5599
-10371
-10968
-12598
-15732
-14534
-7172
-1842
1530
1112
1274
3290
36
-3042
-7224
-9734
-7874
-7011
-1519
5733
10900
15825
18191
18520
16746
10552
1138
-5863
-12769
-18696
-20816
-22447
-18804
-12971
-8479
-1420
3800
6602
7046
3750
975
-1984
-5882
-8968
-10361
-8730
-5029
-1553
1866
6171
8969
10135
7834
3456
714
-2646
-5784
-7092
-8228
-5004
-2093
-434
3490
4579
7295
5967
3477
491
-813
-1995
-3595
-2698
-3491
1435
4478
7578
10157
9321
8756
7505
4786
1379
-2089
-5910
-6575
-7341
-6984
-6000
-4423
-2081
-987
-434
-734
-943
-1967
-3126
-4832
-5062
-3954
-2860
-492
1165
3748
6101
7491
7738
6965
5125
1817
-1040
-6382
-8527
-11378
-13201
-11055
-12603
-7629
-4662
-2473
5186
3571
7783
9110
5644
9920
5844
3866
6552
2944
4113
7583
5224
15294
21154
17388
21316
12701
11712
12837
-967
-5866
-10976
-15882
-11799
-15473
-16232
-5741
-3887
934
3256
-1031
4486
2642
-3888
-3666
-8632
-7917
-3153
-4726
3015
9804
11475
17434
15846
12398
11044
1236
-5986
-10580
-19147
-20096
-20660
-20693
-13279
-10090
-5634
1468
2862
4828
3435
-1707
-2361
-4674
-8158
-8023
-8785
-5239
849
3200
7862
11103
11028
10814
6850
2556
377
-4657
-7206
-6972
-6700
-2273
-1411
-323
5294
4712
6930
4807
224
2223
-1438
-2691
-2956
-3588
-204
3995
5541
8203
9313
7827
8484
6243
3300
990
-2599
-4277
-3765
-4645
-3698
-3102
-2647
-1208
-910
-1065
-952
-1710
-3185
-3434
-3960
-3264
-1542
-225
2124
5646
6493
7474
7830
5021
4881
117
-5556
-7306
-11815
-13218
-13476
-16534
-13416
-9172
-9362
-2675
-2405
109
5706
1643
5919
6427
4422
8904
5797
6566
10503
7788
13145
20736
18392
20768
14573
8743
14018
4235
-3505
-8088
-13972
-9926
-11739
-17184
-10784
-5392
-1389
2252
-1533
2678
7414
2949
1848
-1320
-3027
754
-1912
-65
7140
7877
11423
12618
10071
12583
5812
-2812
-5305
-11159
-13516
-15630
-20458
-16682
-11450
-9939
-4055
-1198
1338
5410
1245
681
268
-3550
-4158
-7913
-8297
-5628
-5116
-2876
1571
4113
6287
5599
2555
3412
2083
-483
-2093
-3798
-2440
-332
-430
513
2094
3079
3226
4367
2960
2899
3082
-1574
1122
-477
-440
3259
1844
4886
5462
3479
4927
4862
2547
2316
-1020
-2200
-511
-2570
-2050
-1084
-2851
-1598
-2598
-3826
-1399
-3307
-4047
-3778
-4403
-2112
-781
-1184
1841
4027
4922
7296
5906
5834
5810
455
-2646
-5840
-9694
-10343
-13129
-14525
-12102
-10543
-8605
-4576
-3407
-1026
3187
2181
6481
9398
6087
13029
9614
10300
14479
9272
21283
23655
20979
19850
11296
11953
11535
-606
-9270
-12208
-15646
-11433
-16557
-18704
-7355
-5201
-592
19
-2937
5566
4931
-189
299
-3539
-2058
-111
-3088
3461
9529
9298
12486
10827
9143
9201
-1662
-9306
-12868
-19552
-20207
-22770
-24163
-17148
-13895
-9604
-2209
1216
5475
6841
3996
4531
3407
-759
-2610
-4742
-4549
-1947
-2429
328
4765
5853
6970
3497
690
1174
-1626
-2910
-4327
-4612
-2627
-1301
1119
3173
6069
7189
7227
7823
7649
5103
3771
1240
187
1907
292
2768
5355
5867
7369
6236
5097
6243
3206
300
-1179
-3380
-2460
-2717
-3161
-1837
-984
-1746
-1588
-2077
-2818
-2314
-5795
-6194
-5241
-5775
-2875
-2142
336
4940
6142
6694
6387
4939
1327
-1797
-8081
-13296
-12341
-18648
-17346
-15590
-17646
-6764
-6170
-5252
1882
-1576
3975
8116
1805
6147
6238
4665
11095
8260
8610
22155
24518
27286
27665
14677
19245
15798
1859
-3426
-15450
-17170
-12332
-19704
-17407
-8237
-5082
4678
4049
827
9727
5977
2040
779
-7320
-3448
-1352
-4808
4727
9205
12507
19952
15573
16005
15236
3505
-3028
-10201
-18213
-18091
-21639
-23707
-16573
-14512
-9382
-2689
-2279
3165
3239
-1104
-1123
-4904
-6337
-6441
-8728
-6768
-3380
-1293
2923
6145
7271
8941
5053
681
-2097
-6090
-6784
-8458
-9738
-7613
-5496
-1204
2928
4668
7164
7187
6692
6452
3907
3653
2962
2776
3149
4357
7161
9489
11505
9595
8605
6962
3584
593
-4213
-6363
-5839
-5954
-5396
-3583
-921
2734
4129
1893
1027
298
-1465
-2554
-6195
-6699
-4300
-3478
-791
1612
3627
8619
9178
7756
7578
2629
-915
-5967
-13878
-16036
-17299
-20047
-16881
-15921
-13001
-3491
-4496
-1979
2502
-651
6890
4962
-698
5378
3947
6703
12380
8688
18058
30691
27501
31117
23005
15529
20915
4490
-7173
-12089
-21597
-14880
-16225
-22716
-10152
-5398
-668
6153
-1048
3941
8187
-1452
-1343
-5284
-8588
71
-2644
1292
13780
13756
20577
22354
15988
18675
8619
-4257
-8655
-19044
-21881
-21875
-27419
-21979
-16279
-14265
-5686
-2991
-927
4609
203
-1196
-1095
-6353
-4445
-5362
-6780
-1604
-433
2448
8236
8041
9272
8198
1333
-657
-4414
-8343
-5786
-7280
-6371
-2438
-3230
1941
4292
2796
3990
1611
369
1674
-1294
-1015
1566
1843
6811
9150
11413
16095
14938
12667
10634
5046
1895
-2413
-7741
-6495
-6255
-5281
-2801
-1877
2727
5394
3649
2165
444
-423
-1596
-5440
-7514
-6360
-4773
-2271
-177
2627
7292
8697
8117
6794
2750
-941
-6814
-12970
-14526
-16378
-17719
-16882
-15432
-10508
-3996
-4499
-3064
-738
-835
4564
43
-2509
976
1566
6790
8979
9927
21019
31122
31744
31235
22639
19041
18376
3432
-8761
-17514
-22297
-18193
-20849
-22364
-12883
-5883
1323
4769
1912
6557
7524
1258
-1165
-6076
-6865
-2239
-2326
4259
13763
16944
22037
22571
19474
18815
8810
-3057
-9666
-17884
-20786
-22594
-25763
-20478
-14346
-9707
-3343
-671
2076
5264
2569
-699
-3436
-7292
-7209
-7078
-6672
-2814
737
4421
9188
10269
9836
7940
2013
-2114
-5968
-9586
-10002
-10625
-9487
-4955
-673
4504
8594
10218
11269
10300
7217
3481
-643
-3888
-5095
-5573
-3795
513
5343
10561
13336
13103
12390
9726
5613
1163
-4062
-6747
-7019
-7606
-6498
-3688
-224
4214
5349
4189
4300
2601
-401
-4499
-9336
-9528
-8156
-7081
-3633
-138
5340
9884
9481
8823
5650
-434
-5114
-12923
-17550
-18509
-22652
-20978
-16572
-13680
-5332
-3110
-3049
5319
4125
5378
5914
-1704
4278
4932
3614
9904
10454
21627
32566
29770
29750
24892
18958
17144
1457
-12557
-16809
-23708
-21960
-21788
-23516
-10933
-3031
1745
9325
8615
11680
13193
4611
2356
-983
-5713
-2139
-1205
4164
14157
15833
19226
22029
17897
15111
5464
-7061
-12743
-20358
-24625
-24712
-25966
-20321
-12268
-6584
544
3956
4746
6484
3241
-2368
-6766
-12719
-14276
-13304
-12680
-8510
-3733
883
6521
9024
8965
7330
2258
-2055
-5797
-9084
-10529
-10089
-8659
-3555
1464
5593
11071
12952
13706
13316
8611
3493
239
-5470
-6513
-6326
-6433
-139
4736
9329
14556
14820
14434
13534
7854
3706
-1014
-5576
-5776
-6858
-6080
-2580
1015
5194
7572
7192
6874
5871
2031
-2631
-7499
-9541
-7982
-7167
-4833
-996
4244
9719
10565
8833
5522
816
-5364
-12577
-18098
-21211
-22267
-21627
-19416
-13172
-7731
-3024
626
1547
5113
4522
2708
809
-1041
112
1885
4049
8734
16649
25050
29355
28529
23736
19040
14033
4137
-7280
-16617
-19853
-19918
-18573
-16518
-10696
-1310
4443
8017
9103
8940
8665
3701
-1908
-4923
-6610
-5617
-2333
3233
11193
18105
20571
22220
21164
16065
8417
-3476
-12649
-18362
-23460
-24945
-24593
-20577
-12217
-5442
118
4607
6023
6209
3973
-1845
-6245
-10359
-13684
-12827
-11292
-7177
-1372
2451
7254
10568
10318
7752
2341
-2930
-5881
-8400
-10145
-8881
-6379
-1441
4663
7628
12278
13994
12292
11359
4617
310
-3468
-8668
-8427
-8316
-5513
789
5945
11375
15483
15840
14608
11465
5570
-254
-5334
-8986
-9197
-8637
-6465
-1643
3182
8397
9887
8811
7795
4302
777
-5540
-11289
-13338
-13417
-10872
-7118
-2224
4059
9639
11264
11509
7945
2227
-3514
-11427
-16396
-19395
-21970
-19930
-17074
-11271
-4504
-1510
2300
3022
4209
4655
1685
-1413
-3387
-2334
459
5581
9706
17406
28357
31523
32505
27394
20881
17962
6374
-6449
-15918
-21194
-20413
-19705
-18757
-11706
-2505
3534
7426
8269
8732
8138
1860
-4163
-7075
-8732
-7369
-4435
1985
11439
18910
22635
24146
23115
18531
10067
-1468
-11025
-18160
-23121
-24924
-24307
-20042
-13126
-6557
-647
3750
5047
4119
987
-3879
-8147
-11975
-14647
-14282
-11267
-6723
-1105
3504
7211
10005
9660
6585
1574
-3803
-7838
-9558
-10518
-9030
-4645
-553
5223
12324
13189
16672
13713
5895
4719
-5654
-9292
-11395
-15722
-10011
-5127
91
9603
14585
17350
20341
15317
11174
6300
-2228
-6063
-8826
-10306
-6145
-3239
1460
8648
11317
13273
11699
7255
3546
-1807
-9561
-14502
-16673
-15978
-9801
-6252
-962
6623
9680
13195
12262
6474
2304
-3387
-11639
-14947
-17819
-21597
-14963
-14116
-10557
52
-3088
2625
4589
-1404
2810
-3295
-7310
-2598
-4138
708
9048
14414
27107
32533
29820
30054
24856
19333
10535
-6053
-14539
-18324
-22303
-21189
-20665
-13991
-2057
2855
6081
8199
7194
7111
1775
-6390
-9108
-10971
-9268
-3700
1780
10600
19398
23512
25644
24184
17800
10210
-482
-11482
-18606
-23882
-25489
-23659
-19929
-12754
-5022
1716
6112
6940
6074
3372
-1115
-6526
-11261
-13949
-12780
-9908
-6132
-714
3382
7318
9032
7815
4941
-273
-6000
-9796
-12586
-11529
-8920
-4366
3744
9414
16177
18054
18308
15495
9012
1267
-7393
-12613
-16451
-16474
-14092
-8331
-186
7929
13982
18266
18576
15633
10428
2767
-3014
-8259
-11591
-11244
-8066
-2930
3224
8369
12339
14818
12496
7742
2078
-4121
-8519
-13423
-16428
-14644
-10871
-4673
1539
4818
10349
11758
9633
8271
1408
-2658
-7266
-14473
-14225
-13357
-12456
-6577
-7358
-3023
2567
901
1922
-2170
-5715
-4857
-5956
-6583
-1177
4566
16933
26732
29281
32579
30725
29955
24051
9893
-2916
-12739
-19658
-22976
-26388
-24109
-14558
-6025
1726
6789
9715
12754
10616
4083
-1777
-7903
-11324
-11048
-9122
-1857
6476
13029
19750
22731
22824
19285
10835
1572
-7473
-16278
-22293
-25411
-24751
-20106
-14223
-7172
-158
5410
7842
7647
5188
1252
-3586
-9374
-12496
-12780
-10427
-6902
-3506
1650
6379
8759
8151
4371
314
-4753
-9871
-14614
-16343
-13665
-10201
-1532
4643
11804
18735
18483
19839
14846
7296
914
-8306
-13411
-15032
-15710
-11563
-5100
1437
9476
14808
16950
17386
14040
8450
2597
-4275
-8882
-10872
-10621
-6697
-1906
3503
8508
11592
13630
13086
9451
4203
-1251
-5549
-7507
-8585
-8932
-6467
-2941
875
5094
5226
4928
4099
793
-1468
-6306
-9823
-11264
-10216
-7561
-5690
-2308
-640
1887
2872
607
-2515
-6073
-10618
-12018
-12438
-10393
-2405
7023
18347
26408
30708
32343
32182
27159
17433
4390
-7632
-15084
-21628
-24969
-24602
-18634
-8569
-395
5405
9649
12057
12027
7894
805
-5611
-9678
-11913
-9881
-5259
1851
10696
16986
22161
24277
21954
16312
7511
-2329
-10852
-17775
-22699
-23917
-21834
-16927
-9756
-3722
1372
4386
5122
4296
1042
-3733
-8646
-12021
-12657
-10603
-7510
-3229
1892
6772
10507
11500
8789
4884
-1138
-7495
-12162
-16295
-15889
-13060
-8821
-1281
4472
10257
14803
14849
14301
10220
4546
-636
-5943
-9134
-9649
-7978
-4577
474
4941
9130
12174
12686
11685
8585
3960
-272
-4346
-6389
-6587
-5422
-2605
367
3700
5445
6781
6139
4673
2930
-656
-1791
-3611
-3628
-1881
-1673
928
1708
1574
2410
-220
-1021
-3365
-6840
-7909
-10672
-9565
-7816
-5546
-2389
162
2378
4452
4394
1844
359
-4740
-6669
-9390
-12145
-8680
-5395
3403
15102
20958
27763
29851
28756
29466
21192
10267
95
-10187
-15423
-18675
-22046
-18243
-11506
-5084
2582
4836
6932
8730
4687
1088
-4393
-10178
-11095
-11293
-7359
162
6229
13062
18581
21005
22084
18342
10847
3583
-5013
-12284
-16542
-20462
-20023
-17130
-13709
-7378
-2527
798
3408
3585
2729
816
-3033
-6345
-7874
-7505
-6078
-3729
-811
2713
6451
8120
8017
6550
3097
-2264
-7065
-11238
-12767
-11282
-10855
-7744
-2812
286
5501
6665
5947
7563
4329
2158
6
-3559
-2656
-1734
-1543
1397
3075
5026
7904
7000
6389
5237
2044
484
-2296
-5168
-4834
-4922
-3533
-1323
-742
1264
2739
2394
2076
1322
89
821
1170
896
3071
3587
4354
5614
3355
2190
796
-2454
-3776
-5676
-7891
-6848
-6470
-6222
-2908
-1104
561
4136
2977
3305
4345
402
-646
-3961
-7601
-6929
-7056
-4843
731
6996
14930
20575
22275
23176
22160
18800
12764
3536
-4458
-9432
-14202
-16020
-15811
-12810
-5946
-1386
2229
5306
6177
6067
2884
-2005
-6182
-9167
-10400
-8990
-4965
645
6968
12406
16490
18810
18184
14020
8116
1425
-5749
-11245
-15487
-18098
-17029
-15664
-12842
-8143
-4774
-879
1702
2210
2238
1072
-1614
-3472
-4668
-5067
-3998
-3064
-1268
1637
3832
4760
4650
2556
190
-3098
-7286
-9548
-10470
-10747
-8688
-6805
-4119
480
2233
4398
6110
5319
5397
3917
1045
957
-57
-737
722
571
2670
5138
5149
5954
5463
3889
3284
1181
-973
-1144
-1485
-857
560
752
1890
3357
3287
3324
2394
878
1125
1383
1783
2627
2884
2938
3792
2851
1364
-135
-2619
-4026
-5447
-7180
-7836
-7056
-5851
-4417
-1899
-761
1257
3956
2540
3104
1666
-2151
-2354
-6480
-9613
-8705
-10489
-6049
-600
3451
13330
17899
21231
24961
21992
20701
16300
6115
681
-6363
-12682
-12802
-15646
-12644
-5950
-4037
1864
4491
4287
6853
2279
-2298
-4421
-9690
-9400
-7599
-6059
1071
6811
11713
18106
19218
18477
16563
9602
4506
-1786
-9347
-12895
-17189
-18370
-16677
-16008
-12359
-8490
-5891
-1619
-9
554
1827
451
136
379
-732
-51
196
-7
2153
2193
2220
1740
-904
-2028
-4630
-6758
-7932
-9957
-9914
-9731
-8751
-6003
-4962
-1759
851
2443
5197
5204
5902
6912
6187
5991
5153
3403
3705
3354
2575
2603
971
389
427
-760
-592
-1052
-1288
67
-115
102
695
398
1128
1657
1214
1838
2368
2588
3893
4272
3754
4104
2690
1414
939
-1476
-2289
-3126
-4426
-3158
-3620
-3157
-1460
-2252
309
1003
251
2461
744
546
1684
-2231
-2516
-3221
-7054
-4973
-6800
-7815
-3129
-1972
3450
10728
12789
18087
20464
17923
18876
13102
6367
2849
-5291
-8312
-10114
-13363
-9412
-6690
-4109
1354
1230
2690
4165
-77
-1318
-4587
-8991
-7062
-7502
-5361
1116
3814
10080
15454
15794
18081
15949
10988
8074
889
-4912
-9048
-15114
-16567
-17201
-17314
-13552
-11438
-7732
-2811
-934
2398
3479
2804
3975
2131
980
603
-1679
-590
-385
-672
596
-303
-848
-1292
-3832
-5490
-6417
-8286
-8419
-8495
-8128
-6071
-4301
-2716
-668
1033
1764
2698
2825
2591
3550
2892
2781
3593
3083
4506
4612
3627
4060
2648
1865
1146
-688
-908
-761
-785
154
1066
1535
2779
3394
3254
4137
3690
3594
4438
3793
4372
3790
2868
2486
1405
-96
-1329
-2211
-3633
-3429
-4047
-4291
-3171
-3644
-2719
-1745
-1549
-212
-448
232
-8
-469
-1154
-3140
-3632
-5386
-6003
-6296
-6022
-2590
1271
6263
12185
15708
18820
20111
17238
14897
9145
1848
-2873
-9301
-12214
-11968
-12319
-7483
-2389
1276
6721
7077
7091
6691
1521
-1910
-6217
-10568
-9926
-9120
-6081
558
4730
10365
15380
15762
16894
14011
8421
4916
-1793
-6786
-10070
-14557
-14572
-13895
-12953
-9776
-7420
-5333
-2151
-998
-559
202
-1441
-2025
-2423
-3230
-2932
-2607
-2353
-748
717
722
1131
651
-1078
-616
-3102
-5154
-4203
-7533
-5467
-5081
-6517
-2991
-3578
-2416
265
-714
947
2975
2733
5398
5850
5541
7646
7163
7131
7343
4909
4594
3768
1800
1798
216
-268
117
-531
-331
13
-420
-46
436
306
1452
1401
1655
3269
3136
3651
2879
1207
1435
-38
-713
-652
-1876
-398
-382
-1036
187
-1721
-1983
-2218
-4987
-4381
-5170
-6976
-4086
-5135
-3786
-1308
-4015
-1226
-1981
-3428
-1690
-3386
-1832
2272
3763
9199
13618
14888
18957
17280
14461
12455
4894
-98
-4169
-9891
-9497
-9751
-8870
-2645
-275
3664
7069
5847
6701
4363
-201
-2653
-6815
-8871
-7242
-6304
-1841
3664
6880
12664
15176
15106
14974
9748
5056
356
-6572
-10699
-14666
-16964
-15441
-14364
-11619
-7692
-5145
-1693
65
-66
17
-2098
-3975
-5178
-6586
-6337
-5773
-4674
-2290
-390
1275
2317
2509
2652
1237
-337
-2619
-4209
-5601
-6784
-6952
-6969
-5692
-4697
-3073
-1714
-422
976
1947
3293
4412
4995
6050
6675
7156
7781
7089
6981
6712
6145
5254
4017
2750
1849
1393
544
537
429
668
1125
1640
2312
2609
2693
2256
2576
2432
1661
1456
121
168
182
-772
60
23
682
1356
1349
733
317
-1226
-2805
-3521
-5137
-5818
-6524
-6357
-6419
-5213
-5770
-5513
-4508
-4873
-2839
-3230
-2068
-341
427
3279
5145
7325
10160
11154
11543
11775
9409
6992
4113
-147
-2335
-4925
-6636
-5676
-4185
-1950
993
2500
3936
5226
4068
3052
1057
-1799
-3379
-4582
-5297
-3010
-1052
2248
6855
9376
12491
13213
12147
10239
6350
1215
-3563
-8667
-11838
-13154
-14236
-12265
-10129
-7213
-3172
-1372
356
974
-418
-1737
-3706
-5798
-6901
-7141
-6939
-5012
-3140
-1194
1576
2813
4243
4228
2895
1690
-836
-2923
-5375
-6998
-8232
-8401
-7575
-6487
-4115
-2627
-772
811
1656
2584
2769
3040
3575
4094
4679
5316
6322
7080
7878
7827
6928
6064
4594
3093
1743
318
-721
-950
-785
-85
1382
2013
2696
3353
2796
2711
1484
20
-909
-2033
-2312
-2380
-1689
-133
1356
3213
3956
4091
3829
1945
1039
-1732
-3626
-5761
-7540
-6843
-7569
-6636
-6498
-6230
-4884
-4308
-3892
-2874
-2024
-1029
793
773
2453
4816
6141
9269
9736
10017
10334
8365
7247
4949
1984
-98
-2128
-2897
-2399
-2166
-795
472
1605
2646
2306
1232
534
-835
-2103
-2598
-4029
-2890
-1352
584
4349
6320
8978
10845
10852
10512
7518
3810
-255
-4189
-7405
-9810
-11286
-11309
-9832
-8096
-5311
-4018
-2374
-1702
-2416
-2811
-5005
-6471
-7194
-8052
-7365
-6365
-5787
-3257
-1442
675
2764
3719
3385
4400
2828
1250
779
-3738
-3566
-5642
-6991
-5688
-6561
-5139
-2986
-2294
-444
987
703
2780
3129
3217
4906
4396
5472
7120
6315
7439
7116
5949
6709
5089
4028
3484
1625
1297
1229
633
1305
1676
1382
2346
2292
1515
1521
-73
-1025
-1335
-2896
-2869
-2515
-2165
-193
1053
2254
3590
3925
3446
2948
1145
-847
-2252
-5204
-6099
-7529
-8581
-7816
-7756
-6629
-4689
-4141
-2042
-411
88
1671
1394
1341
1240
781
-192
1291
1553
3542
5609
5411
7879
7741
8084
8178
6529
5700
4638
2528
1298
-99
-1584
-1443
-2290
-2557
-1968
-2260
-1496
-954
-1291
-216
-378
182
1330
1728
3309
4297
4899
5447
4949
4100
3095
1449
15
-1622
-2872
-3898
-4853
-5490
-6274
-6601
-6924
-7466
-7813
-8386
-8558
-8367
-8010
-7374
-6401
-5698
-4167
-2730
-1254
813
1642
3436
4098
4459
4675
3604
2989
1869
385
-895
-2392
-3874
-4145
-4621
-4522
-3856
-3797
-2693
-1433
-768
854
1365
2306
4085
4517
5977
6412
6594
7437
7384
7321
7378
6561
5976
5635
4151
3728
2688
1632
1725
932
447
270
-990
-1335
-1664
-3068
-3092
-3971
-4134
-3381
-3326
-2247
-1089
-37
1588
2751
3208
3714
3134
2067
1170
-1158
-3108
-4802
-6726
-6813
-7537
-7070
-5790
-4412
-2410
-1640
-639
-519
-334
-978
-2528
-3375
-4948
-5421
-5147
-4450
-1060
2219
5993
9833
12371
14993
16273
15312
13587
10827
6906
3892
-241
-3125
-3998
-5439
-4535
-3968
-3369
-1289
-445
524
1289
693
196
218
-714
-362
191
287
2272
3531
4470
5893
5308
5186
4405
1991
59
-3095
-5764
-8034
-10295
-11670
-12206
-12046
-11231
-9705
-8815
-7078
-5886
-5092
-3632
-3187
-1858
-876
-95
1540
2317
3587
4614
4455
5293
4543
4165
3497
1426
456
-1452
-2852
-4117
-5198
-5823
-5384
-5140
-4620
-3413
-2869
-984
467
1690
3442
4575
5547
6805
7304
7729
8331
7982
8262
8428
7761
7324
6426
5186
4682
3227
1699
987
-475
-1070
-1768
-2977
-3110
-3458
-3953
-3945
-4472
-4564
-4122
-3960
-3136
-2035
-1127
101
1107
1428
1523
1129
-42
-890
-2239
-4092
-4639
-5680
-6134
-5023
-5435
-4173
-2488
-2722
-1213
-1353
-2630
-1450
-3213
-4050
-3254
-5051
-3435
-1840
-1535
3427
6709
9439
15199
15134
17306
19061
15082
14776
10632
5615
4582
-504
-3324
-3266
-6289
-4526
-3364
-4609
-934
-940
-910
1489
-1123
-787
-55
-2695
-555
-403
-416
3075
2580
4042
5887
3979
4158
1991
-1804
-2990
-6932
-9820
-10659
-13447
-12636
-11872
-12147
-9227
-8271
-6659
-3923
-4051
-2909
-2167
-3372
-2585
-3384
-3858
-2233
-2280
-402
1702
2616
5414
6467
7135
8462
7482
7004
5947
3389
1927
-143
-2511
-3187
-4584
-5025
-4127
-3912
-2296
-459
717
2932
4543
5395
6914
7097
7456
8019
7216
7321
7087
6412
6285
5316
4255
3454
2243
1037
210
-764
-1476
-1801
-2881
-3243
-3503
-4384
-4362
-5009
-5584
-5207
-5523
-5254
-4202
-3914
-2371
-961
-752
847
1126
562
1453
-77
-1024
-754
-3656
-3249
-3820
-5796
-3615
-4848
-4717
-2286
-3628
-2171
-1170
-3210
-1395
-1527
-3007
-607
-1690
-970
2642
1738
5001
8136
8747
13745
14326
14214
16559
13991
13154
11757
6504
5246
2610
-1400
-1324
-4226
-5223
-3060
-5187
-3724
-2781
-4330
-1612
-2142
-2793
-1121
-2597
-1863
-386
-1651
-278
199
-700
893
-225
-1656
-1416
-3854
-4708
-5537
-7960
-7602
-8042
-8237
-6921
-6802
-6104
-4781
-4923
-4521
-3864
-4314
-3717
-3640
-3682
-2342
-1498
-342
1471
2766
4734
6195
7187
7521
8001
7643
6666
6161
3657
2796
1220
-1385
-1629
-3461
-4285
-3217
-4090
-2828
-1536
-1265
1241
2208
3295
5101
5307
6353
7198
6561
6938
6647
5781
6080
4705
3734
3400
1705
1421
229
-1319
-1501
-2758
-3285
-3609
-4486
-4443
-4602
-5036
-4773
-4925
-4863
-4096
-4275
-3787
-3015
-3106
-1952
-1567
-1655
-162
-710
-202
808
-592
560
109
-1190
-70
-1672
-2199
-1089
-2859
-2095
-1182
-2394
-432
-567
-1424
389
-320
70
1715
895
2557
4229
4136
6513
6992
7045
9878
9508
9881
11338
8810
9841
9525
6329
6744
4006
1654
1856
-1624
-2988
-3131
-5816
-5009
-5515
-7091
-5439
-6261
-6162
-4791
-5988
-5206
-4473
-5377
-3887
-3605
-3818
-1959
-2261
-1403
-114
-986
-374
-665
-1769
-1741
-3036
-4264
-4797
-6147
-6618
-6818
-7537
-7258
-6875
-6300
-4831
-3576
-2031
-64
1862
3994
5609
7104
8420
9346
10411
10293
10160
9584
8437
8119
6349
4463
3165
583
191
-1739
-3405
-3250
-4297
-3320
-2688
-2530
-883
590
1705
3462
4068
4924
5925
5660
5425
4836
3486
2510
1195
-153
-939
-2017
-2749
-3303
-3757
-3879
-4241
-4340
-4522
-4661
-4560
-4982
-4667
-4744
-4590
-4270
-4203
-3964
-3647
-3251
-2950
-1978
-1850
-1307
-307
-274
732
1292
1060
2160
1679
1437
2089
1140
1672
1252
239
579
98
-91
-39
-830
-1093
-19
-438
42
840
917
2985
3718
3688
4966
5412
5893
6962
5879
5772
6284
7043
7210
7254
6455
6098
7059
4506
3587
1208
-622
-1437
-4120
-5757
-7086
-7425
-7414
-7014
-7611
-6576
-5764
-5506
-3665
-3858
-3365
-2538
-2652
-1453
-1120
-1548
-1135
-1258
-1223
-990
-2432
-3088
-3147
-4174
-4221
-4894
-5719
-5157
-4563
-4002
-3059
-2350
-1474
497
1683
3159
3978
4419
5947
6293
6951
6589
6244
6304
5994
5181
3968
3489
2172
2030
1347
375
683
48
376
723
708
921
936
1047
1652
1493
1274
1172
330
505
-175
-879
-1116
-1979
-2347
-2423
-3032
-2817
-2612
-2918
-1723
-1832
-1771
-968
-1421
-751
-812
-1749
-1478
-1797
-2245
-2190
-3087
-3366
-3135
-3630
-3657
-3261
-3456
-2272
-1964
-1902
-215
-334
902
1710
1482
2966
3163
3319
4412
4237
4416
5088
4118
4091
4028
2473
2871
1905
584
920
261
-323
568
-126
28
1770
198
1750
2000
1228
3270
2454
2358
3409
2488
2480
3093
997
1749
878
-918
1466
-669
-211
313
-2530
-592
-1824
-3663
-2646
-4773
-4856
-3687
-5609
-4368
-3498
-4158
-1991
-2323
-2305
-1179
-2435
-1844
-1953
-3690
-3131
-4266
-4207
-2783
-3830
-2899
-1888
-1411
571
693
508
1924
1695
2126
2523
1485
2049
2564
2241
2945
2720
2734
3782
3496
3733
3296
2762
2853
2633
2192
1892
1885
2136
2994
2760
2993
3333
3237
3713
3583
2044
2353
1142
-65
43
-2912
-3169
-4051
-5378
-4865
-5660
-5861
-4906
-4769
-3934
-2673
-2552
-1256
-441
-222
691
329
263
746
-103
228
-94
-811
-239
-631
-808
-809
-1690
-2035
-2056
-2832
-3008
-2959
-3433
-2545
-1861
-1576
-181
240
1206
2228
2381
3117
3434
3263
3208
2933
2701
3025
2716
3063
2903
3090
3199
2319
2398
1245
1019
452
-738
-1057
-1344
-1548
-756
-1057
-683
806
399
2529
2267
2567
3997
2685
3700
2813
1540
1080
-212
-1472
-1810
-2951
-3937
-2796
-3388
-1973
-1636
-1959
-537
-699
-593
-806
-1671
-2094
-1769
-2519
-2234
-2106
-2223
-923
-1257
-920
-208
-650
-14
-21
-1050
-658
-945
-1204
-215
-701
-551
245
-45
799
1283
654
1440
1101
1201
1827
1153
1665
1551
1442
2149
1836
2051
2488
2147
2606
2174
1323
1197
336
-607
-888
-2262
-2609
-2296
-2841
-1934
-1472
-1230
39
485
1322
1609
1676
1158
1168
587
-697
-846
-2442
-2395
-3117
-3763
-3671
-3720
-2646
-2000
-1467
-723
-15
662
1553
1178
953
1266
718
746
762
-257
584
471
123
917
-124
298
210
-272
-74
-587
-362
-136
227
772
923
1669
1983
2335
2766
2509
2830
2506
2477
2165
1403
1189
575
37
-91
-874
-958
-173
-999
245
603
-341
1431
-328
-139
294
-1704
-774
-1818
-2402
-1477
-1782
-1600
-611
-1391
-379
23
-1068
38
-1955
-2240
-1928
-4295
-3427
-4519
-4727
-2866
-2632
-1258
640
1928
2853
5053
4155
4778
4973
2985
3798
1959
1144
601
-359
-523
-539
-1149
-1151
-693
-869
414
-449
-175
328
-193
736
912
967
2716
3224
3739
5222
4533
4661
4459
2786
1972
786
-1493
-2363
-3386
-4671
-4601
-5159
-4980
-3523
-3043
-2212
-1166
-992
419
863
377
1372
600
724
1223
-156
630
298
-824
-235
-925
-2291
-548
-2514
-2496
-1286
-4384
-1831
-3041
-3559
-1383
-2689
-1025
580
160
2155
2954
2567
4290
2962
2792
2905
1010
719
43
-1574
-784
-1176
-1535
76
-480
630
1541
1353
2059
2287
1710
1763
1872
988
1408
789
5
817
-465
-311
-291
-1109
-442
-890
-1247
-630
-825
-886
144
-636
407
828
175
1557
1249
1102
1776
-55
-207
-127
-2297
-2184
-3708
-4545
-3968
-4733
-4845
-4063
-3692
-2732
-1386
-1393
670
1526
2644
3218
3172
3709
3149
3268
1994
2226
510
437
-108
-621
1028
-525
972
926
1137
1848
987
795
1173
1130
346
1347
939
2307
3221
3057
4223
4167
4003
3527
2299
957
-529
-2650
-3611
-4756
-5250
-5353
-5413
-4154
-3268
-2124
-1294
-112
731
1527
2070
1627
2272
1812
860
628
-511
-1176
-1297
-2509
-2407
-2355
-3238
-2672
-2788
-3250
-2324
-2939
-2859
-1227
-1905
-21
518
983
3086
2969
4001
4224
3656
3642
3105
1606
1447
-384
-1011
-1015
-2232
-1313
-1570
-1218
84
450
843
1934
1944
2679
3054
2437
2679
2212
1810
1547
998
502
656
255
118
129
-330
-517
-1234
-1906
-2594
-3258
-4051
-4261
-4370
-4281
-3431
-3008
-1757
-638
21
1028
1306
1509
1633
1160
594
310
-373
-900
-615
-1349
-1031
-883
-1628
-610
-1294
-1077
-742
-1357
-423
-322
-210
538
715
966
1896
1536
1770
2371
2257
2690
3060
2391
2704
2626
1317
1472
470
-273
-190
-936
-895
-544
-852
-421
204
43
1471
1667
1933
3397
2475
3324
3092
1719
2444
1034
222
171
-1438
-1407
-1318
-2476
-1686
-1824
-2277
-973
-1703
-1228
-338
-1369
-498
-395
-1154
263
-561
-430
692
-643
199
-226
-1323
-767
-1673
-2471
-1742
-2352
-2095
-673
-1324
278
994
770
2426
1836
1780
2326
1256
1094
1133
-241
-42
-33
-1250
-19
-855
-1270
199
-1277
-622
-288
-1745
-554
-609
-1533
224
-554
-577
1617
-338
1226
1662
70
2099
652
30
971
-838
-854
-498
-2417
-1415
-1595
-2447
-595
-1395
-1021
387
-634
214
705
-587
519
42
-879
-4
-1257
-1431
-638
-1647
-1150
-503
-1212
262
779
553
2123
1775
1907
2922
1855
2079
2279
954
1437
965
-112
579
-188
-857
-106
-1518
-1450
-618
-1980
-658
-505
-1283
1046
548
1024
2961
1741
3117
3781
2613
3814
3302
2000
2965
914
80
584
-2039
-1661
-2480
-4173
-2864
-3958
-4274
-2612
-3451
-2038
-642
-1478
1159
1803
1750
4162
2956
3893
4866
2969
3555
2838
1117
1500
-106
-1516
-579
-2642
-2412
-2072
-3412
-2141
-2572
-2856
-1507
-1783
-1505
-145
-555
770
1624
1136
2572
2593
2482
3158
2161
2043
2145
560
467
-334
-1372
-974
-2049
-2297
-1972
-2587
-1967
-1786
-2033
-1175
-1476
-1273
-597
-1151
-458
-437
-676
200
-636
-472
-108
-878
2
-480
-651
245
-427
366
643
-5
931
29
-179
84
-1428
-1413
-2014
-3024
-2539
-3089
-3175
-2237
-2416
-1413
-571
-459
790
1127
1364
2051
1837
2041
2403
1946
2263
2093
1648
1811
1368
1114
933
432
-27
-159
-583
-708
-544
-812
-590
-386
-326
124
391
670
1164
1560
1669
1980
2089
2091
2089
1729
1284
953
616
-153
-465
-1241
-1544
-1223
-1816
-1306
-1002
-1210
142
133
394
1664
1136
2137
2892
2068
3003
2684
1693
2644
794
254
395
-1605
-837
-1737
-2737
-1686
-2620
-2502
-1144
-2090
-782
25
-524
1758
1196
1183
2326
1166
1772
1883
432
1411
1161
318
1221
-82
233
827
-685
-331
-677
-1206
-665
-1480
-1653
-1107
-1639
-1260
-890
-1291
-306
-519
-864
-92
-834
-898
-833
-1397
-1078
-974
-1302
-802
-673
-602
-167
-524
-5
113
-87
465
125
-38
-82
-1063
-1257
-1631
-2382
-2317
-2490
-2311
-1791
-1698
-1078
-470
-81
505
622
1419
1512
1744
1544
1188
1431
747
630
493
450
579
531
144
237
112
-407
-612
-1302
-1390
-1322
-1385
-878
-451
116
897
1292
1875
2386
2374
2356
2242
1666
1164
596
-142
-528
-866
-1154
-1089
-913
-998
-812
-668
-780
-696
-840
-829
-362
-204
6
375
590
1162
1421
1346
1763
1687
1715
1981
1500
1659
1570
973
1184
1000
562
1025
333
255
968
78
441
406
-264
715
277
-31
604
-60
317
484
-384
31
-159
-505
64
-494
-505
-23
-397
-123
-95
-547
-161
-75
-291
326
407
505
1025
858
1046
1276
921
798
612
-22
-351
-676
-1528
-1604
-2028
-2454
-2117
-2469
-2228
-1718
-1703
-1124
-641
-722
-158
-176
-325
130
-233
-225
-103
-554
-345
-416
-826
-607
-874
-969
-699
-1025
-1118
-964
-1260
-1178
-1202
-1577
-1190
-1295
-1254
-911
-969
-427
-263
-152
263
356
615
813
525
694
681
260
471
178
209
741
285
727
1062
937
1677
1472
1414
1813
1352
1246
1329
797
868
682
254
532
162
-38
225
-141
13
132
-83
293
282
260
523
635
721
911
902
935
1093
829
650
499
207
8
-284
-740
-861
-984
-1224
-1110
-1142
-940
-467
-226
305
962
1290
1765
2211
2263
2578
2382
1898
1974
1320
811
512
-253
-553
-764
-1466
-1409
-1418
-1729
-1046
-1182
-1063
-464
-781
-217
-106
-413
73
-213
-81
242
-271
-52
-50
-613
-291
-890
-1433
-1093
-2017
-1841
-1812
-2358
-1494
-1567
-1217
-499
-549
56
571
499
937
904
674
1108
598
586
636
98
399
73
-218
4
-467
-493
-330
-753
-530
-510
-723
-179
-363
-538
-86
-250
3
184
-76
278
330
340
554
436
450
634
322
319
358
87
290
135
62
252
103
192
450
442
659
756
719
942
896
823
691
572
582
279
274
260
-66
108
-136
-263
112
-322
-267
-69
-483
-190
-217
-437
54
-90
-153
159
-81
92
17
-423
-275
-517
-637
-491
-849
-667
-456
-651
-424
-432
-387
-64
-187
-54
294
248
508
742
749
966
897
777
735
502
275
83
-214
-273
-345
-494
-391
-305
-213
-37
163
212
376
473
505
618
685
602
809
808
679
796
307
142
144
-198
-514
-430
-708
-578
-272
-696
-222
-222
-469
-86
-421
-561
-273
-817
-676
-475
-937
-685
-903
-1026
-656
-933
-1007
-630
-932
-552
-338
-772
-29
-71
-116
465
-12
297
599
35
546
379
110
672
149
98
435
-269
1
5
-673
-52
-428
-479
214
-194
274
726
538
1118
1120
976
1454
968
923
1097
285
422
245
-448
-86
-513
-792
-383
-840
-585
-406
-774
-221
-149
-204
287
90
283
612
401
797
808
784
1284
899
986
1118
416
648
438
-59
282
-257
-333
-3
-456
-249
-252
-517
-226
-318
-246
-8
-73
276
393
410
806
645
710
959
622
695
599
206
290
-17
-324
-276
-684
-721
-636
-977
-842
-873
-921
-733
-772
-666
-539
-600
-478
-401
-429
-315
-304
-72
-99
-37
95
-49
127
-37
-272
-190
-493
-504
-452
-858
-675
-867
-1139
-885
-1156
-1338
-1071
-1446
-1215
-784
-1096
-421
-314
-163
585
391
814
1194
1015
1385
1215
1053
1313
952
917
1012
508
675
437
50
347
-290
-437
-322
-871
-701
-666
-1117
-515
-394
-592
298
128
441
1277
876
1520
1865
1375
1997
1762
1362
1715
940
627
608
-266
-243
-572
-1324
-1001
-1383
-1596
-1087
-1474
-1177
-674
-867
-156
-20
-109
751
687
805
1214
758
1039
1153
631
713
431
139
322
-79
-268
-105
-428
-296
-303
-577
-289
-410
-490
-286
-426
-339
-129
-196
79
377
222
580
768
681
1019
749
772
904
451
470
229
-195
-211
-567
-952
-906
-1261
-1425
-1354
-1571
-1413
-1404
-1456
-1108
-951
-789
-493
-407
-107
253
352
507
738
782
936
951
796
881
739
516
384
62
-265
-403
-696
-834
-882
-1098
-940
-873
-780
-573
-595
-452
-225
-257
-149
-107
-208
-54
-141
-42
129
112
324
511
563
753
851
837
982
917
878
836
812
663
564
433
123
143
-47
-166
-78
-176
-210
36
47
282
499
312
545
517
445
420
95
-90
-64
-240
-369
-364
-512
-259
-134
-105
195
404
660
983
1038
1098
1239
1149
1074
853
416
300
52
-286
-367
-764
-816
-755
-1048
-979
-886
-891
-679
-615
-648
-322
-177
-218
-43
-156
-13
82
-167
-138
-201
-331
-315
-451
-483
-335
-484
-339
-160
-281
2
65
54
294
138
36
171
24
-20
10
-170
37
202
95
150
400
367
544
473
177
393
-84
-355
-511
-999
-965
-1175
-1581
-1287
-1288
-1382
-995
-1177
-959
-587
-798
-442
-172
-253
264
325
477
916
815
1023
1104
884
980
822
423
457
124
-169
-74
-346
-324
-314
-513
-275
-194
-202
125
163
391
705
626
881
1020
984
999
975
893
1020
915
730
884
647
723
698
488
610
413
286
358
193
207
169
27
225
153
-29
117
36
91
122
-198
120
237
111
273
196
181
384
124
-146
-83
-579
-693
-846
-1222
-1040
-1298
-1410
-943
-1022
-760
-261
-337
205
454
263
759
704
526
713
180
232
216
-461
-275
-574
-741
-443
-1071
-819
-390
-898
-465
-248
-480
275
165
-27
634
223
206
428
-209
14
-103
-675
-277
-497
-662
-219
-488
-95
242
-132
354
336
128
606
118
45
439
-165
-44
-6
-547
-267
-554
-923
-579
-845
-749
-554
-576
-291
-210
-119
-96
36
25
-33
-187
-371
-243
-312
-396
-274
-277
-140
126
30
262
471
305
623
781
669
1022
979
1005
1349
1124
1145
1165
955
925
781
543
566
390
181
110
-203
-245
-402
-626
-527
-589
-655
-443
-382
-149
78
7
263
479
399
502
445
415
581
315
270
437
190
183
226
30
306
255
-11
238
129
-23
52
-157
-296
-232
-330
-548
-430
-404
-517
-221
-186
-60
200
279
471
663
674
557
692
702
460
371
140
-98
-115
-454
-712
-701
-844
-990
-852
-742
-597
-317
-275
158
267
385
649
430
539
398
179
153
-70
-321
-328
-482
-644
-564
-650
-743
-681
-714
-739
-607
-591
-523
-508
-361
-352
-340
-130
-303
-237
-28
-213
-71
275
-45
194
360
19
344
180
-94
145
-121
-299
-82
-394
-261
-165
-356
59
-82
73
413
200
669
566
429
906
505
438
470
52
87
-103
-391
-221
-275
-347
-133
-116
104
270
213
563
668
677
814
708
768
867
586
414
411
36
-101
-300
-715
-624
-801
-1020
-852
-901
-752
-537
-394
-37
159
231
447
558
631
700
545
603
469
293
361
72
27
-35
-376
-213
-298
-472
-235
-411
-222
-52
-260
106
9
-20
301
27
130
200
-201
47
-100
-447
-123
-452
-470
-153
-464
-228
114
-55
327
500
361
821
639
644
855
507
505
425
194
122
-38
-319
-311
-524
-638
-480
-658
-523
-427
-392
11
151
147
456
560
645
786
621
646
689
524
493
305
164
113
-141
-170
-297
-462
-465
-607
-643
-410
-656
-509
-104
-213
191
376
429
893
941
918
1230
1005
955
981
635
564
258
-182
-328
-681
-965
-1058
-1544
-1586
-1540
-1797
-1563
-1400
-1333
-804
-547
-268
244
413
558
958
859
753
818
413
349
43
-432
-592
-828
-1041
-1131
-1254
-1249
-1100
-1118
-808
-669
-599
-195
-175
-54
262
145
341
445
299
496
455
391
589
573
522
745
663
739
781
715
869
748
648
655
479
303
225
-61
-155
-247
-471
-394
-482
-466
-240
-221
-21
207
298
566
644
689
803
628
571
672
332
392
308
-222
106
-281
-548
-170
-847
-713
-460
-1097
-646
-674
-1028
-318
-656
-687
-112
-513
-181
-13
-331
82
-44
-134
281
-34
121
275
-85
313
183
-54
210
-89
-32
223
-68
223
463
322
636
734
669
954
825
850
1043
701
818
875
521
694
717
236
656
454
92
568
113
61
411
-77
58
392
-151
259
332
76
441
215
212
370
137
202
86
-207
-13
-370
-441
-425
-791
-708
-771
-944
-833
-874
-975
-828
-837
-802
-703
-666
-663
-600
-581
-586
-449
-499
-471
-491
-653
-576
-794
-892
-823
-1125
-1013
-947
-1084
-808
-752
-678
-335
-351
-101
128
78
324
374
409
542
467
563
581
441
568
422
374
436
262
282
277
120
230
173
96
290
110
184
206
68
183
122
82
223
226
204
381
328
429
591
451
542
537
413
493
411
255
305
179
71
150
8
26
108
-72
94
44
-74
157
-67
-23
69
-159
54
56
-45
226
80
67
273
23
216
272
48
276
112
98
343
134
258
346
202
432
304
206
344
68
158
196
-33
197
231
106
423
316
292
685
279
455
518
126
313
111
-125
-80
-411
-581
-395
-834
-750
-662
-999
-621
-701
-818
-443
-610
-558
-268
-504
-341
-142
-341
-131
-19
-204
18
-16
-126
56
-126
-133
19
-171
-165
-90
-284
-157
-198
-336
-188
-336
-373
-255
-421
-316
-183
-283
-40
-7
-4
211
122
181
271
136
228
239
146
308
239
294
399
284
360
300
163
178
11
-84
-80
-270
-319
-326
-431
-441
-414
-461
-363
-321
-327
-224
-240
-221
-163
-198
-179
-159
-133
-107
-192
-181
-130
-191
-68
-98
-81
151
137
270
476
491
663
801
709
876
816
742
831
627
604
542
384
365
305
163
200
140
100
196
121
165
191
191
208
193
192
179
229
174
146
228
115
184
192
164
260
211
240
247
238
236
213
185
186
81
54
1
-162
-65
-194
-238
-186
-244
-130
-144
-163
-23
-10
-21
-28
-97
-21
-156
-276
-302
-469
-488
-610
-690
-645
-714
-685
-556
-657
-407
-426
-509
-207
-429
-326
-225
-474
-340
-264
-587
-402
-476
-693
-366
-628
-598
-401
-631
-518
-379
-559
-288
-295
-333
-28
-208
-79
71
-17
130
192
68
311
314
330
620
614
762
940
870
973
1121
953
1041
1021
874
993
789
680
749
538
519
510
289
390
336
151
305
128
73
148
-58
-14
-15
-215
-164
-178
-294
-260
-355
-381
-319
-397
-400
-358
-406
-318
-320
-339
-232
-208
-175
-179
-204
-221
-246
-292
-299
-331
-356
-343
-356
-246
-232
-195
-111
-78
44
131
125
184
313
264
313
324
227
294
214
177
233
122
166
199
151
219
193
153
246
175
163
232
112
209
158
108
155
56
53
68
-52
-106
-19
-292
-179
-186
-349
-119
-272
-208
61
-24
30
236
154
288
237
60
247
84
56
192
-101
-13
63
-256
-78
-245
-448
-230
-544
-580
-368
-588
-562
-383
-574
-463
-374
-561
-392
-391
-462
-407
-440
-403
-361
-329
-281
-277
-195
-168
-164
-109
-103
-74
-21
47
47
136
140
139
242
236
311
315
331
396
401
485
451
451
558
500
526
556
470
449
584
342
368
412
43
297
98
-104
134
-75
-35
171
13
190
301
196
419
355
310
413
217
222
324
88
150
160
-17
199
70
-21
165
26
18
181
-6
14
153
-29
54
24
-123
-9
-70
-149
-36
-218
-171
-23
-177
-69
-49
-48
41
18
65
112
-33
-38
44
-121
-151
-217
-365
-284
-338
-464
-401
-439
-457
-368
-427
-462
-354
-427
-451
-372
-492
-450
-417
-575
-483
-454
-611
-514
-459
-470
-366
-446
-436
-323
-351
-182
-199
-224
26
-2
71
243
136
306
432
237
540
487
330
740
532
604
805
502
659
685
431
574
417
178
390
140
158
257
16
319
185
89
316
17
108
307
-94
77
112
-263
147
-12
-238
99
-203
-214
-60
-474
-373
-346
-646
-458
-634
-746
-545
-725
-632
-482
-629
-336
-259
-364
105
57
32
395
270
336
542
278
372
553
320
541
558
371
694
464
348
478
197
260
214
-27
142
119
-28
168
26
38
170
-110
-54
-23
-294
-225
-284
-471
-211
-299
-391
-181
-321
-291
-128
-291
-204
-75
-189
-24
26
6
194
157
135
257
162
142
160
18
88
97
49
213
215
209
431
384
377
503
325
345
350
115
91
50
-179
-199
-337
-495
-320
-403
-418
-216
-241
-104
24
-72
85
110
-23
-13
-117
-188
-135
-232
-235
-54
-113
-20
51
-106
49
31
-158
-139
-229
-357
-313
-395
-482
-344
-389
-329
-201
-284
-70
9
-31
165
181
253
374
328
413
498
363
367
307
204
180
22
-125
-81
-132
-208
-112
-138
-32
91
51
49
110
49
21
85
19
101
101
66
212
192
199
219
132
124
94
-100
-186
-264
-421
-427
-531
-621
-494
-494
-409
-196
-190
-8
164
180
323
364
387
433
400
386
312
220
175
81
-15
-15
-72
-72
-23
-36
66
143
106
160
201
156
195
145
96
128
95
40
26
23
36
54
3
51
131
161
162
184
206
179
122
-7
-143
-273
-410
-559
-661
-717
-700
-633
-587
-441
-229
-146
-49
40
68
151
93
47
100
77
111
111
78
112
124
120
153
173
239
393
364
333
398
349
333
281
157
146
39
-104
-127
-187
-205
-156
-228
-146
-75
-127
-62
-156
-146
-75
-198
-186
-182
-284
-193
-207
-293
-158
-135
-112
26
0
39
118
47
114
70
60
155
91
171
187
180
264
195
206
239
192
223
235
151
168
134
18
23
-39
-24
-7
-42
28
49
44
75
58
109
151
94
147
181
133
153
55
-10
24
-40
-78
-105
-172
-227
-241
-357
-424
-459
-566
-515
-528
-532
-450
-412
-322
-190
-112
-8
112
148
202
231
201
206
139
85
78
-44
-102
-113
-142
-111
-92
-80
22
93
151
265
240
284
365
298
280
236
134
130
97
52
53
2
8
37
-19
-18
-34
-78
-39
-92
-138
-167
-236
-188
-198
-250
-256
-252
-251
-240
-196
-186
-142
-59
18
97
142
230
256
275
290
183
117
5
-88
-152
-268
-335
-320
-272
-170
-31
63
255
460
559
687
728
779
814
744
684
574
485
426
343
329
293
256
285
245
224
228
140
75
33
-62
-87
-146
-197
-174
-168
-159
-144
-203
-190
-149
-209
-141
-179
-229
-180
-238
-294
-264
-327
-384
-318
-415
-383
-316
-372
-206
-98
-95
74
98
87
165
49
53
40
-51
-11
-63
-138
-140
-150
-147
-97
-124
-68
-24
-36
40
64
42
38
24
-66
-118
-190
-285
-306
-374
-373
-385
-424
-371
-349
-270
-207
-146
-64
-7
42
67
93
68
87
110
67
60
22
-14
-8
-17
-45
-38
1
7
54
91
115
179
214
224
255
238
220
214
143
86
47
-55
-104
-106
-127
-77
-62
-8
102
149
204
294
294
316
336
291
327
357
343
405
407
378
410
333
316
288
178
117
59
-51
-137
-214
-294
-315
-378
-394
-389
-410
-348
-320
-280
-151
-99
-52
24
34
60
95
56
47
50
-20
-61
-105
-155
-129
-122
-143
-118
-168
-174
-187
-248
-246
-301
-285
-205
-198
-143
-80
-44
92
140
161
265
287
352
383
324
333
340
301
283
207
148
132
39
8
-34
-83
-62
-63
-26
22
52
80
121
142
131
152
152
153
192
199
199
213
219
234
236
211
166
106
82
8
-38
-69
-186
-262
-337
-436
-511
-603
-675
-677
-692
-673
-575
-485
-364
-232
-145
-34
57
92
124
97
72
64
20
-9
-45
-78
-142
-177
-200
-241
-252
-281
-228
-159
-133
-39
40
125
192
235
276
301
340
340
368
381
401
433
412
402
379
361
348
324
298
244
222
176
117
90
46
18
12
1
12
70
74
115
179
208
237
230
193
170
176
142
96
34
-44
-91
-142
-189
-251
-287
-328
-369
-343
-361
-373
-348
-345
-294
-285
-288
-227
-180
-136
-102
-87
-80
-50
-84
-121
-143
-166
-152
-150
-132
-111
-88
-103
-85
-88
-115
-95
-112
-135
-126
-133
-97
-46
-32
4
32
40
90
134
121
149
167
158
221
258
247
261
256
216
215
166
84
77
27
18
26
-24
-28
-18
-38
-37
-61
-86
-51
-56
-39
-39
-37
3
55
99
109
110
139
185
202
231
217
209
233
224
211
163
113
101
91
47
47
78
69
95
80
11
-11
-44
-106
-108
-163
-212
-196
-241
-223
-170
-198
-144
-91
-76
-31
-19
4
38
55
56
96
113
105
131
148
131
105
19
-76
-118
-192
-250
-319
-375
-395
-443
-475
-499
-477
-439
-417
-399
-364
-298
-235
-143
-97
-43
11
50
109
151
177
196
212
222
229
206
221
212
199
230
200
200
208
193
183
160
126
111
84
72
92
68
49
57
56
72
110
143
148
144
137
123
100
58
32
-10
-44
-37
-14
-18
-36
-41
-48
-49
-84
-110
-100
-107
-121
-140
-141
-111
-55
-23
5
30
40
72
70
26
9
23
35
22
33
51
52
46
4
-7
-4
-28
-42
-33
3
10
11
40
51
83
83
68
51
31
47
52
47
36
42
29
15
6
-31
-60
-93
-110
-125
-152
-144
-89
-63
-64
-23
-7
1
17
31
81
86
73
91
85
82
81
66
63
62
52
50
43
41
44
44
54
77
68
67
93
116
141
143
139
142
147
150
157
146
117
86
47
-1
-56
-79
-105
-114
-127
-141
-102
-74
-78
-68
-60
-34
-28
-29
13
54
92
109
133
134
145
156
127
80
33
-3
-33
-66
-130
-166
-196
-244
-295
-342
-377
-393
-397
-413
-422
-447
-459
-421
-389
-397
-368
-317
-250
-212
-168
-136
-108
-50
-30
-7
3
-6
-22
-33
-48
-60
-68
-74
-43
-13
11
23
55
95
118
134
165
197
211
243
240
215
217
223
224
197
163
144
135
135
97
68
71
67
62
76
88
78
72
78
78
112
119
149
189
193
223
242
241
267
295
297
296
278
268
262
216
179
142
103
75
34
1
-62
-97
-92
-115
-137
-172
-189
-186
-158
-113
-84
-39
2
36
40
24
28
59
70
65
56
46
51
28
-11
-60
-113
-168
-196
-211
-264
-294
-285
-239
-174
-95
-49
-18
51
112
160
166
156
144
118
68
29
-10
-39
-53
-54
-53
-66
-85
-78
-85
-96
-96
-112
-88
-52
-30
-6
16
28
65
100
94
97
108
118
114
97
90
99
98
99
89
54
13
-39
-66
-100
-144
-186
-198
-194
-173
-148
-169
-184
-172
-172
-161
-164
-166
-156
-142
-123
-95
-53
-17
9
17
15
-30
-42
-49
-79
-95
-124
-135
-93
-62
-24
10
55
104
127
147
122
85
72
49
37
43
48
80
118
128
126
143
150
163
146
95
77
48
17
-1
-17
-18
-31
-44
-17
10
20
23
30
45
62
73
92
130
168
168
155
134
110
72
11
-64
-120
-138
-157
-139
-102
-81
-50
13
45
79
114
93
82
42
-5
-41
-90
-103
-106
-66
-3
61
125
160
191
162
92
8
-80
-136
-190
-220
-235
-210
-154
-86
-11
61
149
188
222
219
181
147
105
69
23
-30
-61
-58
-77
-84
-87
-89
-98
-113
-118
-129
-126
-85
-37
-3
21
45
39
22
8
5
25
-1
5
18
42
66
118
175
202
211
178
119
49
-21
-117
-208
-259
-254
-207
-121
-23
79
176
220
228
214
150
69
-14
-101
-175
-229
-247
-212
-122
-30
52
137
192
193
157
104
31
-37
-92
-136
-140
-152
-142
-102
-55
-22
10
36
41
1
-36
-50
-59
-68
-61
-29
-6
25
20
-1
-44
-93
-160
-234
-282
-287
-254
-226
-176
-97
-22
37
50
55
23
-59
-128
-191
-233
-275
-292
-251
-165
-78
-13
54
86
86
25
-59
-114
-146
-151
-128
-36
71
165
214
250
282
287
249
211
192
150
116
121
125
141
181
256
340
387
453
482
469
459
418
339
262
208
180
151
124
123
87
30
-16
-96
-148
-167
-172
-153
-119
-62
-8
26
45
58
15
-51
-134
-216
-297
-350
-356
-352
-328
-288
-196
-87
33
106
135
118
59
21
-35
-130
-185
-178
-175
-140
-87
-23
74
149
226
254
204
138
59
-35
-125
-213
-265
-258
-224
-187
-132
-72
-18
58
89
95
110
105
112
111
117
142
131
105
83
68
34
14
2
-12
-15
-40
-44
-43
-61
-108
-190
-285
-339
-393
-441
-446
-408
-358
-321
-281
-218
-138
-68
-22
17
44
36
20
1
-24
-32
-17
-1
24
45
89
108
84
89
111
90
74
51
12
-11
-23
1
26
70
140
218
261
294
334
367
368
331
284
228
171
120
72
32
38
62
80
103
139
137
151
164
149
152
77
-2
-38
-106
-174
-214
-242
-228
-214
-179
-125
-95
-60
-36
-39
-57
-84
-121
-130
-136
-148
-140
-119
-73
-5
53
113
204
287
329
359
358
343
301
227
163
122
73
34
19
-5
-7
-9
-33
-57
-78
-98
-133
-157
-216
-258
-278
-286
-256
-221
-164
-118
-71
-33
-8
25
36
30
13
-14
-31
-37
-21
-21
-32
-34
-22
3
30
55
110
157
160
168
157
160
131
97
66
4
-58
-116
-165
-232
-287
-324
-337
-324
-278
-184
-113
-68
-40
-38
-58
-144
-228
-278
-313
-324
-287
-186
-58
81
230
353
437
450
404
324
216
116
11
-67
-77
-60
-44
-24
10
66
63
-2
-49
-115
-161
-173
-176
-131
-71
7
112
206
278
343
376
363
315
244
179
92
12
-5
22
83
143
221
314
390
437
453
450
418
362
283
215
147
77
22
13
31
35
37
29
17
-33
-100
-161
-258
-342
-415
-456
-426
-374
-296
-220
-152
-83
-41
-39
-42
-68
-127
-170
-231
-268
-266
-266
-241
-227
-215
-200
-244
-297
-343
-364
-378
-367
-337
-284
-200
-141
-57
21
35
50
45
33
36
54
126
196
263
299
326
320
270
219
119
24
-71
-131
-152
-141
-71
37
185
304
385
383
335
259
111
-27
-156
-233
-271
-253
-159
-39
112
237
351
413
443
416
352
287
166
61
-41
-120
-170
-197
-179
-147
-105
-87
-68
-65
-90
-116
-137
-131
-127
-104
-36
43
150
278
379
454
501
523
504
404
283
167
31
-113
-225
-279
-313
-330
-326
-303
-279
-249
-230
-223
-175
-93
-2
97
215
337
456
553
614
647
595
473
321
168
28
-93
-175
-253
-270
-257
-229
-221
-248
-279
-325
-357
-403
-394
-345
-259
-142
1
131
225
314
341
302
233
109
-7
-124
-231
-283
-293
-270
-221
-164
-137
-121
-115
-121
-136
-182
-225
-234
-261
-281
-277
-267
-241
-206
-179
-162
-183
-205
-255
-324
-373
-400
-385
-377
-299
-165
-35
81
192
302
353
364
352
318
246
191
163
123
101
120
169
191
221
249
264
274
272
308
309
292
300
306
299
298
320
323
333
320
290
247
188
145
70
-6
-64
-135
-204
-248
-282
-313
-299
-279
-257
-208
-153
-100
-66
-34
-15
-24
-29
-30
-34
-31
-29
-4
0
-7
-3
3
-1
-24
-31
-21
2
54
107
161
207
245
253
255
268
246
237
219
207
188
157
149
139
88
23
-16
-64
-101
-143
-181
-205
-217
-217
-210
-188
-179
-149
-97
-81
-59
-70
-89
-101
-123
-144
-175
-178
-175
-174
-156
-125
-111
-104
-85
-69
-78
-82
-55
-43
-37
-16
2
23
38
39
27
23
31
16
10
-2
-9
-10
-25
-14
0
31
28
25
51
44
23
8
23
66
74
60
59
57
37
16
-13
-59
-107
-152
-161
-170
-181
-154
-106
-48
6
68
102
96
94
89
62
14
-17
-40
-58
-73
-75
-70
-74
-65
-45
-50
-61
-87
-117
-126
-128
-97
-45
-3
41
74
101
125
143
141
124
94
54
21
5
6
12
37
38
38
41
63
112
158
190
214
233
239
246
250
241
224
236
247
212
155
122
87
23
-56
-123
-170
-184
-211
-230
-228
-227
-205
-185
-165
-183
-183
-183
-181
-139
-121
-83
-51
-14
30
52
79
76
55
25
-40
-99
-150
-182
-166
-144
-120
-84
-42
5
46
59
81
118
137
149
164
175
193
224
236
259
312
345
352
330
266
191
89
-15
-117
-216
-278
-302
-290
-270
-251
-208
-132
-76
-28
-17
2
23
35
49
62
101
112
116
111
108
111
82
33
-18
-66
-119
-192
-244
-283
-335
-365
-370
-326
-280
-247
-207
-137
-50
-16
8
46
71
90
100
114
108
104
89
61
34
-1
-34
-85
-134
-142
-111
-98
-91
-45
21
68
125
184
254
313
342
372
392
392
377
370
360
321
273
227
188
155
112
53
15
-10
-39
-83
-106
-118
-149
-158
-163
-170
-172
-178
-179
-165
-143
-146
-158
-157
-157
-146
-144
-165
-181
-206
-223
-208
-189
-181
-168
-140
-93
-42
-5
20
20
29
19
-12
-21
-31
-69
-109
-133
-155
-171
-170
-151
-114
-77
-59
-29
-13
-14
1
3
17
52
86
115
130
150
171
191
186
168
155
138
117
97
78
47
41
39
40
49
50
54
45
37
11
-1
8
16
41
96
128
151
194
236
280
312
334
354
355
313
269
232
185
140
109
64
17
-3
-34
-38
-42
-52
-50
-38
-21
-9
-10
-21
-24
-23
-14
-3
-21
-45
-53
-80
-100
-110
-150
-164
-194
-225
-267
-295
-290
-283
-280
-276
-271
-280
-275
-282
-304
-321
-306
-272
-249
-202
-142
-103
-73
-34
6
35
73
101
127
103
65
60
54
49
40
37
44
40
36
42
37
19
20
18
17
31
59
113
151
169
176
179
171
141
103
66
48
37
17
19
26
24
42
53
75
98
92
76
71
50
49
49
42
45
22
21
10
10
19
-1
-39
-67
-85
-108
-129
-148
-152
-142
-111
-67
-31
14
67
120
169
201
223
241
260
280
258
242
224
210
173
125
64
6
-41
-123
-186
-217
-242
-262
-287
-307
-301
-286
-263
-239
-177
-110
-44
22
84
152
201
232
255
268
269
270
248
201
157
115
90
58
28
-1
-22
-19
-22
-31
-34
-33
-39
-24
-11
1
29
38
43
33
22
27
24
23
31
36
29
17
6
13
-31
-71
-97
-126
-135
-165
-183
-180
-171
-167
-160
-126
-99
-85
-83
-68
-51
-62
-52
-68
-76
-62
-69
-73
-78
-71
-57
-69
-92
-99
-110
-136
-148
-151
-164
-156
-145
-129
-112
-87
-51
-14
16
32
35
55
112
148
174
178
172
165
156
168
195
217
205
207
192
160
119
88
84
43
6
13
28
51
77
92
105
93
89
108
112
124
144
137
124
110
100
65
18
0
-10
-24
-38
-47
-72
-93
-76
-79
-110
-112
-81
-51
-63
-55
-36
-39
-46
-39
-41
-65
-91
-107
-90
-83
-71
-59
-60
-70
-93
-92
-99
-111
-135
-156
-148
-161
-177
-160
-122
-74
-51
-7
52
99
129
156
195
196
195
194
200
189
181
174
155
130
112
100
77
57
40
34
33
19
8
10
19
13
-4
-1
9
15
33
66
109
139
159
161
141
148
149
144
120
110
111
79
9
-57
-109
-157
-174
-205
-230
-244
-234
-210
-216
-220
-192
-163
-155
-139
-117
-102
-97
-97
-90
-96
-84
-77
-83
-96
-117
-119
-130
-155
-173
-177
-166
-165
-136
-92
-82
-68
-37
-15
-27
-36
-24
-18
-24
-26
-31
-27
-28
-29
-9
14
32
46
59
73
94
140
173
185
189
169
167
168
170
197
205
198
210
219
208
187
180
175
160
144
124
99
75
62
42
28
11
-13
-19
-30
-20
-3
-14
-9
-30
-65
-83
-99
-110
-131
-134
-132
-124
-116
-108
-97
-72
-58
-41
-20
-20
-16
-6
8
-2
5
32
54
85
119
134
142
148
154
167
178
208
231
227
210
201
197
170
146
96
73
61
26
19
2
1
-17
-43
-70
-115
-146
-173
-206
-224
-239
-246
-243
-247
-251
-240
-240
-258
-277
-308
-330
-349
-355
-376
-387
-365
-359
-343
-329
-315
-276
-240
-206
-181
-177
-162
-130
-102
-78
-53
-15
46
115
164
209
243
281
302
332
378
397
416
434
476
501
524
548
550
527
472
452
416
356
306
284
256
181
156
133
99
55
32
35
-16
-63
-88
-123
-147
-142
-162
-187
-213
-238
-248
-261
-252
-257
-276
-306
-333
-351
-368
-373
-347
-338
-347
-329
-307
-278
-266
-256
-235
-234
-211
-180
-169
-118
-90
-69
-28
3
46
78
92
134
185
215
252
289
333
329
309
316
309
309
291
263
243
216
210
206
184
167
156
143
129
119
133
115
96
113
111
111
110
126
151
130
109
103
87
71
26
-12
-45
-82
-91
-120
-123
-119
-136
-146
-167
-182
-197
-207
-210
-189
-162
-137
-124
-104
-83
-75
-71
-63
-58
-59
-53
-56
-57
-64
-69
-74
-77
-56
-53
-56
-60
-65
-80
-95
-109
-127
-148
-178
-181
-185
-188
-188
-178
-162
-176
-168
-157
-138
-125
-123
-110
-71
-45
-45
-24
12
51
80
111
118
131
152
157
177
174
167
175
190
178
161
156
178
202
213
228
249
260
239
232
227
221
202
184
157
123
121
128
140
127
124
124
113
108
100
81
50
16
-7
-2
-27
-41
-52
-52
-44
-63
-64
-73
-94
-128
-130
-127
-122
-117
-107
-105
-98
-79
-78
-85
-92
-96
-108
-133
-165
-183
-222
-246
-274
-287
-278
-269
-256
-263
-259
-258
-240
-200
-186
-190
-169
-131
-103
-84
-98
-96
-73
-68
-42
-25
-16
3
17
30
73
84
80
120
160
208
248
281
313
310
312
324
324
335
345
365
390
379
368
367
346
346
321
281
260
218
186
151
100
58
24
7
-11
-32
-21
-14
-23
-30
-28
-24
-40
-51
-55
-57
-66
-71
-98
-135
-160
-172
-147
-165
-162
-146
-159
-158
-169
-170
-171
-175
-185
-197
-193
-192
-205
-205
-197
-187
-170
-157
-126
-117
-112
-94
-99
-94
-93
-106
-104
-100
-95
-80
-69
-68
-74
-57
-35
-23
2
29
60
69
79
75
67
75
75
72
64
85
103
107
121
148
179
202
224
255
268
272
282
268
243
229
207
198
163
133
111
80
68
46
47
49
29
38
23
-1
-5
-24
-24
-25
-28
-33
-61
-102
-144
-172
-190
-174
-173
-191
-183
-176
-167
-164
-151
-115
-77
-65
-57
-43
-57
-52
-40
-38
-20
-14
-4
9
4
6
22
14
13
23
19
17
13
14
22
24
32
38
20
0
-3
15
28
37
33
27
6
-13
-26
-46
-61
-70
-84
-90
-95
-90
-76
-68
-30
-3
19
47
60
84
103
103
120
125
103
78
50
21
9
22
45
46
50
77
104
126
127
148
163
191
209
208
211
174
162
150
144
139
110
78
52
29
12
-9
-41
-66
-93
-121
-135
-143
-159
-170
-194
-236
-258
-242
-244
-248
-251
-250
-225
-208
-190
-178
-164
-189
-227
-228
-229
-239
-226
-201
-179
-149
-124
-111
-71
-33
9
43
73
130
181
241
272
286
327
350
330
315
275
234
226
208
186
163
153
156
189
221
241
269
273
256
213
165
110
52
4
-29
-77
-91
-92
-109
-110
-106
-108
-130
-134
-120
-107
-114
-130
-150
-173
-172
-175
-180
-198
-192
-164
-134
-92
-55
-31
-17
3
19
19
12
16
-4
-39
-44
-56
-64
-78
-75
-65
-65
-69
-63
-43
-34
-14
-6
7
5
-16
-34
-37
-32
-16
-10
6
0
2
10
4
12
17
22
30
41
36
21
-16
-24
-20
-41
-36
-32
-18
-13
12
53
65
76
119
169
181
234
268
283
309
307
308
303
292
291
270
258
248
205
184
176
176
176
132
113
92
64
41
6
-34
-86
-116
-136
-162
-185
-210
-211
-200
-203
-210
-203
-195
-212
-234
-257
-299
-344
-373
-398
-422
-445
-461
-449
-457
-438
-426
-417
-364
-301
-241
-200
-172
-135
-75
-33
9
48
52
66
84
58
50
49
49
61
80
123
156
208
238
276
319
347
354
364
374
377
407
430
466
470
459
445
419
392
387
394
379
381
355
326
296
233
190
142
95
50
-10
-54
-93
-150
-191
-212
-206
-215
-218
-214
-226
-225
-227
-222
-236
-249
-268
-287
-310
-324
-349
-390
-425
-460
-459
-467
-468
-468
-461
-477
-489
-464
-439
-395
-375
-335
-290
-270
-244
-215
-153
-66
-4
54
82
112
152
174
197
231
251
256
296
335
390
440
458
485
497
507
533
565
595
578
549
532
531
532
515
470
415
392
373
335
312
269
228
191
150
121
99
84
52
-17
-91
-165
-228
-262
-297
-330
-366
-406
-437
-459
-477
-504
-520
-528
-557
-565
-551
-532
-518
-503
-476
-416
-354
-292
-218
-137
-77
-35
6
26
66
103
134
175
172
151
138
140
146
119
85
62
53
60
57
67
87
94
86
103
104
114
144
125
96
84
82
80
94
101
85
76
60
61
68
43
29
6
-11
-35
-62
-75
-87
-102
-119
-117
-95
-91
-101
-92
-54
-19
2
12
41
53
65
99
114
121
143
171
198
201
178
161
130
106
93
84
57
17
18
29
32
23
1
0
-3
-5
27
46
39
31
35
28
23
21
14
-7
-33
-39
-35
-32
-35
-48
-60
-38
-31
-38
-32
-35
-36
-35
-23
-14
-14
-15
-14
-2
29
41
58
75
43
35
36
42
29
8
0
-19
-35
-66
-81
-111
-138
-160
-183
-211
-254
-278
-292
-270
-268
-250
-201
-180
-145
-115
-71
-11
33
81
117
135
146
175
200
190
156
156
143
116
107
110
79
41
28
22
30
42
80
97
108
123
99
55
31
-3
-31
-35
-52
-82
-101
-133
-154
-145
-139
-118
-103
-90
-88
-79
-58
-49
-23
4
36
32
53
90
114
138
154
179
190
196
199
203
201
194
195
177
155
138
105
73
18
-33
-99
-131
-173
-191
-173
-191
-192
-187
-178
-169
-140
-115
-76
-56
-75
-86
-99
-97
-106
-108
-91
-85
-70
-40
2
25
67
95
106
133
131
136
131
127
127
122
125
102
81
73
39
-14
-48
-74
-112
-136
-164
-159
-153
-177
-181
-200
-200
-177
-147
-98
-52
2
40
80
95
107
156
204
227
230
238
263
245
208
181
123
62
23
-41
-87
-116
-147
-154
-157
-147
-132
-115
-104
-68
-13
3
15
21
46
61
50
73
69
60
57
54
77
103
102
78
68
79
115
140
123
117
117
132
104
51
34
12
-10
-12
4
9
2
-25
-48
-61
-82
-86
-89
-85
-53
-32
-16
-15
-35
-29
-7
7
5
38
74
120
173
174
206
227
234
262
287
312
328
312
313
331
319
292
241
176
130
76
16
-56
-146
-247
-347
-428
-485
-521
-557
-625
-690
-700
-708
-703
-691
-655
-607
-565
-491
-416
-392
-356
-322
-274
-168
-114
-83
-18
39
96
145
183
222
255
273
281
298
303
294
304
316
323
314
302
281
242
222
199
195
183
144
116
122
156
170
188
223
276
307
317
354
397
424
442
471
495
478
454
390
308
225
119
14
-82
-176
-312
-431
-529
-621
-680
-721
-754
-782
-809
-850
-856
-842
-811
-782
-749
-679
-605
-560
-503
-417
-340
-257
-188
-111
-13
100
213
317
424
491
554
601
624
627
621
590
537
495
449
404
372
373
354
308
292
272
239
212
219
223
234
230
223
245
225
200
163
155
142
70
33
13
-26
-31
-15
-14
-18
1
11
29
51
66
116
162
162
143
132
142
123
111
107
75
29
-24
-47
-69
-122
-175
-223
-262
-274
-279
-281
-267
-248
-202
-150
-120
-84
-86
-71
-54
-77
-74
-61
-58
-70
-71
-81
-78
-62
-55
-62
-54
-34
-35
-16
-7
10
17
13
-21
-39
-66
-110
-118
-139
-160
-208
-270
-299
-294
-308
-284
-267
-257
-238
-197
-137
-102
-83
-21
32
38
54
78
123
172
207
240
238
228
236
212
176
168
185
197
218
218
215
194
172
132
72
42
2
-46
-64
-82
-131
-153
-197
-247
-284
-320
-353
-395
-404
-398
-416
-420
-412
-389
-352
-347
-313
-288
-260
-189
-125
-66
-12
14
50
90
146
221
261
305
329
344
335
324
329
347
338
338
344
316
315
295
275
262
238
211
192
167
165
177
172
165
135
106
109
109
119
136
134
130
102
64
61
59
40
