SAMPLES:	17768
BITSPERSAMPLE:	16
CHANNELS:	1
SAMPLERATE:	16000
NORMALIZED:	FALSE
206
175
147
116
63
-2
-57
-102
-134
-182
-211
-204
-198
-189
-162
-127
-82
-38
-2
9
1
-2
27
38
33
33
10
-31
-64
-83
-102
-128
-162
-165
-179
-168
-137
-102
-44
-5
23
69
134
201
248
305
360
399
436
446
431
407
397
355
283
202
75
-58
-164
-224
-252
-258
-245
-242
-255
-262
-249
-234
-196
-166
-120
-47
-13
30
53
58
56
15
-47
-81
-98
-114
-141
-158
-154
-154
-156
-138
-106
-93
-66
-8
64
105
152
210
252
261
254
264
269
265
257
221
182
121
73
17
-66
-131
-187
-192
-194
-207
-208
-203
-170
-128
-71
-7
44
103
166
200
231
243
249
233
206
187
150
93
36
-20
-67
-97
-123
-155
-164
-123
-81
-41
-16
24
63
59
61
82
100
94
81
63
29
0
-27
-84
-153
-182
-201
-230
-277
-313
-326
-310
-289
-271
-235
-190
-121
-56
8
65
96
130
172
206
233
242
237
206
166
125
81
45
13
5
-18
-72
-110
-134
-132
-137
-151
-150
-147
-150
-158
-149
-109
-79
-46
-27
-13
20
39
23
38
40
33
35
37
66
49
27
25
-17
-61
-81
-81
-63
-65
-48
-13
-1
16
72
107
116
126
123
133
127
122
122
93
47
13
-10
-53
-106
-145
-143
-140
-140
-106
-87
-76
-40
11
48
71
79
100
154
182
177
179
200
195
134
83
80
69
46
50
85
103
107
121
134
149
168
170
186
187
184
189
176
164
123
88
93
82
51
10
-18
-50
-116
-189
-231
-251
-256
-248
-258
-260
-271
-264
-255
-259
-249
-228
-203
-156
-91
-32
16
34
27
-3
-30
-16
-13
-8
13
13
24
11
1
-12
-39
-53
-68
-69
-36
-17
-18
-39
-67
-80
-90
-100
-87
-75
-40
-19
-12
-1
-3
7
-33
-56
-47
-26
-6
6
44
84
122
162
206
245
299
354
373
356
362
388
367
327
296
277
238
170
79
-23
-107
-164
-211
-258
-300
-320
-297
-288
-287
-259
-245
-220
-181
-144
-108
-89
-61
-68
-84
-76
-64
-82
-101
-90
-63
-63
-78
-54
-48
-46
-1
48
67
74
71
82
95
125
133
111
97
110
144
144
125
108
101
73
25
-11
-25
-45
-91
-101
-117
-121
-99
-88
-86
-80
-32
34
78
114
175
239
279
281
263
212
168
125
95
66
33
-8
-50
-79
-140
-176
-204
-222
-238
-249
-244
-241
-230
-228
-214
-214
-207
-194
-185
-151
-93
-53
-57
-25
21
37
37
44
52
91
114
98
109
120
139
149
176
228
249
259
291
323
328
331
342
360
339
294
258
199
100
-2
-94
-181
-267
-334
-389
-422
-452
-457
-431
-386
-328
-253
-194
-132
-3
100
180
200
247
301
318
334
349
384
395
386
382
379
351
323
283
215
147
74
16
-37
-82
-106
-116
-115
-128
-134
-144
-146
-137
-116
-84
-57
-62
-67
-74
-111
-160
-171
-164
-184
-212
-206
-183
-167
-160
-140
-125
-131
-126
-99
-89
-94
-72
-48
-33
-34
-24
4
1
-15
-55
-108
-127
-153
-167
-168
-172
-157
-136
-125
-83
-48
-44
-34
-23
-9
-31
-50
-52
-72
-125
-120
-125
-128
-129
-123
-79
-82
-70
-65
-56
-12
25
54
101
145
173
187
182
209
195
214
207
154
158
135
116
84
31
-11
-62
-113
-122
-108
-99
-86
-51
-8
32
66
130
218
302
352
412
450
463
482
466
474
466
444
430
388
334
288
247
181
108
58
22
-18
-53
-78
-100
-111
-131
-139
-132
-122
-98
-93
-110
-113
-109
-79
-53
-51
-61
-83
-114
-146
-155
-172
-209
-256
-305
-335
-380
-406
-414
-437
-442
-436
-411
-373
-323
-284
-242
-196
-160
-130
-106
-83
-55
-33
-42
-42
-18
7
13
46
96
147
188
237
300
347
388
445
496
479
437
383
307
224
147
70
-12
-83
-132
-173
-188
-199
-206
-227
-237
-225
-187
-127
-70
-6
14
7
-10
-9
21
42
44
36
33
4
-37
-74
-90
-116
-130
-163
-196
-183
-152
-124
-93
-31
23
117
211
259
301
353
395
416
433
410
411
398
361
320
260
214
142
67
-21
-88
-152
-230
-294
-339
-379
-415
-417
-380
-337
-303
-249
-168
-86
-9
92
208
276
294
322
335
323
302
266
224
157
71
-43
-176
-292
-397
-483
-543
-566
-564
-554
-508
-439
-331
-227
-114
7
111
227
332
418
473
513
530
497
423
356
288
209
138
74
3
-79
-156
-213
-265
-324
-351
-368
-370
-359
-328
-297
-256
-172
-88
-19
31
86
133
153
163
189
184
142
94
47
15
-49
-110
-144
-186
-206
-221
-209
-185
-189
-172
-129
-64
-27
-15
-8
27
70
102
134
138
121
104
105
114
147
173
180
230
298
360
405
478
546
600
649
678
700
689
656
592
540
475
383
296
209
111
18
-74
-187
-273
-334
-390
-435
-458
-492
-526
-561
-561
-533
-499
-443
-403
-371
-338
-314
-305
-283
-280
-283
-317
-378
-408
-440
-480
-508
-531
-537
-534
-484
-419
-335
-229
-79
92
226
352
454
572
660
709
761
760
700
620
513
391
264
132
15
-111
-244
-354
-426
-496
-549
-568
-573
-524
-466
-388
-292
-204
-103
-32
18
61
116
137
102
64
29
-19
-115
-190
-243
-285
-330
-377
-401
-435
-433
-406
-357
-252
-129
-21
80
187
323
457
585
686
768
828
867
889
864
796
692
597
476
388
352
317
257
217
215
244
286
327
383
417
456
493
519
521
511
491
470
435
348
254
155
48
-34
-158
-264
-347
-457
-538
-604
-613
-582
-540
-487
-421
-356
-288
-184
-78
5
63
114
125
114
103
63
-25
-152
-277
-435
-591
-719
-825
-902
-962
-968
-944
-917
-827
-689
-533
-339
-128
82
266
420
559
657
728
781
784
744
680
589
471
316
159
-3
-154
-262
-352
-445
-509
-527
-516
-493
-450
-390
-323
-215
-92
10
114
231
302
375
397
380
362
319
280
201
119
30
-74
-187
-268
-304
-316
-296
-272
-201
-105
2
111
219
329
392
427
459
470
459
443
392
329
238
164
96
-4
-92
-156
-167
-217
-245
-232
-189
-146
-116
-35
26
56
81
119
158
160
178
182
149
82
6
-55
-107
-132
-169
-184
-217
-248
-257
-263
-258
-257
-246
-234
-205
-146
-104
-82
-28
36
79
107
141
150
134
98
74
47
-22
-82
-135
-182
-208
-208
-179
-134
-60
49
167
296
394
472
561
643
723
758
764
744
715
642
542
459
350
228
97
-40
-152
-249
-330
-397
-482
-565
-612
-623
-601
-519
-424
-321
-237
-189
-105
-13
56
75
73
48
19
-32
-98
-169
-275
-380
-476
-559
-646
-693
-697
-685
-633
-549
-459
-329
-188
-43
128
266
384
470
523
549
558
555
535
513
448
377
290
211
151
93
53
49
60
66
109
186
271
324
371
421
446
456
472
485
464
408
347
282
196
100
-2
-97
-185
-285
-347
-406
-456
-476
-485
-441
-377
-304
-223
-149
-65
18
107
196
242
228
190
146
76
-18
-114
-195
-246
-327
-435
-515
-548
-542
-526
-478
-409
-323
-225
-131
-4
111
206
303
371
406
394
399
401
347
267
193
149
80
-16
-71
-99
-138
-189
-243
-287
-314
-324
-311
-261
-197
-109
-7
86
153
217
283
340
376
364
346
292
208
118
-1
-92
-178
-288
-364
-432
-478
-492
-485
-438
-385
-301
-202
-93
36
150
255
321
378
427
416
402
372
328
265
213
170
86
28
-24
-74
-93
-110
-153
-157
-157
-152
-109
-41
17
53
102
153
198
225
241
254
273
270
229
185
124
57
18
-28
-66
-94
-141
-175
-190
-182
-150
-100
-54
-1
78
155
233
311
369
392
371
335
289
229
161
73
-14
-91
-177
-253
-308
-330
-368
-408
-428
-424
-351
-279
-217
-139
-30
62
131
216
280
308
288
255
219
184
146
97
38
-67
-184
-272
-362
-464
-556
-609
-643
-644
-607
-537
-448
-335
-203
-92
-18
34
107
187
266
299
281
248
196
104
29
-47
-101
-152
-210
-253
-280
-282
-285
-257
-230
-187
-133
-67
0
87
170
243
298
326
334
315
301
287
316
314
286
271
248
249
240
233
213
183
165
152
145
148
162
176
189
197
217
246
253
249
248
247
243
203
135
54
-19
-74
-130
-189
-255
-313
-334
-340
-347
-316
-288
-264
-235
-225
-168
-115
-81
-44
-20
-21
1
22
12
8
-29
-42
-60
-71
-47
-48
-56
-62
-33
8
32
73
97
116
119
129
150
150
145
126
82
54
13
-39
-72
-118
-164
-229
-278
-317
-379
-403
-399
-389
-387
-366
-303
-235
-156
-49
40
102
168
220
249
254
290
323
283
213
162
109
35
-40
-94
-129
-149
-178
-190
-204
-205
-163
-115
-50
17
96
151
204
281
374
462
525
588
597
561
510
486
458
415
355
271
214
114
36
-27
-87
-136
-192
-232
-286
-310
-335
-358
-359
-364
-382
-380
-371
-341
-320
-328
-313
-303
-299
-274
-219
-162
-169
-201
-225
-245
-238
-214
-152
-123
-110
-87
-66
-57
-39
-25
-31
-29
-36
-13
-8
2
22
55
87
115
162
179
211
246
278
302
320
362
384
375
386
406
401
365
318
286
249
185
141
110
49
-18
-58
-70
-79
-90
-90
-81
-64
-48
-50
-32
-11
24
36
53
78
97
137
141
142
137
120
98
73
86
67
30
10
-28
-66
-119
-139
-175
-216
-245
-296
-356
-406
-440
-458
-436
-424
-394
-361
-322
-278
-249
-216
-164
-113
-85
-70
-57
-57
-65
-77
-89
-114
-143
-175
-216
-230
-256
-272
-310
-363
-364
-332
-297
-264
-195
-126
-32
72
176
283
349
428
500
585
618
641
662
605
565
529
499
460
392
327
261
227
236
212
183
164
148
144
177
221
266
305
336
371
381
412
447
491
523
522
511
467
442
414
372
312
226
154
101
31
-42
-102
-150
-205
-264
-319
-375
-413
-440
-446
-447
-453
-438
-430
-438
-437
-403
-378
-378
-371
-355
-345
-331
-324
-320
-324
-355
-378
-406
-402
-403
-403
-401
-413
-411
-404
-399
-398
-403
-374
-370
-361
-303
-252
-221
-209
-163
-109
-61
-30
11
37
68
114
160
214
256
296
317
326
336
346
377
386
366
318
247
229
228
225
230
189
165
143
121
134
152
171
178
179
206
233
279
336
354
381
407
419
432
430
424
388
331
264
195
151
89
15
-44
-116
-198
-254
-264
-288
-322
-337
-344
-345
-327
-292
-267
-234
-216
-203
-175
-149
-114
-75
-61
-54
-31
-22
-17
-28
-51
-46
-72
-96
-112
-114
-100
-113
-102
-92
-70
-36
24
89
156
246
307
365
395
416
439
407
387
376
359
323
293
251
196
134
71
10
-55
-106
-164
-193
-219
-249
-244
-220
-201
-192
-176
-162
-121
-93
-69
-40
-27
-21
-6
31
55
59
61
66
59
47
34
33
9
-37
-97
-155
-203
-218
-218
-238
-259
-307
-356
-377
-368
-348
-334
-308
-299
-307
-308
-266
-196
-144
-104
-66
-35
6
46
72
107
143
170
191
186
179
186
183
165
136
113
79
39
3
-27
-41
-33
-27
-4
-20
-51
-29
-8
29
73
112
163
192
215
250
270
284
320
342
336
341
309
289
273
235
196
154
157
136
100
88
76
66
69
72
68
66
51
46
46
52
84
100
82
59
29
4
-17
-42
-67
-87
-94
-118
-165
-214
-259
-304
-336
-371
-403
-400
-402
-390
-377
-359
-309
-259
-206
-145
-98
-51
-20
23
81
93
112
137
160
157
134
97
73
64
74
73
72
52
9
1
-20
-34
-26
-6
-23
-55
-89
-93
-57
-15
46
86
122
145
167
190
215
255
297
312
305
303
269
219
170
126
92
60
55
44
-17
-69
-99
-123
-141
-147
-176
-200
-197
-183
-177
-176
-181
-191
-177
-180
-165
-141
-100
-54
-33
-16
-44
-55
-18
27
57
82
102
114
100
52
30
28
13
-15
-42
-76
-114
-146
-154
-154
-153
-153
-139
-110
-98
-73
-37
-20
-25
-8
35
33
37
47
43
47
35
36
17
-23
-56
-75
-76
-76
-79
-96
-106
-90
-65
-45
-30
-18
2
12
4
23
63
110
159
175
190
218
210
215
248
273
263
240
211
192
164
128
91
36
-5
-39
-73
-89
-101
-118
-136
-164
-183
-178
-131
-106
-106
-93
-69
-20
-12
-11
14
22
-3
-8
-3
-7
-10
-37
-60
-107
-153
-169
-177
-200
-224
-243
-259
-261
-238
-185
-159
-137
-111
-92
-73
-36
13
73
126
139
141
145
155
155
181
205
209
223
234
219
205
211
222
226
206
204
213
220
202
185
188
185
201
183
166
141
157
167
141
135
104
96
56
45
56
57
70
72
72
32
1
-12
-19
-31
-63
-96
-133
-155
-193
-240
-240
-229
-219
-215
-241
-255
-223
-219
-216
-208
-185
-153
-141
-142
-142
-128
-141
-140
-126
-101
-82
-70
-72
-80
-81
-90
-100
-96
-113
-139
-158
-170
-187
-193
-163
-166
-183
-187
-185
-181
-153
-120
-83
-47
-29
-2
18
39
79
106
125
147
187
208
216
218
202
201
202
190
178
190
197
186
155
146
148
152
183
189
168
140
127
133
122
124
142
114
83
65
77
84
97
111
111
109
72
25
-17
-42
-90
-109
-116
-135
-138
-169
-190
-199
-198
-170
-141
-110
-74
-41
-38
-49
-38
-2
1
13
19
8
14
11
14
17
4
-8
-21
-53
-59
-48
-46
-68
-83
-61
-48
-39
-36
-52
-49
-44
-30
-13
-5
-7
-35
-46
-66
-97
-94
-79
-63
-64
-60
-32
-25
-8
47
80
76
111
128
114
109
99
100
40
-3
-6
-15
-13
-21
-5
7
-11
8
29
20
37
54
51
60
73
78
82
64
75
85
63
35
7
-1
3
-3
-35
-43
-46
-35
-13
-4
3
20
37
3
37
88
92
83
71
58
42
39
41
48
58
43
6
3
-14
-16
-37
-61
-38
-11
-10
-1
2
20
25
28
76
57
32
57
52
50
74
92
100
54
50
59
57
80
47
27
49
34
33
37
41
63
28
11
15
12
-24
-83
-121
-139
-178
-201
-186
-205
-175
-202
-246
-236
-247
-215
-190
-177
-139
-134
-155
-152
-137
-133
-118
-92
-76
-66
-38
-15
5
24
41
91
104
76
105
105
79
110
118
88
89
92
35
-14
14
-6
-38
-42
-36
12
-3
-22
26
33
56
91
63
89
99
84
93
99
150
157
108
106
106
87
83
83
90
52
49
79
-2
-14
13
-21
-22
-30
-19
-49
-97
-59
-62
-63
-7
-4
-10
-33
-54
-22
-39
-58
-33
-66
-88
-79
-75
-17
14
7
57
92
91
90
98
130
148
145
127
141
148
118
120
114
110
103
56
34
33
14
-41
-76
-91
-98
-86
-94
-94
-66
-39
-31
-19
-18
-43
-35
-28
-18
-8
-36
0
3
-50
-47
-27
1
-52
-97
9
9
-14
38
38
51
67
76
66
60
118
122
75
109
107
30
-10
-58
-82
-114
-170
-133
-164
-190
-169
-199
-190
-176
-168
-162
-144
-107
-97
-104
-58
-52
-41
19
10
5
21
17
-8
21
4
12
-15
5
-7
-93
-63
-89
-102
-145
-95
-120
-139
-89
-104
-145
-73
-105
-111
-58
-25
58
-11
86
145
134
107
170
175
100
138
196
165
134
338
157
120
276
181
124
101
192
146
40
167
258
31
131
211
32
24
119
171
21
79
157
27
55
130
62
55
103
83
23
-17
50
54
-31
0
32
-2
-56
-54
-17
-34
-12
1
-29
-3
-23
-60
-6
-56
-85
-58
-94
-121
-125
-111
-111
-102
-109
-96
-96
-127
-106
-106
-152
-123
-87
-151
-148
-101
-160
-168
-132
-144
-147
-120
-119
-183
-156
-81
-114
-134
-63
-46
-89
-94
-25
21
-31
10
61
28
64
67
59
100
96
89
53
66
92
59
59
61
34
-25
-57
-53
-32
-8
27
24
13
36
29
54
85
88
91
125
138
119
121
135
128
96
81
66
53
27
18
12
17
40
32
2
3
-11
-51
-97
-64
-14
-48
-57
-57
-75
-77
-64
-68
-56
-27
-14
-28
-35
14
39
33
32
42
24
-10
-14
13
8
-10
-10
-17
-41
-88
-50
-29
-50
-40
-8
-30
-67
-48
-56
-63
-28
-9
-23
10
25
-16
-14
30
27
1
-28
-2
11
-2
22
31
42
32
25
-36
-44
-4
-24
-38
-18
9
-41
-58
-34
-27
-21
-41
-1
24
12
39
80
119
137
132
173
183
164
178
181
217
184
145
156
124
85
81
70
68
65
20
38
74
70
60
39
42
65
61
20
-2
12
-13
-27
-49
-83
-103
-141
-155
-125
-99
-134
-154
-151
-140
-161
-169
-130
-90
-69
-76
-72
-82
-103
-124
-109
-87
-117
-142
-129
-112
-121
-79
-15
2
-14
-6
44
56
54
28
39
21
39
47
22
27
13
20
-38
-28
16
-12
-24
-40
-20
-21
-22
-40
-35
-45
-91
-91
-70
-42
-60
-62
-99
-109
-102
-73
-27
-5
-13
-40
-47
-27
-13
2
9
37
47
47
21
42
89
63
85
82
84
79
113
149
152
146
150
147
157
159
167
204
208
235
214
224
247
219
186
164
142
130
79
48
25
-51
-67
-151
-154
-192
-220
-208
-246
-207
-255
-225
-226
-188
-158
-182
-148
-171
-177
-172
-196
-158
-198
-159
-170
-173
-132
-131
-69
-87
-4
-44
55
80
79
106
96
190
170
253
252
294
292
270
296
255
292
255
237
248
217
244
145
122
98
32
26
-49
-21
-67
-68
-83
-56
-27
-5
-15
-29
-25
-81
-68
-92
-61
-89
-97
-100
-141
-123
-154
-138
-131
-124
-108
-102
-28
-10
28
86
123
123
86
98
86
68
62
55
24
12
-34
-49
-103
-116
-89
-189
-169
-221
-188
-180
-234
-154
-146
-120
-129
-89
-67
-83
-13
11
17
57
55
86
105
71
93
52
70
59
27
45
-7
-12
-28
11
34
31
59
105
124
153
152
202
174
156
155
137
161
113
117
34
-24
-28
-76
-78
-65
-57
-78
-111
-133
-144
-160
-161
-170
-173
-127
-144
-146
-108
-69
-56
-75
-47
-54
-73
-90
-83
-90
-79
-40
-68
-54
-59
-38
-11
3
69
104
133
164
192
218
252
287
326
318
357
356
363
332
279
283
216
194
165
140
104
46
40
-12
-27
47
-39
-17
-33
-60
-30
-66
-43
-50
-82
-68
-60
-85
-97
-121
-105
-152
-139
-151
-155
-136
-192
-166
-212
-241
-278
-264
-321
-246
-333
-229
-350
-219
-223
-422
148
-325
142
-229
65
139
-76
355
-86
332
73
203
78
47
127
5
-1
44
46
80
131
65
174
156
231
218
221
231
218
174
215
143
166
166
34
73
-55
-54
-9
-99
-23
-114
-73
-77
-105
-36
-58
-17
-30
8
-24
5
-12
8
-1
-14
15
-25
-13
0
-39
-6
-42
-56
-76
-112
-84
-140
-76
-119
-75
-116
-79
-15
-58
-54
-29
18
18
21
-46
-10
-21
2
-5
39
37
48
71
59
127
121
158
163
157
202
173
163
187
133
162
117
53
7
6
-3
-64
-100
-108
-165
-160
-132
-204
-129
-152
-122
-121
-169
-111
-135
-107
-126
-61
-4
-35
28
31
31
24
102
149
170
210
194
162
122
111
72
53
4
3
-89
-92
-44
-132
-79
-66
-84
-41
-28
-26
-34
-9
30
42
55
-15
7
2
-36
-5
-7
-99
-87
-90
-136
-99
-106
-42
-70
-46
-17
-47
7
-3
53
47
66
152
95
153
172
195
249
196
226
199
170
122
65
78
6
11
-58
-95
-100
-42
-82
-55
-37
2
42
60
135
104
193
190
203
159
149
126
77
14
-37
-109
-197
-205
-292
-274
-300
-293
-282
-267
-184
-211
-142
-145
-113
-90
-110
-71
-88
-115
-140
-188
-200
-188
-196
-211
-231
-259
-303
-313
-309
-291
-245
-188
-145
-49
-5
54
175
186
240
311
361
416
426
454
440
429
437
389
332
304
299
246
188
183
141
105
88
59
60
48
28
10
-26
-94
-138
-146
-133
-169
-167
-154
-199
-163
-160
-126
-63
43
66
98
163
141
163
125
127
106
29
-28
-88
-122
-166
-200
-240
-272
-273
-224
-124
-29
65
163
219
301
340
347
346
317
290
177
97
-27
-125
-206
-320
-361
-368
-362
-327
-246
-223
-168
-108
-41
26
77
144
172
189
145
111
60
11
-24
-79
-123
-177
-233
-280
-333
-338
-337
-357
-311
-328
-298
-208
-156
-96
-61
-28
40
110
157
266
291
322
377
360
375
374
376
382
389
354
287
265
246
189
163
130
104
56
-57
-101
-160
-244
-238
-231
-235
-237
-217
-142
-94
-76
-30
3
-7
31
43
14
-12
-34
-88
-134
-160
-173
-202
-220
-225
-235
-262
-258
-220
-196
-128
-8
136
213
286
350
376
336
377
425
366
392
255
132
23
-95
-74
-161
-191
-172
-308
-336
-246
-277
-258
-199
-97
-22
18
103
109
173
223
237
253
150
141
161
182
361
365
264
170
74
42
-35
119
203
202
60
-241
-286
-337
-327
-274
-305
-127
57
65
3
-45
-114
-235
-256
-105
90
168
92
-91
-166
-150
-128
-107
-45
95
194
280
319
234
101
37
149
234
267
269
165
8
-242
-497
-563
-512
-461
-397
-311
-212
-187
-243
-302
-264
-211
-170
-105
-73
-97
-203
-346
-413
-344
-257
-149
3
143
259
282
292
308
298
267
241
298
322
288
209
119
90
27
1
6
7
25
20
18
38
74
84
80
72
118
168
94
-16
-88
-114
-110
-105
-52
-20
9
41
21
62
138
210
274
327
372
359
314
249
223
211
143
107
87
89
86
34
-27
-107
-114
-110
-75
-52
-42
-35
-74
-129
-212
-290
-321
-274
-204
-157
-140
-105
-73
-35
14
74
188
268
291
289
205
90
-20
-100
-108
-55
39
139
209
221
186
114
43
46
63
106
115
51
-66
-202
-309
-394
-429
-408
-328
-228
-193
-215
-222
-263
-305
-256
-192
-114
14
29
-3
-96
-192
-256
-316
-290
-203
-72
10
86
160
213
287
342
390
452
531
554
474
345
174
40
-70
-85
-17
47
86
45
-22
-83
-75
-45
-23
30
51
17
-43
-111
-129
-149
-149
-94
-24
62
84
78
81
82
77
90
128
195
212
190
134
10
-94
-161
-169
-125
-90
-78
-91
-103
-133
-163
-174
-179
-159
-156
-198
-276
-372
-464
-501
-485
-453
-408
-381
-334
-292
-270
-218
-161
-67
41
142
266
328
351
377
413
434
421
444
445
431
438
457
456
425
399
360
345
351
380
382
307
199
82
-36
-142
-155
-108
-51
0
67
111
144
171
160
144
143
119
95
34
-25
-67
-157
-181
-168
-167
-194
-217
-169
-126
-132
-114
-82
-42
-44
-71
-83
-67
-89
-205
-328
-368
-356
-334
-303
-249
-187
-155
-160
-146
-79
-15
31
48
44
21
-21
-80
-132
-147
-157
-161
-141
-137
-137
-100
-23
17
14
55
74
108
139
111
84
30
-35
-74
-106
-98
-91
-100
-112
-110
-71
-34
3
58
131
200
227
234
240
211
152
58
-9
0
9
-19
-20
-22
-1
11
6
25
29
44
69
97
126
135
109
105
124
155
211
260
263
248
244
234
228
213
208
203
226
184
90
-21
-139
-178
-185
-198
-219
-243
-286
-344
-372
-344
-258
-164
-112
-75
-70
-75
-131
-178
-184
-159
-110
-110
-108
-94
-80
-51
6
62
145
204
240
255
271
303
299
258
198
180
138
101
62
17
-32
-90
-102
-102
-89
-53
-13
24
37
54
78
75
84
68
45
46
81
83
44
34
16
26
45
63
69
69
85
109
111
58
-11
-66
-49
-47
-41
-38
-60
-86
-122
-162
-209
-234
-259
-254
-258
-274
-279
-304
-341
-327
-293
-270
-235
-211
-203
-183
-178
-134
-77
-26
38
59
54
68
84
73
47
14
17
13
62
129
148
160
148
170
183
201
223
252
214
168
150
115
82
51
70
91
109
104
98
80
85
103
105
112
120
146
143
135
141
151
170
166
156
172
188
195
187
122
42
-4
-7
-23
-65
-36
-7
-24
-67
-123
-140
-162
-184
-188
-190
-212
-232
-258
-291
-291
-272
-260
-220
-199
-203
-163
-127
-95
-107
-112
-88
-76
-66
-40
18
33
21
20
7
5
-8
-1
-3
5
7
-6
-6
-25
-42
-31
-2
35
51
30
15
10
10
33
27
8
-13
-34
-26
-45
-77
-136
-152
-139
-113
-63
-24
-15
11
58
90
121
137
201
223
225
227
235
216
170
145
145
157
128
95
63
40
-4
-12
5
7
20
19
7
-17
-33
-87
-152
-191
-209
-212
-232
-232
-229
-237
-237
-200
-138
-98
-62
6
83
107
102
119
134
120
133
166
187
184
187
199
197
215
219
250
266
264
265
234
212
201
201
204
222
262
287
252
208
166
145
129
100
50
30
30
-6
-31
-46
-48
-99
-128
-120
-132
-144
-177
-190
-204
-215
-232
-244
-256
-281
-315
-350
-384
-382
-395
-430
-436
-434
-431
-439
-416
-369
-344
-327
-302
-258
-217
-191
-118
-47
-6
12
-7
-17
-5
22
38
49
55
60
61
66
73
114
157
181
207
213
246
255
243
219
216
201
205
217
213
175
118
105
79
74
49
33
15
-19
-49
-105
-135
-163
-199
-222
-209
-193
-187
-160
-146
-112
-78
-48
12
68
125
173
225
284
309
320
333
348
376
389
367
354
350
330
298
288
274
228
201
179
180
193
188
165
129
106
112
105
101
111
115
101
75
59
46
32
-6
-42
-67
-84
-119
-155
-169
-149
-145
-154
-148
-177
-190
-177
-178
-184
-176
-184
-191
-186
-193
-217
-260
-259
-255
-268
-272
-260
-241
-242
-240
-238
-188
-142
-112
-79
-27
10
29
25
17
33
58
74
74
68
48
31
5
16
4
-5
-15
-31
-31
-61
-67
-73
-43
-39
-64
-87
-119
-135
-166
-198
-227
-241
-245
-246
-248
-243
-223
-209
-210
-191
-157
-127
-115
-88
-63
-42
-28
-11
29
54
75
110
164
223
281
310
344
395
468
516
557
593
598
589
563
547
525
480
440
407
352
289
226
221
176
105
71
25
23
36
56
77
82
77
94
103
98
74
36
8
-45
-76
-123
-174
-230
-290
-326
-371
-402
-416
-430
-446
-448
-410
-354
-293
-232
-197
-149
-109
-81
-85
-120
-127
-127
-127
-120
-130
-129
-117
-99
-54
-17
13
52
92
121
147
168
191
183
192
211
234
247
229
226
210
201
197
219
248
223
199
172
134
121
112
55
15
-21
-52
-62
-91
-130
-148
-164
-176
-191
-242
-257
-268
-270
-276
-282
-260
-256
-248
-242
-241
-214
-198
-192
-207
-220
-180
-168
-143
-116
-90
-79
-86
-75
-47
-32
-48
-53
-47
-23
-9
-15
-23
-29
-21
-1
3
10
25
30
51
80
118
126
131
151
159
156
173
170
193
214
241
294
305
327
335
332
315
295
289
268
230
209
169
151
117
67
35
-11
-17
-20
-51
-74
-107
-119
-85
-54
-24
-4
31
78
99
113
115
128
128
103
116
123
101
52
-2
-23
-37
-19
4
-3
-17
-60
-83
-49
-32
-22
7
25
49
78
74
65
71
55
45
42
31
5
-33
-51
-97
-125
-140
-200
-204
-196
-180
-144
-124
-136
-172
-184
-157
-129
-160
-197
-214
-245
-275
-290
-288
-292
-285
-277
-265
-243
-248
-220
-187
-133
-93
-69
-32
-42
-87
-124
-135
-140
-136
-194
-223
-247
-303
-230
-198
-145
-58
-16
100
192
274
377
401
447
512
527
568
566
518
452
377
318
232
140
69
18
-5
-56
-124
-179
-260
-289
-273
-302
-244
-215
-235
-180
-194
-134
-86
-126
-86
-91
-85
-32
-45
-44
-41
-91
-15
57
53
137
170
208
303
297
314
407
389
458
491
437
534
467
386
367
283
294
262
173
171
122
67
62
12
27
29
-6
-1
1
9
11
1
20
36
43
40
-31
-46
-82
-111
-129
-196
-167
-216
-248
-185
-243
-204
-228
-285
-231
-316
-275
-261
-312
-307
-328
-362
-299
-348
-357
-317
-405
-282
-329
-313
-259
-304
-225
-212
-167
-72
-30
-1
59
104
172
233
260
314
304
363
346
312
382
277
301
297
259
313
290
209
215
153
113
151
2
26
-21
-90
-28
-184
-174
-242
-342
-307
-405
-363
-370
-374
-385
-335
-324
-221
-138
-147
20
14
167
218
261
379
324
404
407
413
509
429
437
407
318
338
272
198
169
124
-27
24
-122
-164
-94
-308
-154
-267
-325
-253
-419
-348
-373
-352
-319
-310
-280
-232
-146
-157
-113
-128
-48
-58
-2
23
-17
135
-1
111
152
59
173
93
83
204
124
92
170
26
163
158
72
194
101
119
177
119
128
162
111
187
108
77
118
47
126
51
99
135
109
119
62
67
34
127
119
176
261
231
331
309
336
328
286
204
209
97
-50
-80
-296
-336
-463
-597
-648
-721
-736
-749
-709
-740
-656
-645
-650
-496
-521
-396
-388
-353
-183
-219
-51
15
88
267
301
330
451
458
535
684
557
727
682
582
690
478
520
468
361
382
307
219
185
78
33
61
-75
-1
-61
-167
-134
-315
-375
-426
-583
-590
-639
-647
-583
-489
-448
-360
-230
-190
-95
27
-7
139
252
149
374
299
263
488
221
260
356
-21
199
-37
-254
-9
-329
-184
-153
-271
-158
-104
-232
-100
-76
-254
93
-115
-21
93
-93
107
148
145
307
322
221
434
191
239
322
80
289
159
24
236
-27
-57
95
-239
-57
-21
-300
110
42
-26
311
-12
26
155
-113
-144
-54
-426
-263
-273
-600
-305
-447
-391
-179
-103
-88
232
148
188
447
144
384
286
156
339
99
235
170
49
333
142
224
333
96
292
303
3
363
132
-6
287
-217
-81
-41
-453
-374
-472
-740
-580
-590
-703
-443
-389
-493
-87
-180
-230
158
-222
-46
-7
-392
-133
-221
-323
-24
-91
-39
289
126
302
396
86
431
159
325
471
133
568
217
363
399
140
309
227
119
221
257
23
368
130
150
446
80
254
307
-82
138
56
-375
101
-161
-265
245
-274
88
242
-139
197
67
-139
157
-116
-337
-130
-556
-326
-364
-464
-277
-375
-224
-348
-280
-234
-352
-102
-131
-127
270
39
20
181
-202
-33
39
-491
113
-141
-175
293
-203
255
156
87
235
97
98
159
17
78
140
-108
206
55
-17
455
-104
221
355
-194
378
-6
-117
306
-45
-88
352
-320
-42
136
-592
123
-277
-384
0
-396
-326
-153
-334
-308
-30
-280
-186
-19
-172
-55
225
-42
66
363
-57
485
462
180
701
335
199
530
-62
8
244
-483
149
-238
-374
144
-347
91
150
137
251
285
41
213
-7
26
112
-101
277
-15
260
314
65
383
72
-176
163
-595
-299
-383
-839
-298
-550
-375
-47
-81
-138
260
-136
110
117
-194
174
-132
106
104
117
177
110
140
-22
-39
-139
-140
-141
-124
-150
-140
-25
-69
116
102
-1
167
28
31
177
34
189
427
209
494
526
79
459
-6
-396
118
-800
-464
-326
-939
-102
-485
-358
191
66
200
465
221
231
436
7
87
227
-178
141
44
-11
277
215
352
237
496
76
294
179
-35
227
-135
13
-10
60
112
102
112
107
130
124
118
-68
155
-114
-63
292
-373
341
-182
-304
200
-658
-3
-350
-447
-259
-401
-476
-293
-371
-561
-103
-722
-160
-492
-458
-20
-390
299
-19
286
426
176
455
149
-47
123
-551
-374
-591
-834
-353
-760
-342
-135
-176
282
266
71
701
-73
538
347
-64
775
-195
635
386
332
677
308
374
474
297
24
334
-532
169
-186
-464
383
-563
476
224
165
881
41
698
374
191
734
-189
291
-153
-487
-76
-804
-737
-616
-1029
-824
-464
-1118
-102
-351
-176
658
-91
609
346
57
409
-245
-170
-71
-376
352
267
327
940
377
1001
815
64
728
-509
-65
-18
-830
457
-270
386
1005
404
1094
676
242
528
-49
-525
-360
-966
-931
-643
-1219
-734
-898
-834
-275
-663
-68
-490
-401
135
-447
405
68
12
700
69
526
531
112
87
270
-251
263
476
-291
1226
256
896
1619
332
1620
654
275
460
-338
-565
-385
-723
-735
560
-542
715
769
-374
1375
-639
-138
-260
-1539
-363
-1362
-713
-591
-214
164
636
887
379
688
-707
-758
-1497
-2280
-2240
-2646
-2210
-1556
-894
-170
661
1031
1142
1355
797
131
206
-1247
-717
-1021
-1367
189
-245
1003
1650
1167
1773
1260
4
347
-1074
-1315
-601
-1751
33
300
492
2480
1661
2366
2619
950
1348
-47
-1170
-679
-2078
-1363
-640
-1149
943
724
1286
2461
1182
2012
1053
236
344
-872
-1183
-1266
-1648
-1292
-716
-988
420
19
378
883
-570
464
-877
-1193
-632
-1514
-658
-87
40
1195
2013
1390
2270
1632
242
770
-1280
-1852
-1552
-3045
-1952
-1351
-1338
546
766
1039
1910
1296
928
568
-368
-1176
-1027
-1913
-1588
-971
-1128
-25
75
465
707
1067
660
891
1181
796
2064
2151
3111
4060
4090
4239
3964
3233
1966
898
-1099
-2163
-2976
-4037
-3678
-3551
-3006
-1818
-1211
-397
389
345
209
-24
-673
-957
-902
-1418
-706
-216
135
1443
1096
1858
1602
898
470
-851
-1164
-2337
-2658
-3166
-2782
-2164
-1695
-1064
-718
15
-109
132
-785
-851
-1245
-1547
-1275
-1073
-333
212
708
906
1536
1214
1459
101
-88
-1169
-1721
-1875
-3306
-2295
-4123
-3294
-4090
-4226
-2958
-4677
-3226
-4165
-2233
90
2117
6224
8639
13437
15426
17774
17994
16702
15133
10099
6374
645
-2900
-6625
-9876
-10987
-11949
-10004
-9169
-7274
-5567
-3976
-2337
-2350
-1720
-1687
-182
1264
2295
4984
6779
9001
10339
9676
9275
7375
4208
819
-2967
-6358
-8688
-10550
-11690
-10668
-9758
-7909
-5536
-3836
-872
519
1804
2598
3215
4350
4439
5233
5299
5734
5868
5088
4470
2985
1130
-1402
-4046
-6311
-8195
-8973
-10327
-9160
-8768
-7390
-4142
-3844
936
1440
4471
7335
6357
9805
6160
7489
6161
3481
3015
-1184
-1734
-3396
-4564
-5631
-5032
-5182
-3662
-2860
-2658
-118
177
1328
1926
1468
2472
2157
1539
2024
1253
1455
823
2
-283
-343
-520
-440
-209
232
1396
1424
2341
1913
2255
2024
1288
1273
-303
-624
-1822
-1680
-1720
-1129
-746
-998
-45
-685
-130
-1682
-3566
-5377
-7542
-9022
-9629
-9150
-6745
-2103
1892
7463
12915
19450
24871
26586
24643
21179
16840
10986
4050
-4668
-10785
-15007
-17244
-18404
-17798
-15316
-12425
-9664
-7897
-5493
-3567
-2148
-1344
568
2819
5812
8135
10185
13686
15251
15676
13337
9963
6226
1063
-4397
-9868
-13477
-15615
-16492
-15748
-13670
-9951
-6394
-3560
-618
1436
2980
3553
3388
3799
4431
4685
5285
5955
6551
7408
6552
5035
3018
20
-2706
-6053
-8910
-10809
-12296
-11994
-11225
-9298
-6101
-3817
-555
1506
3084
5499
6654
8102
9512
9699
9838
10531
7791
7412
4503
804
109
-4576
-5169
-6752
-7990
-6297
-5483
-3285
-936
1037
2578
4347
4573
4171
3274
1500
202
-1273
-2683
-3613
-3403
-3338
-2564
-1644
-1884
-404
-307
-127
1048
325
516
123
-1271
-1403
-2139
-3012
-2809
-3802
-3735
-3085
-3254
-754
-1339
237
2132
568
4292
1434
1154
1694
-1261
-946
-3512
-3787
-3804
-1002
-505
2319
5749
7155
12605
13206
17045
18503
17685
16130
11677
9718
5102
1437
-4412
-8519
-10199
-12302
-11931
-12673
-10551
-8404
-6436
-4443
-2583
865
1897
3211
3507
4067
5387
5134
4923
4698
5338
4399
2993
1234
-692
-1558
-3910
-6093
-7933
-8826
-9271
-9957
-9523
-9324
-8260
-7224
-6537
-4590
-2363
-735
213
2068
3539
5797
7823
7436
8159
7942
7160
6185
3514
722
-2152
-5083
-7884
-9986
-11223
-11466
-10495
-8869
-5678
-2619
1482
5704
8222
12460
12149
12224
10906
7453
6280
2388
-42
-2445
-3665
-3929
-3266
-2811
-2089
-597
-369
363
115
196
-5
-296
-1090
-1629
-1090
-1108
-523
-144
-569
-540
-1152
-2808
-3112
-4156
-4685
-4186
-4788
-3335
-2213
-1420
966
822
1191
1957
-493
-314
-691
-3774
-2367
-3754
-3689
389
220
3013
4934
4384
5531
5106
2438
1016
-2269
-4894
-4957
-6170
-3323
-2196
2707
6924
11191
17424
19255
24782
23432
22030
18208
12620
8844
1907
-3342
-9729
-12031
-14512
-14586
-14686
-14089
-11003
-10212
-6770
-5907
-3275
-1259
-587
2258
3046
5692
7231
7922
9358
9932
9705
7306
4386
483
-2671
-5863
-9741
-11759
-13581
-13141
-12239
-11258
-9258
-7834
-5939
-4977
-4019
-3556
-2812
-1829
-1032
1044
2210
4619
6907
8681
11082
11505
10341
8394
5043
1591
-1845
-6326
-9932
-12559
-14085
-13234
-11853
-8774
-3985
-778
4399
6321
8797
10819
8841
9431
6175
4818
3849
1615
1480
1069
1440
1821
1869
1111
1464
546
-222
-849
-2136
-2055
-2219
-1830
-1104
-292
562
764
1127
894
356
-220
-1527
-2131
-2748
-3358
-3153
-3654
-2843
-2615
-2421
-1734
-2378
-1509
-2498
-2563
-3644
-4482
-5210
-5149
-4105
-3981
-659
-1306
3409
4175
6328
7470
4681
5701
1365
1405
-3304
-3877
-5696
-4321
-2267
-719
4454
5434
12628
12280
16740
16723
17490
19433
15087
15964
10066
9635
6145
2372
-805
-5177
-7364
-11117
-12442
-15934
-14755
-15582
-14818
-12372
-11434
-6629
-4211
-763
2792
5597
9042
10634
11841
12224
11787
9981
6928
3756
-686
-3618
-7566
-10830
-12329
-14620
-14491
-14754
-14561
-13425
-12748
-11468
-9738
-7877
-5933
-2850
-286
3559
7005
9216
12462
13257
14056
13790
10737
9002
5015
1130
-2451
-6823
-8946
-11218
-11185
-11770
-8213
-7243
-2372
-35
722
6151
2958
8430
5423
6356
7555
5658
8735
6850
9002
7863
9264
7203
5897
3334
-428
-2028
-5914
-6893
-9095
-9353
-8546
-7354
-4484
-2731
-629
617
1401
2607
2283
2144
1039
342
333
-228
501
-694
-290
-1104
-2383
-2327
-4999
-5083
-7073
-7814
-8149
-8053
-7432
-6577
-3423
-2420
2425
2944
5767
7851
7677
9318
6048
5860
2425
1644
-330
-1775
-16
-393
2915
5250
8353
13508
16467
17345
18311
16095
14619
12064
6104
1965
-1870
-5662
-6869
-9124
-10935
-9010
-10304
-9123
-8745
-9944
-8211
-9314
-8546
-6799
-5079
-1762
1927
5596
10211
13530
14335
14685
12788
10262
6726
1085
-3854
-8382
-11841
-13996
-15862
-16148
-15624
-13777
-12404
-10442
-8991
-7732
-5529
-5155
-2869
-1554
524
3615
5366
7918
9031
9545
9570
8953
7206
4422
1190
-2488
-4800
-6844
-8526
-8568
-8698
-5634
-3896
-1109
640
1027
4294
2962
5177
3155
2966
4104
3380
5687
4776
6378
6369
7476
6493
5327
3510
326
-883
-4300
-5260
-6422
-6895
-5700
-4385
-1778
-41
1775
2706
3571
4769
3699
2975
1238
635
632
47
-240
-1082
49
-264
-761
-1386
-3840
-3978
-5552
-8344
-8418
-10020
-8752
-7190
-5882
-3272
583
2904
5194
8497
6343
10534
6035
3691
3520
-3297
-233
-5401
-6348
-4569
-3545
1264
5401
9068
13205
21153
20122
23863
20947
16965
18196
9413
6644
1033
-3309
-4366
-7010
-8936
-8491
-8196
-9581
-8232
-10791
-10218
-10091
-12129
-10455
-9234
-6461
-2488
77
3921
8398
10208
11355
10448
8164
6431
2593
-2150
-5771
-9658
-11626
-12888
-14372
-13543
-12555
-11438
-9389
-8637
-7347
-5798
-5525
-4148
-3167
-1728
434
2593
4804
7723
9470
11020
11394
10459
9439
6717
3911
573
-2426
-4089
-3179
-5492
-2606
-3931
-3070
166
-3583
-902
-3855
-3501
-2716
-2999
-1616
594
4037
6473
10889
11523
13844
13758
11739
10099
5893
2695
-851
-4322
-6471
-7627
-8079
-7605
-6490
-5486
-3536
-2283
-1931
-1116
-1584
-1634
-2267
-2714
-2459
-1584
-374
558
2536
3060
4341
4079
2007
528
-2783
-5594
-8708
-10719
-12150
-10660
-7984
-5282
913
2476
7627
9722
9407
11339
6904
4946
1325
-2664
-4186
-4985
-5812
-2653
727
4337
11341
13142
18589
22566
22235
22673
17791
13530
10576
5091
-69
-4358
-8323
-9403
-9573
-11048
-9345
-8766
-9119
-8289
-9623
-9165
-8775
-9356
-8299
-5771
-2919
736
3942
6175
10177
10651
9516
7495
3079
889
-3371
-7898
-10386
-12745
-11958
-10773
-10016
-7860
-5660
-4184
-2958
-2900
-3822
-3089
-4371
-4817
-3891
-3991
-1140
721
2449
6047
7436
8913
9147
8017
7136
5828
3280
1407
1219
-354
3122
1146
1981
2679
-927
1653
-3604
-5112
-7573
-10247
-9262
-8801
-6468
-3567
1933
5480
11186
14250
15337
17022
15035
12926
9789
4547
846
-2343
-5384
-6577
-7865
-8514
-7030
-6067
-5948
-5059
-6157
-6155
-5994
-7429
-6700
-6357
-4923
-1836
209
3630
5401
6759
8017
6588
6412
2201
-824
-3820
-7479
-8200
-10723
-9089
-7934
-5030
-2041
-580
3200
4262
5483
4994
2973
2415
886
-890
-955
-783
1546
4204
6606
10032
15205
19940
22381
23132
20149
19937
16105
10509
3952
-3479
-6569
-10314
-12560
-15005
-13715
-11726
-9500
-7822
-8336
-5643
-5561
-5282
-4507
-4883
-2208
-105
1514
4838
7030
8426
9183
7831
6105
3910
-622
-4530
-7783
-11001
-11947
-13750
-13640
-11977
-10158
-7733
-6391
-4664
-3642
-2331
-3098
-3383
-3724
-4418
-2865
-3140
-1305
1249
2930
6653
8476
10292
11780
10920
10324
9477
7584
5683
3949
809
1056
-674
-2522
-3108
-6662
-6531
-7962
-9851
-9886
-10024
-8142
-4435
-1584
1873
6570
10114
14091
16035
15798
15290
13375
10276
7167
3147
-1290
-4120
-7522
-9367
-9455
-11098
-10676
-10175
-9045
-6422
-5431
-5034
-3020
-1256
267
2248
1348
3873
5501
6360
7322
5872
5714
4470
1897
-1732
-4260
-8102
-10011
-10996
-11985
-9520
-7795
-6460
-2296
362
2906
6115
3671
5336
5426
3973
4559
331
953
2744
4646
6973
8134
11395
18283
22009
22133
20867
17206
17301
12654
4588
-2688
-9259
-11756
-14433
-18137
-17930
-15780
-12385
-8803
-7242
-4544
-2157
-1167
-1142
-62
-261
234
919
1256
5566
7205
7326
7190
5945
4955
2514
-2502
-7599
-9976
-13319
-15101
-16602
-17502
-14336
-11921
-9140
-5980
-3832
-1394
483
697
885
527
-1051
-1044
-607
533
3019
4172
6418
9610
10879
12316
10510
9580
7890
5245
3089
-2247
-2586
-5358
-5797
-5617
-7375
-4978
-5179
-3763
-2899
-2418
-1117
-101
1637
4319
6969
9280
11644
12993
14761
14543
12775
10467
6967
4295
453
-3646
-6857
-9957
-10723
-11618
-12198
-11090
-10157
-7638
-5364
-4017
-2319
-765
486
1735
2564
2811
4124
4927
5921
5923
5026
3410
1048
-665
-3728
-5530
-7985
-9565
-9061
-9089
-7092
-5775
-3900
-1670
-375
1202
1176
1303
-385
-671
-399
-548
1892
1716
6673
14241
18332
23343
22740
23609
25920
22221
15512
7593
743
-3517
-8455
-16634
-18212
-18660
-16994
-14425
-15315
-10918
-7801
-5860
-4325
-3814
-1951
138
1076
3416
7722
10689
13016
13148
13848
13958
10235
4626
-2338
-7261
-11172
-16673
-21156
-22528
-20773
-17302
-13950
-11121
-6355
-1048
1892
4270
4278
3416
4008
2015
1314
1792
699
2445
4309
5747
9365
8547
7539
7666
5095
4158
209
-5042
-6049
-6367
-6086
-5211
-5819
-2908
942
3004
3484
1926
1595
1553
1465
243
-685
394
2434
5225
7537
8308
9134
9538
9295
8433
5477
1460
-1341
-3386
-4519
-5064
-7520
-7805
-6680
-6063
-4893
-5428
-6554
-5183
-4955
-5199
-4231
-5118
-2279
936
2659
6205
6880
7943
9651
8154
7046
3672
-934
-3389
-6857
-9047
-10494
-11802
-10838
-9184
-7817
-6047
-4930
-3307
-2190
-1648
-632
25
1951
4774
8719
15851
21021
24283
26501
25899
27694
24006
16269
8171
253
-4173
-9785
-16110
-19676
-18447
-16318
-13883
-12714
-10899
-6468
-4682
-4246
-4009
-3359
-1402
1223
3757
7814
12363
14769
17303
18393
17012
13870
6657
-1057
-7366
-14557
-20528
-25581
-27266
-24542
-20621
-16104
-11534
-5782
49
4458
5817
5397
4751
3802
3403
2325
2560
3659
5353
8030
9289
10458
9248
6649
3477
-1166
-4866
-9587
-13152
-13757
-12679
-9750
-6727
-3684
919
5912
8637
9432
8061
6365
6177
3690
1692
443
249
3084
4604
6229
7677
7923
8382
7411
5389
2606
-806
-3573
-4371
-4308
-4272
-4711
-4581
-2528
-1492
-1440
-3816
-5733
-5635
-6963
-7406
-8986
-7745
-2993
136
4522
6267
9159
11719
10691
9158
5033
1569
-2277
-6265
-9734
-10377
-10221
-9231
-7149
-5909
-2482
-2015
-1571
-2384
-2783
-1676
-3739
-2235
-1559
3757
13182
16273
22638
24711
27121
30346
24662
17570
8965
1073
-5595
-11246
-18478
-18707
-16822
-14841
-9136
-8049
-3419
-744
-764
-1007
-3357
-5520
-7316
-6738
-5457
-384
3692
7799
13975
17408
20679
19472
14919
9541
2543
-4762
-13133
-20310
-24447
-25398
-24058
-21540
-17411
-11687
-5640
-763
2027
2938
2542
2187
215
-64
-433
189
3983
4804
9765
11362
12043
12911
9073
6144
439
-4892
-10258
-13004
-15073
-14648
-12023
-9541
-3993
155
4274
6572
7243
7232
6633
5907
4382
4000
4097
6200
9037
10612
11943
11769
10975
9896
6289
2113
-2223
-6240
-7935
-9034
-8833
-8212
-5548
-3326
-519
1596
1059
1867
174
-800
-1614
-3554
-3831
-2573
-993
1951
5242
5741
7990
7003
3696
2842
-3778
-6723
-10301
-15206
-14741
-15787
-12667
-9153
-4939
-1697
1812
4059
4591
5086
1578
677
-643
-975
1259
2032
9317
16553
21165
24746
22489
24166
21252
14248
3850
-5547
-10438
-14780
-17492
-20550
-14567
-9623
-3237
37
1583
6794
5287
3408
-1351
-3985
-5956
-7445
-6871
-3396
3736
7523
12061
15217
17990
17743
12347
5141
-1600
-7311
-14900
-20301
-23804
-22463
-18712
-16125
-11285
-7260
-2540
918
1007
595
-1598
-3506
-4622
-4550
-3221
-789
2154
5893
10634
13346
14694
12675
9888
5138
-11
-5485
-12193
-14546
-16652
-14083
-11124
-8909
-3910
257
5138
6931
5643
3997
4418
3693
3077
2157
2207
6999
9817
12313
13490
13184
13530
11328
7675
3394
-1487
-5511
-8463
-8816
-8308
-7300
-5878
-3446
318
1949
1850
58
-255
-894
-768
-2430
-2171
752
2363
6685
6631
7241
7637
5111
3761
-405
-5678
-9262
-12598
-13996
-14071
-14117
-11679
-7491
-4776
-1604
-462
480
2395
-230
208
-872
-257
3813
4642
13950
19625
23547
25991
22611
24624
20543
12230
1136
-7405
-13436
-16511
-20690
-23026
-16043
-12016
-4268
-1705
1381
6241
5185
3576
-1455
-3845
-5819
-6642
-5252
-681
5454
9662
13638
16631
18624
16901
10850
3324
-2963
-9472
-16342
-21217
-23160
-20935
-16648
-13501
-7522
-1945
2796
6781
6126
5705
2573
-1083
-3419
-4952
-5032
-3969
-2819
901
5197
7207
10101
8668
8037
5585
324
-3070
-8070
-10113
-10968
-10722
-8880
-6803
-3399
517
3835
5368
4954
3917
3220
1990
790
-1146
-945
681
2363
4655
5740
6919
8246
7558
6587
4898
1687
-324
-2603
-3628
-3044
-3853
-3738
-2479
-1561
630
-346
-1537
-1694
-2285
-2131
-2914
-3025
-1584
1577
2514
4559
4978
5861
6132
3460
1899
-2015
-3280
-6192
-8370
-7818
-8458
-5864
-3955
-3050
-765
164
-1249
-1157
-4209
-6199
-5016
-7554
-3282
-106
7405
19838
23995
30159
30642
31537
31335
22591
11844
763
-7540
-14797
-20584
-25814
-22291
-16316
-11021
-4836
-1788
4456
5939
3317
-369
-4655
-6894
-9764
-10066
-6935
-88
6311
11896
17984
22210
24119
19976
12365
4454
-5021
-14465
-23528
-29988
-30222
-28080
-23756
-16738
-9403
-626
6438
9899
11386
9627
6054
2446
-980
-3814
-4473
-4929
-2804
1375
3676
7262
7071
6727
4785
-364
-5046
-10837
-14454
-16111
-15561
-13218
-8332
-3136
3247
9411
13119
15174
13861
11945
9713
6832
3063
34
-1377
-263
1310
2041
3183
3828
5466
5316
3869
1820
-321
-1386
-2141
-2573
-2435
-1375
-50
2568
3960
4055
3604
1941
894
-822
-3827
-5248
-5806
-5314
-3831
-3551
-1490
-41
1481
2521
1271
1711
-790
-2276
-3398
-5265
-3981
-3801
-2631
14
955
2017
2886
172
177
-3238
-6572
-7278
-11583
-8209
-4863
30
9510
14140
20922
27899
28492
29503
24780
16157
10555
226
-8191
-13231
-18309
-17071
-14058
-11996
-5604
-2174
493
2708
-269
-2620
-6333
-10853
-12395
-12260
-10053
-4631
1313
8578
16643
21631
24275
23082
18727
12293
3007
-7122
-16811
-23595
-27689
-28805
-26820
-22761
-15624
-8171
-1628
4006
6103
6925
5860
3402
925
-782
-2507
-1706
859
2095
7120
8117
9966
10190
6141
2333
-4034
-9991
-15341
-18216
-20063
-17246
-13386
-8137
-192
5997
12061
15973
16368
16317
14916
10876
7687
3807
1489
1882
1564
2193
3792
4488
5479
5217
2725
847
-1401
-3964
-5035
-6069
-5287
-2934
-242
3248
5978
8150
8812
8487
6869
4325
1795
-1375
-3860
-5444
-6805
-6883
-6227
-5602
-3970
-2964
-2555
-2260
-2749
-3176
-3842
-3784
-3682
-2507
-517
974
3153
4018
4048
2903
1432
-1869
-4913
-7693
-11018
-10198
-9291
-5675
332
6654
13960
19706
23209
24260
24325
20100
14871
7800
418
-3564
-8226
-9751
-9778
-8157
-4779
-2746
-1653
-1284
-2383
-4985
-8381
-12122
-14048
-14421
-12770
-8814
-2607
5039
12763
18980
23609
25343
23231
18666
10637
2132
-6733
-15698
-22160
-26039
-26686
-24511
-20038
-14422
-8198
-2275
1267
3690
3747
2457
981
-1227
-1596
-2233
498
2172
6519
10414
11666
14359
9985
7196
381
-7186
-13589
-20308
-23587
-24464
-21210
-17286
-8977
-2009
5785
13242
15735
18104
17028
13914
10498
5946
2174
788
607
891
3734
5324
7337
8623
6341
5433
1883
-1725
-5157
-8750
-9258
-8795
-6341
-3184
1125
5436
9074
10807
11233
10667
7986
5132
-358
-3148
-6003
-7974
-6996
-8013
-4588
-2667
-1533
1230
432
873
585
-1620
-1494
-1837
-2163
-370
855
2020
3439
3130
2190
2014
-1408
-3764
-5572
-8945
-5296
-5310
902
9018
11760
20398
20250
23205
23189
17106
10992
3336
-2461
-7691
-10020
-13940
-9200
-6480
-3470
445
-1061
1836
-1323
-5504
-10073
-15310
-17166
-18184
-15935
-10968
-2542
5030
13505
20531
24157
25918
20964
15143
7311
-2279
-11051
-19801
-24513
-25106
-23423
-19440
-13896
-7643
-598
3938
6349
5831
3647
309
-2537
-4639
-7105
-5482
-4631
1354
6208
9010
12237
11846
10958
6534
-31
-8432
-13040
-18489
-20144
-19062
-17756
-11021
-5200
1912
8874
12276
13842
14074
12644
10947
7108
3046
1046
1133
2485
3005
3898
5366
6930
7512
5846
3016
523
-2059
-4088
-5105
-6009
-5543
-3889
-1496
2430
4461
4851
5689
5468
5806
4305
337
-1013
-2023
-2243
-1223
-3306
-2442
-781
-2060
557
-2553
-4263
-3752
-6839
-3623
-3815
-4457
-950
455
2748
5567
2144
1759
1411
-2983
-3098
-7746
-9819
-4799
-3784
3773
11631
13928
23370
23857
25183
26073
16382
10582
1767
-6159
-9882
-15272
-18824
-13915
-10471
-4650
1060
138
6192
5109
1659
-1300
-9378
-11849
-13311
-13984
-9574
-4059
1695
11475
17323
22789
25301
20323
16736
8729
-471
-9344
-19800
-25554
-26720
-26450
-22510
-17181
-11116
-2706
3348
6482
7869
5300
2839
133
-3623
-5184
-8916
-6101
-4123
640
5387
4189
9122
7131
5996
1939
-6245
-9680
-13738
-15438
-15666
-14148
-10736
-4144
1657
7582
11986
12694
14270
13235
12110
9396
4717
3098
1996
2911
2993
2415
3967
4949
6605
5363
3708
1830
710
-560
-2259
-2243
-3933
-2371
-1832
136
1546
960
1003
615
2002
726
16
-1678
-1192
272
210
-327
-619
-30
-236
-341
-2792
-3973
-5431
-5515
-4789
-4671
-3483
-2461
-610
2477
2752
2640
1842
-785
-1004
-4094
-6318
-7104
-4943
-1127
4551
11011
15151
21758
22817
24482
22499
16138
10068
1130
-4483
-10384
-14397
-17313
-15594
-11719
-7386
-2507
-1249
3171
4013
2640
254
-4867
-7117
-8621
-9059
-6984
-3417
1077
7431
12475
16631
18801
16786
13626
8054
1494
-5611
-13395
-19014
-21578
-22293
-20327
-17123
-12675
-5982
-913
3912
6257
6233
5860
4308
1240
667
-3567
-3860
-2511
-3092
1727
222
2282
3390
1719
932
-3932
-7008
-9401
-11623
-12227
-12801
-11547
-8125
-4704
410
4440
7305
10128
11282
12232
12401
9615
8021
6062
4627
4645
1850
1707
1974
2373
4082
2773
2152
2227
1232
895
-449
-2105
-2491
-2676
-2302
-1111
-1014
-14
1241
2208
4542
4190
4285
4852
4138
4721
2876
-18
-594
-3151
-4058
-4569
-7659
-5932
-6616
-5527
-2748
-4007
-807
-397
401
2576
1156
1309
403
-1808
-1574
-3634
-3825
-1387
186
5958
8735
11584
15561
15912
16775
14876
9726
6453
851
-4336
-6896
-11569
-11450
-11103
-9525
-5103
-2601
679
3102
3746
3851
2134
-1055
-2783
-5138
-5333
-4386
-2997
477
3960
7275
10941
12019
11893
11148
6444
3461
-1902
-7732
-11367
-16103
-17382
-17360
-16587
-13527
-9894
-6222
-1659
765
3107
3990
3742
3352
1255
500
-1474
-2293
-2174
-2308
-694
-393
196
552
-429
-1082
-3099
-5539
-7493
-9320
-10427
-10288
-9948
-7959
-4371
-1028
3413
6632
9585
12156
12954
13274
11194
9030
6125
3476
1471
-609
-1342
-1465
-183
716
2272
3024
3015
3354
2053
1589
-200
-1809
-2715
-2892
-1729
-1081
69
1763
3714
5738
6793
6404
6030
5091
3612
1271
-1577
-4191
-5456
-6589
-7156
-7501
-6550
-5077
-3772
-1516
-837
1246
2254
2689
3297
3019
2274
691
-971
-1915
-2604
-3119
-1786
-272
4217
7944
10922
14245
15019
15771
14549
10859
6094
1835
-3185
-5968
-8540
-10232
-8346
-6472
-2844
156
2181
3697
4099
2177
0
-3197
-6937
-8344
-9923
-8481
-5770
-2688
1789
6078
9890
11832
12181
10085
7278
3445
-1752
-6388
-11258
-13782
-14781
-14974
-13205
-11415
-7857
-4582
-1578
308
1814
1990
1629
1563
-486
496
-2179
-656
-1067
-12
2201
118
2718
689
665
-1356
-4485
-6901
-8746
-10443
-11740
-11305
-11354
-7771
-5015
-1106
2617
5729
9317
11229
12913
12579
11170
9514
7363
5478
3498
1453
938
905
1670
2556
2321
2880
2635
2083
1154
-529
-2151
-2828
-3710
-3368
-2431
-1891
593
2120
4999
6164
6559
6755
5350
4865
1745
-551
-3438
-5421
-5929
-6934
-6282
-6268
-4645
-3339
-1687
-422
-187
848
475
1802
1230
630
263
-959
-418
-1095
-1596
-1268
211
1957
5149
6781
8825
11561
11295
12718
10513
7558
4911
229
-2196
-5021
-7672
-8259
-7300
-5461
-2054
-371
1401
3348
3093
3026
332
-2595
-4565
-6330
-6402
-5391
-4200
-783
2900
6485
10166
10864
11033
9690
7145
3566
-798
-5899
-9467
-11676
-13442
-12720
-12822
-10277
-7306
-4651
-1637
-391
318
1018
938
-17
-285
-2494
-2245
-2064
-1487
-354
-195
876
1144
1688
17
-1512
-3653
-6026
-7283
-9149
-10035
-9794
-9205
-6815
-3633
-1279
2199
4606
7104
9873
10060
10162
9411
7602
7102
5279
3356
2483
1363
1651
1892
1437
1666
1151
1111
1054
-115
-151
-1250
-1104
-528
-331
1015
1373
3008
4388
5310
5982
5165
4925
3747
2047
390
-2023
-3591
-4853
-4906
-5070
-4339
-4095
-3413
-1037
-1256
547
-452
-392
679
-1027
-439
-2549
-2804
-2614
-3138
-2823
-2810
-2041
-1002
1454
2661
5318
6904
7687
9892
9638
9629
8039
5424
4228
2478
317
-1235
-2639
-2425
-1209
-1433
-742
-411
-216
347
-729
-2084
-3032
-4404
-4746
-4122
-4067
-1981
-214
2220
5932
6971
8328
8649
7633
6946
3915
268
-2902
-5834
-7956
-9574
-10957
-11245
-9989
-8531
-6690
-5158
-4082
-2883
-1799
-902
-1608
-1270
-2003
-1606
480
-1412
730
-312
-57
2125
-1437
-890
-3180
-5173
-4775
-7465
-8019
-7591
-7946
-6050
-3903
-2875
-184
1175
2632
5463
5353
5959
5932
5351
6544
5538
4870
4672
4408
5394
5204
4584
4524
4216
4314
3678
2697
1976
1396
1218
933
831
738
877
1402
2188
2569
2497
2114
1555
1239
-7
-1325
-2576
-3550
-3332
-3515
-2857
-2108
-1630
-336
736
1339
1574
957
233
346
-757
-1861
-2769
-3571
-3010
-3048
-3715
-3066
-2823
-2227
-1343
-1757
-775
-266
184
1640
2935
4135
6032
6648
7785
9828
8760
9165
7776
6147
6203
2858
1412
-231
-2251
-2220
-3815
-4869
-4428
-5381
-5230
-4665
-5224
-3727
-3265
-2285
258
1450
3090
4820
5723
7068
7122
5421
4675
2222
163
-2256
-5330
-6478
-8250
-8577
-8860
-8719
-8098
-7726
-7160
-6848
-6365
-6705
-6424
-6328
-5095
-3731
-2923
-206
433
3881
4312
4383
5414
2681
3529
588
-1263
-2072
-4305
-3973
-4046
-3738
-2639
-1685
-1103
394
519
428
616
-111
567
871
893
2015
2857
4479
5916
6420
6984
6855
6836
6060
5357
4149
3694
3774
3475
4424
4125
4653
5137
4721
4463
3092
1481
-68
-1662
-3561
-4672
-6041
-6188
-5596
-5487
-3700
-3501
-2030
-803
-460
770
190
446
139
-118
-352
-1235
-1443
-2401
-2088
-3129
-3007
-3604
-3946
-2987
-3846
-1895
-2813
-1611
-1169
-1530
-229
-1678
-699
-1091
-180
1426
2885
5927
8390
11335
13818
15526
15639
15146
12994
10004
6689
2140
-1465
-4669
-7183
-8126
-9005
-8323
-7117
-5888
-3807
-3036
-1550
-1089
-435
145
277
1382
1712
3008
3891
4466
5054
4715
4174
3332
1635
-106
-1911
-3919
-5272
-6699
-8098
-8832
-9812
-10185
-10296
-10347
-9801
-9299
-8184
-6672
-5097
-3275
-1303
-295
2082
2389
3242
3707
2305
3193
1417
1176
794
-394
-38
-520
-745
-721
-1504
-2178
-2470
-3494
-3408
-3756
-3456
-2052
-827
1368
3161
5090
6878
8276
8988
9243
8886
8408
7853
6933
6588
5708
5711
5339
4999
4722
3416
2708
623
-784
-2644
-4599
-5411
-6836
-6403
-6380
-5543
-4305
-3517
-1602
-1121
-78
314
98
614
52
-183
-92
-361
-499
-231
-1339
-1081
-1635
-2733
-2238
-4086
-3167
-3895
-3385
-2289
-2652
-126
-501
1030
1552
1056
1905
949
1221
1047
1444
1787
3372
5422
7111
10458
10542
13254
13513
12487
12474
8079
6976
3374
471
-1405
-3985
-4369
-4957
-4611
-4816
-3422
-4249
-3338
-3534
-4548
-3290
-5347
-3955
-3729
-3020
-1023
-691
969
2127
2437
1950
1075
-1114
-2483
-4733
-7196
-8348
-10092
-10196
-10031
-10071
-8936
-8542
-7754
-6486
-6317
-4997
-4390
-3161
-1059
603
3001
4684
6833
8146
9165
9134
8095
7243
4910
3500
1092
-1021
-2300
-3846
-3780
-4235
-4025
-3752
-3239
-2131
-1519
-905
-204
634
2094
3395
4418
6132
7083
8698
9582
9855
10182
9574
9015
7868
6668
4797
3386
1626
173
-672
-2500
-3156
-3789
-4133
-3770
-4110
-3969
-3176
-2955
-2312
-2098
-2359
-1864
-2033
-2205
-2234
-2852
-3052
-3235
-3834
-3590
-4180
-4347
-4299
-4482
-3850
-4372
-3890
-3678
-2941
-2282
-1813
-1177
-429
933
592
2244
1440
2003
2796
1238
3072
1849
2787
3507
3634
5392
5752
7331
8095
10149
10466
11602
11563
10875
11520
8891
8322
5524
3444
1808
-1339
-2666
-4978
-6273
-7458
-8279
-8834
-8671
-8638
-8238
-6965
-6414
-4581
-3663
-2223
-460
513
1554
2065
2176
1994
1503
149
-896
-2535
-3889
-5341
-6648
-7465
-8508
-8684
-9042
-8792
-8171
-7633
-6599
-5038
-3713
-1779
145
1584
4114
5200
6541
8008
7752
8100
7343
6027
5555
3686
2166
1109
-437
-876
-1635
-2410
-2354
-2329
-2357
-1982
-1645
-1092
106
823
2215
3705
4700
6080
6795
7587
7890
7305
6637
5748
4647
3591
2099
928
403
-393
-827
-1514
-2258
-2482
-3253
-3913
-4480
-5247
-5317
-5506
-5336
-4750
-4426
-3768
-3179
-2706
-2051
-2269
-2377
-2202
-2488
-2345
-2568
-2665
-1731
-1620
-1511
-771
-1194
-89
66
-251
965
832
1507
2532
2369
3329
3654
2983
3721
2902
2586
2396
1433
1943
2064
2503
3241
4025
5295
6401
7126
7225
8004
7872
8353
7644
6920
7513
5919
6333
4355
3062
2278
-884
-2164
-4838
-6918
-8713
-10418
-11552
-11352
-11173
-11232
-9334
-8711
-6306
-5152
-4378
-2326
-1748
-278
-83
414
940
1205
1147
1060
807
92
-500
-1991
-2552
-4027
-5183
-6145
-6979
-6720
-6859
-6107
-5197
-3698
-1876
-184
1589
3704
5443
7016
8278
9002
10264
10054
10012
8934
7589
6356
3620
1830
-655
-2416
-4053
-5299
-5675
-5409
-4558
-4115
-2168
-1013
488
1671
2088
3452
3972
4010
4246
4577
4951
5260
4880
4748
4600
3823
2663
1533
72
-1451
-2897
-4641
-5375
-6413
-7039
-7091
-7072
-6160
-5802
-5053
-4197
-3397
-2574
-2497
-2197
-1946
-1723
-1774
-2090
-1967
-1784
-1437
-1364
-1159
-385
-40
1117
1179
1962
3144
2711
4115
3704
4158
4094
2634
2887
2140
2006
889
629
1084
1603
2611
2338
3881
4745
5380
5875
5346
5984
5271
5498
4759
4626
5227
4243
5847
5141
5741
5711
3747
4010
1286
-172
-2878
-5815
-7388
-9516
-10501
-11728
-11446
-11228
-9518
-8518
-7137
-5261
-4535
-2455
-2172
-1122
-536
-607
41
-203
102
-201
-669
-886
-1134
-1923
-2700
-3506
-4200
-4225
-5108
-5026
-4649
-4234
-3070
-2548
-1075
508
1817
3564
4796
6546
7737
8622
9608
9838
10001
9053
8399
6888
5574
3686
825
55
-2561
-2955
-4120
-5199
-3820
-4273
-2546
-2013
-1223
280
562
1292
1249
1218
1114
839
629
431
539
295
307
527
228
348
-490
-940
-1324
-2358
-2653
-3858
-3710
-3988
-4174
-3623
-3818
-2683
-2390
-2046
-1302
-1070
-717
-424
-516
-376
-202
-549
-158
-249
-276
-38
-88
519
1110
1055
1911
2200
2665
3946
3116
4116
3575
3146
3820
1945
2346
1524
879
1681
690
1228
1691
1255
1957
2368
1461
2566
1627
1123
2541
691
1775
1586
895
2359
1656
1632
2214
1238
1144
899
-877
-549
-2067
-3049
-3121
-4729
-4370
-4823
-5244
-4661
-4548
-4557
-3316
-3497
-2692
-1679
-2374
-762
-1201
-996
-337
-1320
-742
-1110
-1640
-1246
-1718
-1727
-1245
-1512
-1068
-633
-662
-30
137
114
875
656
1258
1753
1729
2819
2817
3603
3965
4047
4108
3976
3687
3382
2884
1996
1862
931
1205
379
720
300
97
502
-518
474
-946
-485
-840
-1314
-730
-1744
-1238
-1532
-1433
-1774
-1738
-2093
-2094
-1879
-2619
-2053
-2357
-2041
-1524
-1537
-982
-773
-609
-123
-351
-209
-400
-548
-319
-652
-520
-679
-479
-382
-341
-469
-386
-413
-256
-174
-216
-40
85
559
672
1233
1091
1800
2158
2107
3114
2367
3068
3274
2887
3593
2876
2809
2873
2368
1671
1951
159
671
85
-1435
612
-2083
-86
-134
-908
1728
-92
1305
1742
874
1515
1161
-44
816
-330
-1086
28
-1876
-359
-802
-1610
-329
-1524
-1367
-1508
-2899
-2824
-3213
-4503
-3786
-4623
-4274
-3303
-3738
-2301
-1770
-1404
-260
-199
73
651
173
446
603
192
492
579
279
1193
1011
932
1797
803
1657
1346
725
1362
539
784
901
595
698
1062
738
1410
1631
1299
2270
1790
2108
2427
1438
1737
1179
538
865
-418
-376
-569
-1428
-721
-1410
-1082
-833
-1248
-695
-1031
-831
-1145
-1348
-1442
-1796
-1605
-2178
-1895
-1576
-1563
-842
-659
-142
628
827
1126
1517
1375
1445
1395
642
753
138
-300
-122
-878
-610
-797
-1026
-348
-777
-355
-153
-407
432
149
548
867
677
1301
1010
1235
1398
1280
1486
1453
1531
1489
1558
1192
1106
775
104
-250
-801
-1465
-1515
-1868
-2162
-1196
-1535
-727
206
-130
1505
1579
1279
2495
1879
1683
2441
703
1162
1117
-1120
178
-1789
-2359
-1946
-4371
-3571
-4373
-4914
-3934
-4006
-2972
-1394
-900
712
2150
2463
3925
3475
3604
3790
2269
2458
1110
337
384
-1059
-642
-1153
-1710
-1310
-1963
-1932
-1895
-2205
-2064
-1676
-1404
-509
426
1252
2839
3732
4547
5304
5209
5133
4543
3265
2272
916
-597
-1312
-2324
-2706
-2660
-3011
-2324
-2043
-1973
-1459
-1721
-1680
-1471
-2033
-1895
-1829
-1870
-952
-828
-97
839
1086
2242
2198
2412
2669
1439
1929
294
-322
-939
-2794
-2107
-3454
-3318
-2847
-2909
-1589
-896
-273
864
1434
1649
2239
1641
1614
1386
598
799
342
437
874
866
1636
1727
1797
2112
1422
1448
774
-25
-208
-1226
-1113
-1477
-1652
-1283
-1215
-648
-450
10
254
558
655
663
629
299
163
-206
-477
-698
-1102
-1089
-986
-1160
-785
-869
-891
-429
-848
-1047
-912
-1791
-1426
-1615
-2470
-1318
-1721
-1608
-87
-802
471
1553
477
2602
2084
1429
3008
911
1512
1450
-553
592
-487
-912
78
-851
80
1035
520
2068
2045
2068
3226
2080
2641
2538
1701
2317
1650
1579
2090
1219
1479
1308
357
551
-558
-1180
-1368
-2270
-2450
-2447
-2637
-2254
-1821
-1708
-856
-499
-234
421
447
794
906
808
897
673
441
141
-265
-587
-865
-1317
-1558
-1658
-1925
-1823
-1862
-1995
-1526
-1631
-1439
-843
-720
-169
331
501
1148
1448
1461
1749
1657
1516
1548
1239
740
1409
345
781
650
-361
758
-849
-657
-924
-1908
-1336
-1866
-1746
-1326
-907
-646
188
495
723
1456
958
1285
1145
486
427
-224
-577
-900
-1473
-1715
-1803
-1971
-1850
-1702
-1455
-994
-659
-187
153
466
660
634
772
525
445
217
54
109
-2
-28
-212
-120
-347
-335
-736
-996
-1026
-1421
-1309
-1550
-1331
-1116
-779
-432
94
609
810
1572
1430
2111
2083
1930
2381
1719
2100
1673
1323
1574
928
1125
861
570
1034
596
792
969
536
801
610
179
634
436
259
1021
761
1252
1881
1353
2070
1859
1418
1672
686
258
80
-982
-1051
-1470
-2077
-1692
-2088
-1768
-1418
-1537
-1034
-773
-663
-268
-315
-365
-80
-388
-448
-440
-828
-518
-520
-563
-21
-52
336
682
589
857
639
378
247
-170
-323
-744
-853
-987
-1000
-780
-962
-684
-762
-708
-578
-836
-882
-848
-1029
-1023
-845
-955
-516
-290
-78
474
699
935
1284
1570
1476
1490
1119
502
345
-435
-1145
-1475
-2226
-2249
-2291
-2476
-2089
-1898
-1445
-1144
-825
-577
-488
-121
-291
-49
39
-127
188
170
396
502
454
654
771
919
963
1001
1059
1098
1212
1001
1064
856
659
739
107
219
-193
-489
-315
-752
-577
-678
-637
-360
-248
-50
74
461
734
1074
1382
1387
1681
1715
1656
1716
1349
1164
970
666
482
146
18
-166
-105
10
-349
178
-171
38
357
-226
546
168
330
705
582
1015
1076
1037
1222
1465
1191
1498
1176
1035
1345
643
759
465
-40
94
-452
-683
-711
-1170
-1139
-1175
-1438
-1147
-1203
-1123
-609
-712
-436
-162
-337
9
-83
-287
-100
-474
-482
-563
-839
-769
-1020
-1133
-1204
-1313
-1268
-1304
-1368
-1327
-1178
-1224
-1115
-1002
-1144
-848
-953
-840
-607
-747
-425
-365
-242
-82
2
125
271
264
157
218
18
8
-137
-532
-513
-619
-899
-627
-917
-759
-79
-594
398
172
144
972
112
806
633
386
797
496
713
893
854
924
1082
1065
1183
1102
985
1023
864
719
504
344
230
61
-50
-111
-38
-67
-2
175
146
480
445
490
879
612
778
721
465
687
437
224
238
52
41
39
-101
-13
61
-7
106
194
193
320
171
297
298
242
379
96
367
357
128
451
226
367
453
38
285
-7
47
0
-419
-263
-546
-601
-651
-800
-837
-786
-983
-811
-636
-951
-478
-611
-366
137
-198
290
468
577
1065
793
1119
1270
1106
1388
1017
1141
781
493
327
-212
-359
-1011
-1146
-1411
-1651
-1678
-1974
-1700
-1643
-1599
-1366
-1399
-1083
-886
-916
-706
-668
-534
-369
-301
-217
-121
-77
-201
-109
-182
-365
-339
-473
-450
-360
-557
-430
-269
-186
30
44
190
394
473
673
820
895
1197
1167
1383
1540
1424
1589
1190
1226
974
507
442
-262
-49
-265
-721
-134
-882
-326
-387
-1006
-279
-1014
-785
-608
-1006
-518
-523
-371
51
233
481
748
839
833
985
688
502
341
32
-80
-205
-386
-292
-127
-195
159
263
344
757
676
797
1050
672
923
854
658
1001
607
723
910
773
957
959
919
1043
1102
971
986
841
609
681
362
207
218
-164
-58
-235
-397
-314
-477
-297
-320
-235
-297
-198
24
-246
-84
-191
-437
-133
-656
-907
-732
-1392
-1179
-1519
-1928
-1649
-1875
-1955
-1940
-2008
-2001
-1749
-1947
-1698
-1526
-1276
-916
-715
-179
15
503
697
885
1056
900
899
706
599
357
64
136
-162
-132
-148
-449
-187
-504
-550
-466
-853
-705
-852
-891
-597
-626
-366
-73
143
592
816
1021
1342
1538
1760
1753
1755
1638
1561
1478
1238
1198
933
894
789
613
683
422
357
406
180
259
165
-11
164
-7
-67
-68
-218
-162
-259
-186
-361
-261
-165
-394
18
-408
-412
-291
-791
-512
-906
-1044
-894
-1137
-827
-815
-687
-330
-220
80
221
327
503
567
733
708
844
968
958
1204
1079
1158
1201
951
1021
811
605
566
322
194
76
-151
-261
-333
-491
-609
-613
-770
-746
-604
-666
-385
-253
-269
150
117
194
528
198
388
366
-5
233
-60
-257
-100
-524
-546
-578
-915
-820
-960
-960
-1017
-982
-893
-908
-689
-832
-604
-487
-550
-285
-406
-364
-271
-458
-340
-392
-478
-302
-509
-369
-399
-509
-411
-537
-403
-435
-289
-218
-42
177
331
593
799
997
1090
1152
1082
1212
909
881
783
484
626
304
419
425
355
471
274
353
237
134
62
-118
-105
-179
-221
-109
2
115
341
446
631
757
761
786
717
704
559
487
338
192
143
-92
-118
-222
-404
-326
-532
-430
-421
-496
-303
-413
-291
-245
-263
-51
-18
60
271
213
512
462
675
794
539
779
293
362
166
-352
-199
-645
-629
-506
-725
-458
-391
-356
-164
-145
-54
12
-37
-7
42
-33
-42
-50
-73
-61
-156
-219
-196
-251
-302
-319
-389
-378
-362
-502
-542
-568
-728
-702
-749
-778
-660
-647
-529
-312
-194
-39
86
178
237
241
152
18
-2
-212
-320
-327
-530
-432
-488
-463
-193
-274
-108
-40
23
268
196
262
303
403
545
480
669
601
706
743
381
511
227
31
136
-206
-161
-89
-275
-55
-16
-55
84
21
-8
150
37
8
216
115
459
577
715
1156
1117
1286
1358
1198
1208
940
682
667
417
328
220
84
146
79
17
-84
-91
-232
-347
-428
-616
-596
-736
-738
-599
-492
-318
-111
58
287
444
363
434
315
216
44
-249
-269
-493
-480
-493
-626
-266
-326
-143
133
-1
336
279
216
308
92
56
-96
-280
-351
-516
-525
-617
-605
-500
-587
-159
-398
-176
-107
-361
66
-585
-446
-641
-1070
-806
-1317
-1204
-1006
-983
-515
-210
173
630
870
1018
1089
887
680
287
-16
-322
-752
-760
-988
-837
-631
-631
-234
-104
70
244
168
198
179
59
-18
-20
-80
11
188
283
494
624
653
843
804
712
709
426
380
207
-113
-165
-466
-606
-626
-761
-569
-438
-231
83
380
758
886
1286
1258
1347
1575
975
1295
990
605
977
273
360
452
-99
235
-20
-428
-253
-737
-897
-879
-1354
-1260
-1315
-1297
-996
-852
-533
-190
128
432
762
961
1211
1381
1395
1510
1531
1433
1472
1290
1181
1114
742
620
373
105
-38
-299
-356
-425
-449
-449
-536
-462
-467
-534
-376
-438
-303
-30
-49
301
387
325
535
279
165
97
-388
-491
-714
-1060
-1045
-1257
-1309
-1207
-1317
-1287
-1276
-1321
-1305
-1289
-1337
-1312
-1195
-1182
-933
-764
-620
-372
-224
69
264
374
522
605
554
670
390
218
27
-466
-614
-972
-1184
-1257
-1349
-1312
-1121
-958
-792
-565
-399
-175
27
151
306
468
540
670
837
934
1157
1285
1447
1684
1708
1894
1882
1832
1860
1531
1380
1059
678
510
134
-7
-91
-113
36
151
334
535
623
717
735
591
454
161
-118
-316
-587
-753
-812
-842
-709
-527
-445
-142
37
95
417
281
334
349
-11
194
-183
-253
-160
-553
-166
-344
-376
-32
-262
35
91
-99
83
-122
-290
-285
-614
-664
-737
-906
-657
-649
-480
-190
-29
425
765
1046
1357
1547
1704
1694
1579
1540
1344
1172
985
793
725
581
492
371
314
206
96
46
-148
-284
-453
-697
-830
-972
-1123
-1148
-1210
-1194
-1123
-1068
-997
-846
-777
-724
-631
-645
-543
-594
-572
-516
-629
-604
-613
-718
-617
-722
-777
-634
-747
-574
-612
-659
-502
-561
-495
-513
-591
-565
-671
-766
-681
-775
-718
-524
-590
-290
-250
-360
-47
-200
-108
-27
-185
-3
82
152
346
547
729
1042
1157
1329
1512
1501
1627
1579
1566
1550
1398
1428
1351
1212
1174
947
840
805
618
607
474
414
397
263
230
141
97
22
-12
-22
9
-9
24
156
209
293
346
360
323
299
145
10
-132
-291
-362
-484
-482
-526
-428
-386
-309
-255
-386
-262
-424
-358
-389
-620
-331
-430
-303
-173
-344
-103
-181
-275
-348
-588
-678
-801
-1049
-1165
-1261
-1397
-1318
-1420
-1332
-1202
-1227
-953
-801
-574
-187
55
425
853
1149
1527
1814
2021
2271
2286
2230
2191
1927
1716
1420
986
774
336
86
-75
-449
-589
-867
-1097
-1187
-1405
-1507
-1531
-1611
-1439
-1261
-1118
-711
-449
-53
317
480
791
895
964
1012
982
945
852
792
686
569
441
284
159
27
-113
-198
-273
-267
-179
-140
-74
3
24
38
-35
-183
-348
-566
-798
-941
-1069
-1276
-1146
-1260
-1157
-897
-1068
-573
-767
-677
-440
-749
-339
-547
-376
-188
-156
214
237
511
650
796
954
959
1022
1036
992
1003
1016
936
1043
957
936
1013
748
731
577
332
244
-32
-161
-286
-471
-512
-571
-609
-531
-450
-399
-241
-105
45
238
314
433
467
430
395
291
146
18
-136
-252
-255
-352
-328
-387
-390
-295
-415
-433
-545
-604
-545
-621
-598
-583
-504
-395
-302
-186
-176
-44
-75
-67
42
-39
-4
-36
-181
-194
-329
-545
-571
-714
-707
-558
-504
-251
39
356
727
1097
1387
1655
1893
1968
2095
2038
1885
1783
1465
1211
878
502
270
-61
-312
-493
-649
-719
-832
-906
-998
-1041
-1005
-1056
-953
-918
-794
-567
-417
-134
6
185
346
427
528
489
453
419
447
480
532
628
675
712
661
527
304
16
-354
-699
-1031
-1367
-1586
-1731
-1710
-1622
-1484
-1320
-1182
-904
-775
-624
-403
-334
-116
100
266
504
786
906
1081
1288
1220
1393
1294
1029
1011
658
433
221
-93
-250
-396
-609
-661
-702
-812
-749
-745
-568
-395
-204
92
305
646
834
994
1128
1077
1058
842
554
295
-21
-265
-526
-670
-713
-735
-674
-637
-505
-425
-392
-305
-296
-286
-296
-316
-315
-302
-366
-389
-399
-463
-428
-468
-510
-463
-453
-413
-333
-274
-139
-8
25
124
222
203
243
291
237
299
258
297
497
465
577
670
701
867
770
705
684
593
497
388
266
218
288
226
277
334
316
357
304
279
270
230
194
248
316
312
396
458
548
664
583
567
565
444
335
197
17
-93
-222
-401
-471
-632
-769
-866
-1006
-1079
-1159
-1251
-1229
-1188
-1109
-905
-747
-426
-39
185
474
709
893
1114
1129
1103
1034
845
644
361
13
-345
-701
-965
-1169
-1375
-1495
-1554
-1515
-1387
-1287
-1140
-945
-741
-475
-283
-117
77
276
488
619
804
896
1030
1164
1159
1180
1019
899
801
628
420
169
-6
-116
-177
-241
-304
-284
-263
-219
-158
-148
-56
40
151
271
344
450
560
629
650
609
499
392
296
225
128
10
-34
-38
-65
-122
-221
-356
-476
-588
-736
-904
-1047
-1144
-1145
-1129
-1077
-914
-797
-656
-511
-441
-300
-217
-129
-24
25
154
270
437
588
629
675
658
667
668
550
398
252
159
143
141
181
309
415
520
589
642
702
675
654
578
524
495
397
347
248
136
6
-210
-409
-556
-757
-884
-957
-988
-838
-644
-370
-102
192
428
671
875
932
970
939
904
849
748
589
454
284
45
-157
-411
-706
-923
-1152
-1318
-1372
-1362
-1286
-1150
-973
-729
-470
-251
-6
165
292
385
458
518
506
505
471
401
334
206
87
-33
-196
-370
-540
-695
-804
-865
-927
-905
-821
-707
-551
-448
-284
-84
90
277
423
575
721
810
885
965
1005
977
952
847
766
585
284
83
-164
-359
-557
-754
-817
-835
-835
-820
-737
-604
-416
-222
-35
225
471
745
974
1159
1318
1427
1538
1582
1566
1453
1305
1113
959
729
441
195
-94
-338
-580
-826
-1025
-1185
-1285
-1335
-1288
-1188
-1043
-803
-571
-281
-16
184
420
595
711
766
722
660
603
479
309
110
-87
-221
-390
-570
-714
-832
-888
-856
-799
-762
-609
-432
-211
-33
69
215
282
300
245
177
29
-100
-179
-320
-384
-501
-539
-554
-598
-597
-624
-622
-625
-566
-476
-390
-246
-64
112
301
471
638
765
853
948
1001
1003
934
934
908
836
787
668
562
465
299
125
-20
-190
-331
-439
-563
-608
-634
-692
-672
-625
-541
-450
-363
-247
-128
-31
43
113
142
144
165
142
124
93
4
-67
-112
-146
-201
-248
-294
-286
-288
-316
-300
-318
-316
-307
-287
-192
-85
49
232
389
581
760
923
1075
1141
1098
964
803
595
380
78
-172
-312
-462
-573
-682
-727
-742
-740
-753
-725
-633
-556
-435
-305
-104
129
310
511
688
793
823
799
756
663
507
336
160
-1
-156
-325
-492
-637
-734
-801
-884
-931
-873
-751
-583
-390
-169
72
273
475
678
828
908
982
999
985
978
902
810
682
531
362
163
-49
-281
-455
-620
-750
-867
-946
-955
-923
-861
-839
-752
-641
-506
-365
-285
-146
-47
33
54
14
34
37
80
105
163
224
244
286
294
305
255
189
174
138
108
69
46
41
35
64
84
144
213
288
353
381
446
512
594
677
721
757
764
724
660
582
467
304
188
97
-1
-64
-145
-203
-211
-275
-325
-359
-406
-385
-350
-335
-307
-259
-253
-217
-202
-246
-288
-405
-473
-530
-604
-664
-752
-780
-794
-771
-766
-735
-657
-612
-540
-468
-344
-192
-32
95
198
311
390
465
538
577
603
603
579
558
482
347
223
150
66
5
-91
-204
-258
-320
-357
-405
-445
-484
-474
-444
-421
-372
-344
-267
-173
-91
-31
-19
27
74
139
170
130
164
186
226
287
326
390
458
539
598
647
692
736
784
773
744
732
719
706
698
658
580
508
423
332
227
101
1
-70
-156
-254
-348
-458
-512
-521
-568
-575
-574
-570
-504
-471
-417
-364
-318
-251
-188
-120
-95
-66
-53
-3
23
6
2
-4
41
39
-13
-73
-79
-109
-197
-254
-309
-351
-366
-382
-387
-390
-409
-383
-359
-332
-330
-300
-240
-132
12
88
203
354
506
636
711
783
845
928
972
982
1010
976
950
900
844
741
630
476
353
265
82
-79
-255
-370
-474
-574
-658
-721
-735
-787
-794
-825
-813
-759
-734
-649
-572
-469
-395
-311
-206
-129
-89
-71
15
62
87
90
82
128
143
129
106
68
59
36
-15
-50
-98
-133
-167
-180
-159
-160
-176
-148
-100
-98
-116
-127
-150
-176
-239
-318
-367
-409
-439
-479
-501
-488
-472
-417
-363
-300
-243
-195
-113
-63
2
51
123
217
313
410
465
548
607
722
789
837
883
866
863
814
786
730
672
624
557
520
440
371
294
226
178
85
14
-10
-22
-47
-59
-45
-54
-42
-25
-15
32
31
38
53
51
57
19
-22
-43
-83
-128
-178
-204
-210
-265
-278
-310
-271
-196
-168
-103
-91
-43
-38
-25
-2
-30
-30
-94
-83
-71
-111
-91
-129
-93
-71
-38
22
-10
23
12
67
118
117
173
176
213
213
206
206
189
214
153
144
104
58
32
-55
-87
-172
-207
-232
-227
-203
-219
-195
-199
-163
-181
-201
-214
-275
-299
-352
-388
-437
-468
-457
-441
-440
-486
-459
-451
-417
-392
-427
-412
-410
-361
-309
-299
-277
-240
-169
-129
-108
-88
-93
-87
-95
-113
-122
-120
-104
-63
-7
30
55
96
141
182
230
277
319
368
424
497
549
549
540
536
515
496
474
445
402
341
290
260
220
187
189
214
223
212
188
155
135
102
108
130
129
174
203
231
253
288
338
325
336
356
385
395
408
432
451
459
416
363
315
251
159
96
26
-18
-67
-99
-123
-197
-233
-278
-323
-380
-424
-444
-483
-502
-527
-514
-514
-524
-518
-502
-490
-468
-458
-436
-395
-380
-324
-304
-282
-220
-190
-142
-123
-114
-103
-97
-73
-29
50
128
190
243
301
355
352
342
355
306
283
237
187
141
95
106
80
58
58
77
102
66
82
89
68
62
27
35
22
6
-12
-55
-85
-152
-195
-247
-311
-358
-400
-424
-459
-435
-430
-398
-340
-319
-272
-224
-180
-139
-95
-81
-51
-39
-76
-48
-20
31
43
56
88
75
88
77
114
96
96
109
99
111
75
77
67
102
92
87
145
147
187
206
229
272
281
312
295
270
257
236
205
150
109
99
120
110
93
52
23
-6
-24
-40
-85
-68
-67
-48
-70
-108
-99
-90
-61
-25
22
52
114
180
239
291
304
298
282
265
222
167
123
78
36
-17
-63
-98
-108
-151
-224
-245
-243
-240
-249
-246
-227
-218
-217
-189
-167
-129
-91
-55
-23
6
29
28
65
67
76
55
25
66
60
54
55
80
145
162
183
200
218
222
203
204
218
229
208
188
161
151
139
89
66
35
35
39
34
60
27
46
20
4
33
3
3
-28
-44
-89
-177
-220
-308
-365
-406
-450
-455
-488
-509
-553
-569
-534
-524
-513
-499
-487
-498
-532
-536
-540
-537
-554
-563
-533
-507
-462
-420
-346
-295
-221
-136
-67
16
72
161
257
349
448
540
633
699
767
822
841
810
772
745
705
653
591
515
423
347
266
226
204
190
187
174
181
191
232
232
186
175
198
208
171
130
100
61
41
10
-30
-59
-74
-56
-42
-23
-6
20
13
-1
9
39
75
81
82
58
37
22
29
35
-37
-117
-166
-238
-298
-367
-415
-422
-455
-457
-467
-436
-415
-411
-384
-408
-369
-355
-351
-317
-276
-247
-201
-143
-101
-38
-4
19
47
58
52
21
-11
-12
9
11
-10
-13
1
19
24
18
13
13
-7
-13
-5
-20
-36
-35
-27
-49
-56
-35
-19
-5
-10
18
55
78
130
189
243
282
326
378
403
411
384
374
344
322
310
280
267
252
259
216
194
182
158
148
112
97
70
53
19
-8
-10
-9
14
-29
-56
-83
-112
-140
-191
-173
-178
-164
-139
-119
-97
-101
-70
-43
-15
-12
-11
-26
-11
32
49
67
72
74
48
27
8
-1
-31
-81
-88
-125
-136
-145
-157
-152
-174
-161
-151
-124
-76
-38
5
17
27
25
39
74
102
107
86
64
47
37
14
-19
-28
-37
-44
-64
-104
-134
-160
-167
-180
-192
-221
-274
-278
-292
-309
-325
-347
-351
-367
-376
-372
-374
-368
-356
-329
-288
-255
-210
-161
-104
-79
-21
63
105
164
229
253
269
330
345
329
332
343
360
353
342
347
366
363
370
402
396
411
386
332
287
221
186
119
58
6
-25
-70
-109
-120
-143
-175
-169
-119
-46
7
44
96
155
227
256
250
242
238
226
199
192
172
104
40
-14
-63
-82
-114
-141
-155
-161
-154
-153
-155
-131
-119
-112
-133
-151
-138
-143
-124
-99
-63
-42
0
9
35
57
47
45
0
-10
-6
-17
-11
-13
-2
12
19
35
43
52
31
25
23
13
31
46
20
0
-12
-8
-27
-54
-63
-107
-140
-154
-174
-181
-164
-160
-136
-137
-135
-126
-135
-92
-63
-41
-21
-25
1
21
21
26
48
83
108
140
166
182
192
195
198
155
132
114
102
90
68
25
-31
-66
-124
-175
-218
-240
-247
-245
-228
-225
-210
-204
-180
-139
-112
-61
-32
-20
-37
-66
-56
-37
-31
-27
-13
-25
-35
-43
-62
-82
-100
-108
-111
-105
-101
-83
-75
-50
-27
-12
7
22
59
73
73
76
75
54
38
50
21
-13
-20
-46
-64
-59
-32
-45
-45
-41
0
36
71
120
133
186
228
255
265
262
252
236
225
200
212
214
207
198
198
240
250
259
245
240
261
283
279
256
263
266
238
204
170
127
64
29
-20
-28
-32
-51
-30
-50
-34
-33
-20
25
36
35
27
16
10
-10
-51
-88
-113
-141
-210
-268
-326
-372
-385
-385
-360
-364
-395
-417
-448
-439
-449
-458
-462
-492
-487
-481
-460
-451
-430
-370
-313
-270
-258
-218
-167
-120
-55
-19
14
53
73
74
97
130
154
180
211
236
275
325
369
408
424
435
449
471
492
494
482
465
458
433
381
331
280
243
209
179
178
158
141
119
93
87
37
3
-7
-19
-28
-46
-66
-85
-90
-114
-139
-129
-98
-96
-127
-156
-180
-191
-206
-217
-202
-204
-209
-216
-225
-227
-227
-178
-137
-75
-19
16
91
141
182
212
248
270
237
216
164
99
73
33
-7
-43
-65
-89
-118
-165
-236
-290
-322
-342
-365
-362
-368
-368
-348
-339
-310
-299
-277
-247
-211
-187
-181
-166
-161
-143
-121
-109
-95
-46
26
88
151
222
293
347
362
371
373
394
406
392
385
374
351
324
270
220
186
144
96
48
21
6
-3
-11
-10
0
14
30
32
41
54
63
70
62
59
60
87
117
140
146
130
127
121
111
100
61
33
39
16
12
-6
-12
12
22
13
10
23
11
43
55
55
41
46
41
26
53
46
29
1
-1
-17
-59
-69
-78
-87
-99
-107
-113
-150
-157
-194
-217
-242
-278
-319
-377
-400
-426
-436
-447
-423
-417
-435
-431
-430
-397
-338
-296
-234
-165
-93
-16
44
101
142
176
182
171
181
194
233
264
278
276
253
276
307
320
346
374
376
362
351
338
322
273
213
145
70
6
-68
-118
-180
-231
-275
-311
-312
-306
-277
-261
-231
-190
-179
-178
-160
-147
-142
-124
-73
2
51
86
130
170
203
219
239
224
210
206
181
189
199
194
180
201
236
234
221
214
209
202
183
163
146
118
119
112
106
120
115
115
128
96
37
-8
-77
-132
-209
-279
-346
-399
-442
-475
-488
-490
-498
-513
-500
-465
-429
-398
-323
-266
-218
-173
-132
-85
-61
-38
-15
5
3
-10
-8
-24
-64
-119
-132
-124
-109
-50
14
69
140
212
288
374
467
551
616
693
749
778
797
778
743
719
685
644
591
541
467
392
313
224
143
66
-8
-76
-143
-232
-307
-378
-438
-485
-496
-470
-449
-439
-400
-363
-337
-306
-299
-288
-267
-281
-303
-329
-359
-378
-412
-452
-486
-501
-535
-529
-483
-452
-413
-351
-302
-266
-205
-160
-100
-25
35
79
131
213
282
335
391
448
491
523
566
576
566
576
560
520
458
368
301
240
161
89
48
15
-29
-63
-92
-103
-95
-90
-102
-87
-38
-19
-26
-30
-25
-35
-48
-40
-40
-25
-6
-17
-36
-25
-39
-51
-39
-22
-12
-21
-38
-71
-84
-103
-95
-80
-86
-93
-81
-56
-14
0
2
-14
-36
-19
-21
8
42
60
87
95
102
87
86
65
39
19
-27
-49
-67
-72
-88
-104
-106
-131
-160
-183
-186
-181
-180
-152
-130
-88
-21
-8
15
35
46
44
49
67
77
97
89
71
62
65
80
88
86
95
94
109
123
100
105
84
63
37
14
30
10
4
-27
-40
-46
-75
-75
-90
-84
-86
-87
-66
-72
-45
-16
29
88
114
107
87
74
65
58
41
23
29
51
49
51
70
87
96
84
92
127
147
161
169
197
197
181
177
155
157
172
166
169
181
172
172
167
165
136
95
50
5
-29
-84
-108
-143
-192
-224
-253
-266
-275
-273
-283
-279
-253
-222
-182
-162
-147
-154
-173
-191
-219
-237
-277
-299
-308
-321
-323
-309
-303
-322
-318
-303
-266
-227
-190
-157
-139
-131
-141
-152
-167
-161
-136
-105
-70
-34
25
64
111
154
195
282
340
382
411
428
454
480
493
469
430
366
319
293
257
201
148
118
84
37
9
-21
-47
-65
-88
-105
-126
-132
-102
-89
-61
-34
-4
11
12
13
2
-1
4
9
-24
-35
-42
-72
-91
-116
-122
-111
-89
-67
-58
-44
-21
7
20
37
58
77
102
122
144
189
225
239
230
208
178
179
180
148
104
62
42
10
6
-3
-41
-52
-46
-10
23
19
8
-31
-73
-107
-142
-160
-172
-191
-201
-221
-245
-258
-264
-277
-271
-280
-305
-291
-275
-248
-227
-191
-152
-130
-81
-41
-18
-14
-24
-29
-42
-62
-84
-85
-61
-34
-10
25
65
122
187
230
277
309
312
332
354
344
352
357
358
361
319
275
248
215
187
165
181
196
214
223
208
211
210
187
144
116
85
49
44
60
85
72
35
4
-27
-22
-49
-69
-63
-80
-98
-139
-177
-210
-233
-256
-277
-279
-295
-336
-358
-358
-377
-385
-408
-446
-478
-514
-534
-532
-515
-485
-468
-414
-348
-284
-238
-204
-160
-142
-124
-89
-40
16
46
44
62
65
61
52
48
67
58
42
37
32
37
51
74
95
115
130
135
157
179
216
244
283
311
327
365
373
387
393
395
421
427
426
422
392
369
365
347
324
334
356
374
380
383
403
439
446
431
402
342
295
249
204
150
101
19
-57
-123
-173
-189
-186
-174
-191
-215
-227
-228
-229
-252
-260
-270
-314
-343
-380
-401
-397
-413
-452
-505
-546
-565
-577
-594
-622
-638
-654
-694
-704
-681
-641
-609
-571
-503
-454
-389
-326
-250
-177
-135
-63
2
103
205
268
326
385
461
508
525
565
585
600
594
570
545
494
453
391
352
323
325
326
306
345
389
426
446
485
527
554
570
546
528
476
420
345
262
198
127
63
-27
-118
-179
-222
-279
-344
-396
-439
-486
-545
-568
-589
-628
-617
-602
-575
-555
-508
-457
-396
-307
-235
-130
-65
-9
56
94
127
115
109
121
146
140
99
74
48
43
34
13
-8
-4
-16
-38
-55
-42
-26
-32
-27
-32
-15
17
70
105
127
145
142
139
125
95
59
24
3
-19
-75
-128
-152
-151
-148
-151
-155
-139
-123
-138
-163
-190
-192
-196
-189
-179
-176
-178
-176
-162
-161
-167
-164
-134
-92
-49
-17
-14
-21
18
57
70
99
137
181
200
216
262
290
302
322
338
378
456
497
496
492
489
479
446
422
380
318
285
255
217
173
166
163
157
148
106
85
66
52
46
58
92
107
94
94
96
84
71
39
-3
-27
-74
-147
-212
-267
-321
-385
-435
-475
-501
-517
-525
-515
-488
-477
-483
-493
-526
-519
-498
-452
-367
-300
-248
-228
-202
-157
-121
-95
-54
0
53
68
75
111
160
225
258
283
302
299
275
230
211
197
184
142
95
51
21
-3
-32
-58
-86
-83
-63
-37
-15
13
53
73
96
141
174
186
185
179
158
153
132
77
39
-6
-35
-74
-128
-164
-193
-236
-291
-298
-290
-272
-261
-232
-182
-109
-28
38
107
150
175
206
217
214
225
223
216
194
178
175
147
106
102
100
95
105
108
118
114
117
118
90
42
19
-1
-33
-60
-83
-97
-142
-151
-168
-176
-203
-270
-305
-345
-347
-362
-354
-329
-314
-285
-259
-202
-155
-128
-112
-119
-81
-38
-10
1
17
55
81
121
166
225
272
317
363
412
470
525
560
599
630
636
645
643
622
594
562
531
485
428
363
293
216
146
96
34
-17
-75
-100
-107
-142
-149
-144
-147
-158
-148
-155
-165
-155
-153
-189
-252
-321
-385
-436
-485
-524
-560
-596
-639
-667
-682
-684
-666
-638
-586
-527
-476
-417
-368
-312
-261
-220
-190
-162
-125
-105
-62
-30
7
44
80
126
156
185
229
261
303
321
328
342
324
293
250
224
213
203
187
155
127
120
100
86
82
65
71
73
65
61
79
98
109
133
131
130
108
84
71
62
57
27
4
-8
1
-13
-26
-24
-5
21
36
58
78
101
132
178
230
250
251
236
224
223
197
153
128
92
46
11
3
-5
-46
-92
-127
-142
-178
-185
-182
-177
-138
-115
-93
-99
-112
-123
-136
-142
-170
-185
-202
-208
-223
-233
-208
-164
-104
-82
-87
-73
-41
-2
15
24
34
41
59
81
134
175
187
177
180
190
177
155
155
152
138
121
87
61
46
23
3
-15
-24
-46
-64
-68
-79
-84
-123
-158
-183
-203
-199
-196
-180
-175
-186
-180
-167
-132
-141
-162
-158
-150
-152
-144
-116
-97
-51
-11
10
28
24
16
28
37
45
46
60
71
79
89
88
82
71
73
80
96
125
164
193
211
223
235
243
237
234
229
197
150
105
45
8
-9
-25
-20
-5
2
-4
-12
-10
17
58
63
55
58
74
92
116
132
125
108
97
84
47
11
-13
-18
-41
-57
-22
33
73
100
103
82
49
25
-23
-95
-127
-158
-182
-193
-189
-180
-173
-161
-169
-170
-165
-201
-228
-220
-207
-183
-171
-135
-119
-113
-102
-131
-145
-192
-245
-270
-291
-267
-224
-169
-120
-73
-17
33
93
114
108
106
54
35
33
28
46
85
153
201
278
343
375
390
390
351
259
201
160
128
146
175
225
257
267
258
223
198
129
66
-2
-46
-49
-38
-2
29
67
79
51
1
-48
-111
-148
-161
-174
-186
-167
-123
-101
-63
-40
-32
-57
-96
-125
-174
-246
-301
-298
-310
-323
-299
-247
-191
-155
-140
-138
-165
-221
-247
-265
-235
-158
-57
106
246
349
425
457
444
358
253
131
24
-49
-118
-150
-128
-77
-41
-52
-70
-98
-112
-98
-60
11
75
159
237
324
426
490
524
528
476
394
275
127
-18
-155
-251
-298
-301
-260
-173
-63
19
85
123
124
109
86
84
90
122
168
178
178
173
147
129
74
-26
-126
-218
-259
-285
-288
-253
-197
-160
-126
-83
-85
-101
-140
-186
-232
-258
-261
-225
-144
-82
-5
67
102
142
141
108
48
-53
-111
-140
-138
-98
-65
-14
47
114
151
168
156
152
153
139
130
111
106
121
126
110
76
28
-50
-104
-149
-206
-230
-266
-231
-157
-68
66
194
305
355
341
297
220
112
13
-85
-164
-231
-277
-311
-300
-282
-282
-251
-228
-211
-211
-197
-162
-123
-66
4
64
99
134
144
123
79
13
-19
-72
-113
-126
-114
-55
9
79
152
223
250
257
248
225
205
165
158
163
186
217
237
266
262
239
214
187
133
46
-1
-38
-64
-68
-72
-67
-65
-59
-90
-98
-115
-121
-90
-72
-78
-92
-54
-35
-26
-12
-38
-73
-110
-160
-192
-210
-221
-195
-159
-112
-62
-42
-16
13
49
55
38
18
3
8
-7
7
19
8
1
-10
-26
-35
-36
-42
-62
-95
-97
-87
-84
-35
15
73
142
164
176
173
169
132
76
44
28
25
10
10
10
24
39
39
45
45
68
74
83
99
118
153
160
169
182
161
131
107
106
104
93
80
34
7
-5
0
-1
-15
-23
-20
-14
-11
-18
-44
-55
-73
-86
-83
-119
-132
-162
-212
-253
-305
-348
-416
-459
-502
-543
-536
-484
-422
-341
-259
-186
-98
-38
19
63
87
112
142
152
114
75
30
-15
-39
-38
-43
-45
-30
13
80
137
199
263
308
330
367
383
370
339
329
347
347
316
279
245
211
171
114
75
41
22
10
-15
-6
17
37
68
78
106
129
130
122
99
87
71
82
94
67
39
4
-42
-94
-160
-223
-287
-339
-404
-451
-449
-452
-445
-405
-343
-279
-212
-168
-118
-86
-85
-87
-69
-53
-22
-26
-38
-25
-33
-31
-36
-38
-41
-18
25
86
166
227
314
388
444
449
414
367
298
226
137
57
-10
-86
-133
-182
-219
-215
-192
-157
-140
-114
-81
-32
-8
23
21
18
7
18
48
59
60
32
19
-3
-30
-45
-68
-74
-39
18
77
121
147
163
164
134
100
67
72
94
91
76
59
56
23
-1
-52
-92
-127
-177
-171
-167
-136
-94
-31
41
86
115
162
187
180
167
140
128
105
82
53
21
-16
-48
-61
-91
-126
-150
-164
-191
-224
-218
-199
-173
-120
-73
-18
27
41
50
49
28
6
-45
-114
-144
-148
-162
-171
-153
-148
-143
-165
-163
-148
-168
-161
-148
-126
-108
-90
-59
-24
31
45
50
44
43
29
35
60
56
54
65
77
75
79
82
94
109
109
106
138
187
227
258
275
273
262
217
182
115
15
-58
-140
-225
-295
-349
-400
-418
-401
-366
-323
-258
-172
-60
21
86
139
196
230
246
268
266
254
239
221
169
118
61
50
44
14
2
4
40
95
141
176
214
251
282
249
206
188
144
88
31
-8
-33
-58
-77
-88
-37
3
29
79
119
150
163
147
144
135
124
125
96
70
35
-9
-74
-139
-177
-192
-208
-224
-230
-246
-239
-199
-134
-80
-20
52
98
159
205
225
216
205
187
170
115
48
14
-56
-136
-224
-308
-387
-459
-494
-516
-529
-474
-385
-294
-219
-160
-77
-4
68
132
174
212
219
222
211
173
123
36
-77
-191
-271
-338
-400
-442
-447
-425
-392
-336
-258
-172
-105
-62
-41
5
21
0
-5
-50
-83
-110
-156
-173
-180
-163
-154
-113
-65
-4
78
161
239
315
397
471
558
575
576
564
507
432
356
280
199
132
43
-48
-99
-152
-185
-187
-162
-113
-50
24
85
155
236
313
398
450
489
528
523
502
448
363
301
229
158
89
-6
-63
-111
-127
-140
-187
-221
-240
-231
-202
-174
-162
-169
-180
-184
-204
-222
-223
-213
-202
-183
-125
-81
-42
-12
16
71
98
144
192
240
292
315
312
307
312
301
285
263
234
199
150
94
4
-78
-88
-89
-69
-66
-46
8
33
60
73
67
45
-19
-84
-156
-249
-370
-517
-658
-808
-944
-1060
-1144
-1195
-1191
-1130
-1007
-862
-697
-517
-310
-107
86
251
399
542
630
717
755
768
747
690
637
542
450
336
202
97
31
-5
-8
-3
-3
21
73
134
201
278
354
414
446
474
460
440
395
342
290
206
81
-67
-202
-301
-393
-477
-518
-583
-611
-648
-684
-662
-617
-574
-543
-510
-464
-394
-350
-330
-328
-332
-324
-303
-258
-240
-199
-108
3
123
254
423
573
685
783
890
967
1009
1025
1037
1005
950
864
753
663
564
469
358
265
194
134
70
5
6
36
87
109
110
117
71
26
-34
-79
-117
-193
-278
-351
-388
-391
-429
-452
-465
-454
-430
-396
-348
-331
-291
-263
-232
-198
-210
-202
-205
-201
-209
-260
-255
-259
-271
-328
-388
-404
-411
-419
-418
-359
-275
-163
-92
-38
41
107
170
209
269
301
316
330
316
281
231
163
84
-5
-59
-118
-196
-227
-215
-195
-162
-82
-8
85
179
264
317
349
380
361
331
281
235
184
111
46
-11
-62
-103
-147
-153
-120
-84
-32
39
171
307
407
484
529
579
586
568
505
409
294
173
67
-41
-148
-255
-331
-396
-447
-492
-505
-515
-506
-462
-389
-298
-219
-131
-66
4
64
96
95
79
100
120
105
68
48
38
6
-42
-69
-67
-63
-70
-79
-84
-85
-91
-108
-112
-77
-65
-72
-78
-86
-98
-124
-143
-145
-153
-177
-179
-182
-179
-158
-118
-73
-29
-5
32
56
71
63
39
12
-20
-40
-64
-72
-109
-149
-173
-170
-128
-82
-40
-4
22
66
122
161
224
279
299
327
316
290
258
211
166
102
43
-17
-55
-34
-17
-16
-21
-12
-3
-12
10
-5
-33
-44
-46
-16
1
30
55
49
55
35
1
-18
-54
-56
-66
-71
-48
-16
25
64
137
197
258
313
352
370
411
481
515
519
487
464
432
408
395
332
263
180
85
1
-52
-69
-88
-92
-84
-58
-19
4
15
13
-11
-35
-65
-111
-164
-255
-367
-477
-576
-653
-746
-855
-927
-941
-944
-909
-859
-790
-693
-583
-467
-327
-145
0
145
263
349
416
454
456
448
446
422
412
411
384
357
331
316
302
321
346
338
333
314
300
329
343
308
265
232
212
167
109
40
-54
-164
-264
-328
-374
-420
-452
-489
-502
-511
-521
-533
-517
-455
-395
-330
-281
-237
-181
-117
-47
10
27
-2
-54
-83
-101
-102
-72
-59
-34
-11
43
89
114
178
197
207
223
235
229
214
216
205
196
175
162
162
157
145
118
100
103
103
126
177
203
208
220
271
308
326
312
261
220
191
164
134
107
94
86
37
9
2
-12
-33
-35
-13
10
-18
-44
-45
-48
-48
-40
-40
-30
-37
-56
-66
-48
-58
-69
-55
-70
-96
-109
-96
-106
-107
-109
-107
-104
-115
-124
-144
-172
-203
-216
-220
-241
-245
-232
-217
-218
-222
-207
-205
-212
-228
-234
-218
-188
-153
-103
-69
-34
4
12
22
18
25
23
13
18
-5
3
35
36
47
49
66
103
129
134
123
148
185
242
259
271
290
295
307
314
323
315
312
308
313
301
298
307
312
308
296
298
293
290
271
240
209
180
135
61
-2
-46
-121
-208
-288
-327
-366
-426
-489
-524
-527
-511
-481
-452
-439
-425
-377
-333
-267
-196
-132
-115
-103
-65
3
54
109
150
146
163
156
195
201
184
162
118
111
92
99
98
85
90
86
78
79
65
52
40
12
-29
-68
-82
-113
-148
-187
-236
-249
-281
-313
-345
-355
-336
-319
-289
-233
-143
-84
-41
12
43
60
66
84
117
145
159
177
203
208
215
230
268
289
301
322
342
351
338
306
269
243
195
140
112
72
27
-2
-27
-54
-93
