SAMPLES:	17173
BITSPERSAMPLE:	16
CHANNELS:	1
SAMPLERATE:	16000
NORMALIZED:	FALSE
-28
-19
-9
-12
-43
-64
-87
-103
-94
-65
-64
-45
-25
-44
-63
-82
-106
-119
-130
-132
-129
-150
-173
-187
-201
-199
-180
-160
-132
-125
-110
-65
-25
1
15
36
43
47
65
60
70
87
94
108
111
124
147
159
189
208
204
205
175
188
190
171
176
143
119
111
101
100
99
97
88
59
50
44
18
-18
-52
-65
-52
-41
-41
-38
-51
-42
-35
-49
-38
-26
-12
-22
-31
-18
2
-4
-7
10
13
2
-19
-35
-42
-25
-32
-50
-53
-71
-78
-90
-119
-131
-142
-138
-132
-127
-132
-132
-123
-155
-167
-156
-157
-160
-158
-151
-122
-94
-69
-15
30
82
120
155
195
194
204
185
154
156
140
129
111
100
77
48
42
19
42
72
72
80
80
76
72
72
84
92
67
51
53
40
27
14
19
7
-2
7
0
-17
-43
-46
-41
-37
-30
-5
2
-38
-58
-51
-35
-28
-17
-18
-35
-48
-51
-41
-40
-63
-68
-26
-23
-8
1
-4
-1
-28
6
37
40
62
58
58
55
58
80
76
62
38
5
-20
-41
-43
-80
-87
-77
-81
-78
-90
-92
-107
-108
-90
-81
-66
-46
-54
-65
-82
-68
-38
-36
-23
-24
-69
-112
-112
-135
-148
-172
-164
-138
-131
-98
-47
-10
-3
12
20
39
44
52
44
7
-12
-24
-15
-7
15
12
-6
-2
2
13
24
50
50
33
40
48
31
4
-22
-30
-40
-43
-50
-59
-44
-21
14
72
138
187
242
276
328
387
399
419
408
375
338
327
315
269
223
180
120
62
27
-12
-49
-77
-124
-179
-203
-208
-226
-277
-318
-327
-327
-335
-328
-297
-280
-272
-253
-205
-155
-128
-113
-90
-43
-10
10
21
24
29
28
31
24
24
29
24
24
35
55
71
67
51
48
29
12
7
6
11
22
36
24
15
-1
-20
-13
-25
-9
15
17
43
61
102
118
128
141
160
175
186
218
228
237
230
233
248
236
231
219
191
187
182
160
153
133
113
83
39
1
-47
-92
-140
-166
-216
-276
-297
-305
-296
-301
-305
-279
-254
-240
-235
-231
-205
-186
-169
-133
-131
-108
-88
-73
-58
-48
-49
-62
-43
-36
-36
-57
-57
-48
-55
-56
-50
-42
-41
-57
-57
-47
-31
-13
-18
-18
-17
-5
10
43
81
75
56
60
80
92
104
138
147
164
180
186
206
211
207
183
182
178
166
136
94
58
33
30
-5
-6
-10
-52
-61
-64
-32
1
19
41
46
67
66
68
93
118
118
127
125
99
73
47
29
9
-8
-40
-97
-140
-172
-200
-201
-196
-201
-215
-219
-219
-219
-220
-240
-248
-233
-199
-135
-72
-45
-53
-24
31
83
146
155
158
190
202
215
215
235
232
211
204
184
159
126
92
61
34
-5
-33
-80
-120
-139
-140
-125
-127
-107
-95
-80
-61
-51
-33
-29
-18
-5
0
37
58
84
91
94
102
117
115
129
129
101
119
111
125
119
110
103
70
48
36
14
7
2
-18
-37
-55
-71
-77
-83
-78
-102
-108
-104
-110
-101
-145
-129
-119
-107
-96
-95
-43
5
11
83
115
56
126
144
140
135
178
161
100
107
103
73
49
93
40
10
38
-31
-86
-58
-41
-47
-44
-48
-64
-80
-94
-88
-63
-35
-69
-37
1
-6
-35
-41
5
1
54
25
58
114
59
24
34
113
59
-49
-36
-7
-72
-123
-113
-99
-138
-223
-195
-161
-162
-183
-194
-143
-152
-184
-183
-133
-126
-160
-114
-64
-44
-49
-36
-16
15
15
23
89
89
62
38
53
74
96
116
109
104
83
75
65
66
63
47
9
-59
-72
-56
-67
-104
-108
-99
-132
-132
-99
-31
5
34
85
136
154
182
202
212
250
244
235
238
262
264
241
222
231
230
221
218
212
194
182
152
118
91
46
31
-19
-69
-93
-107
-128
-168
-187
-186
-206
-230
-240
-240
-245
-239
-227
-203
-180
-153
-115
-95
-58
-33
-13
-5
14
31
53
71
78
101
111
104
105
117
97
80
51
15
-15
-19
-23
-35
-41
-46
-41
-38
-35
-48
-54
-38
-18
-3
9
27
46
53
59
69
88
109
93
83
85
110
124
133
150
155
144
101
68
55
42
12
-38
-68
-100
-155
-192
-226
-239
-262
-295
-295
-283
-264
-270
-250
-204
-189
-169
-170
-184
-190
-200
-195
-175
-151
-135
-104
-70
-50
-20
-1
35
50
50
85
113
97
93
110
120
118
138
135
138
140
130
132
95
91
114
112
81
54
43
9
-37
-86
-140
-189
-225
-222
-210
-189
-168
-145
-125
-86
-17
18
48
49
77
110
123
164
197
219
236
228
232
252
251
261
275
294
296
279
296
315
296
287
270
222
165
139
113
88
66
38
7
-24
-71
-110
-133
-157
-178
-231
-266
-302
-329
-332
-318
-278
-257
-259
-214
-178
-157
-116
-81
-18
30
76
114
134
126
96
73
68
48
40
28
-7
-36
-66
-80
-77
-77
-76
-70
-80
-84
-71
-39
-21
7
44
69
73
100
113
105
107
137
167
182
191
188
198
166
162
149
145
160
125
107
81
48
35
9
-52
-89
-130
-194
-242
-269
-305
-369
-413
-458
-493
-531
-522
-511
-533
-530
-508
-459
-420
-416
-392
-328
-263
-227
-176
-88
-34
12
54
135
219
297
365
405
429
441
437
430
454
443
418
394
340
278
213
167
102
23
-30
-67
-86
-110
-129
-160
-166
-159
-160
-128
-90
-63
-54
-17
16
48
74
99
142
159
173
191
229
243
237
237
257
259
240
256
262
239
202
172
132
66
16
-40
-84
-125
-177
-220
-277
-355
-414
-426
-412
-401
-397
-377
-351
-335
-290
-202
-115
-51
19
90
140
192
248
295
338
392
452
508
540
550
546
504
451
376
341
303
256
228
174
130
50
-5
-85
-169
-195
-212
-239
-250
-264
-270
-257
-220
-162
-100
-36
9
67
110
157
221
278
344
387
414
438
461
447
409
401
370
338
303
261
205
120
63
-18
-111
-186
-281
-350
-440
-545
-624
-718
-784
-843
-879
-906
-933
-921
-890
-808
-705
-608
-499
-365
-250
-117
-14
80
163
241
345
381
411
428
432
426
391
353
326
267
182
90
-15
-104
-214
-341
-433
-506
-566
-614
-653
-671
-704
-718
-696
-659
-599
-551
-464
-362
-226
-75
78
230
345
461
559
664
766
856
930
979
1017
1030
1005
969
911
830
718
609
517
390
239
120
16
-100
-206
-269
-296
-331
-341
-307
-273
-257
-235
-207
-167
-126
-76
3
70
119
156
218
292
325
348
389
411
405
392
403
391
344
291
222
172
85
11
-52
-135
-241
-321
-370
-434
-477
-527
-575
-583
-594
-562
-505
-447
-373
-328
-273
-202
-122
-30
40
98
151
187
224
245
295
359
394
409
399
384
350
321
265
181
129
80
33
-39
-123
-207
-278
-330
-372
-406
-412
-423
-453
-460
-443
-391
-334
-278
-240
-210
-165
-104
-48
-29
11
82
164
207
245
288
323
342
331
345
349
331
300
294
272
218
169
91
11
-58
-135
-177
-196
-213
-239
-284
-332
-328
-324
-310
-266
-252
-242
-224
-196
-189
-185
-162
-116
-78
-30
32
73
129
146
186
255
299
327
331
340
320
299
272
240
193
120
65
25
-3
-16
-26
-50
-54
-38
-1
35
41
74
93
120
162
178
191
194
201
185
162
139
149
159
108
60
24
11
-25
-73
-132
-191
-242
-300
-349
-391
-411
-423
-437
-424
-397
-367
-316
-262
-192
-145
-96
-48
-9
28
66
102
139
166
208
241
263
292
323
348
367
399
405
391
373
366
319
261
219
138
65
-6
-63
-98
-131
-163
-211
-264
-328
-374
-392
-396
-410
-402
-392
-376
-355
-329
-300
-268
-231
-189
-145
-96
-34
17
89
143
183
210
249
281
312
334
337
348
317
290
264
225
207
193
147
96
38
-22
-82
-134
-157
-166
-186
-221
-227
-218
-206
-183
-161
-125
-78
-17
35
59
86
121
142
144
161
190
197
182
144
110
80
45
3
-19
-58
-99
-115
-148
-188
-219
-213
-217
-225
-231
-233
-221
-218
-204
-189
-145
-102
-78
-28
36
106
162
224
280
319
323
316
328
346
346
342
325
289
241
165
79
-3
-70
-141
-195
-254
-303
-351
-369
-390
-430
-437
-446
-436
-429
-421
-407
-379
-338
-306
-243
-166
-84
3
101
176
216
249
275
298
292
271
229
181
145
92
44
6
-18
-35
-62
-95
-75
-43
-32
-31
-13
8
22
59
101
148
181
222
255
291
331
346
335
324
324
323
311
297
277
216
149
96
85
59
28
-5
-63
-103
-149
-160
-172
-173
-184
-212
-234
-269
-280
-311
-340
-357
-372
-359
-356
-340
-310
-274
-239
-176
-98
-3
71
127
196
242
264
275
288
310
310
292
277
227
185
181
176
155
135
117
114
83
53
19
-6
-23
-29
-23
-20
-19
-12
9
10
15
30
58
74
80
65
71
114
146
167
156
152
165
163
153
159
137
85
44
5
-18
-41
-75
-108
-143
-181
-224
-290
-334
-366
-394
-413
-450
-484
-508
-517
-534
-559
-560
-527
-503
-466
-416
-399
-358
-325
-277
-212
-142
-50
0
34
88
116
140
200
249
284
282
269
277
298
290
262
257
220
183
159
137
98
55
22
-20
-28
-50
-46
-14
9
38
65
106
146
185
237
304
376
424
444
464
459
463
442
425
393
348
310
245
171
87
13
-40
-92
-143
-181
-232
-266
-285
-294
-299
-326
-335
-306
-270
-231
-197
-159
-101
-39
35
76
99
109
122
164
186
227
261
274
298
286
273
275
242
180
117
37
-62
-172
-286
-377
-475
-580
-676
-747
-802
-872
-910
-938
-938
-894
-837
-721
-616
-488
-354
-244
-96
33
188
344
480
640
767
881
982
1042
1103
1140
1171
1177
1144
1077
978
854
718
590
449
296
144
-21
-178
-285
-400
-475
-534
-589
-614
-634
-596
-576
-535
-487
-432
-351
-288
-214
-153
-57
47
133
206
240
262
284
320
362
373
379
362
330
284
205
140
69
23
-34
-117
-215
-323
-400
-498
-572
-633
-685
-715
-739
-744
-736
-702
-669
-614
-529
-442
-368
-271
-148
-31
93
221
357
467
568
661
714
757
775
771
773
752
714
659
580
504
414
329
224
119
16
-63
-146
-216
-273
-347
-406
-465
-495
-516
-517
-515
-535
-505
-446
-386
-298
-211
-105
-19
65
153
217
300
378
439
482
522
570
585
591
592
582
535
459
376
268
180
83
8
-96
-203
-277
-362
-441
-496
-532
-565
-603
-651
-678
-691
-688
-681
-669
-614
-554
-490
-417
-338
-237
-146
-42
59
131
221
296
360
418
461
516
519
513
504
499
502
487
460
418
376
336
270
210
143
104
92
50
36
40
56
83
104
138
194
238
277
308
337
357
381
385
376
360
344
334
298
261
236
214
162
103
39
-43
-122
-167
-235
-310
-382
-438
-489
-553
-585
-611
-621
-655
-694
-718
-724
-706
-672
-635
-630
-605
-567
-532
-492
-433
-348
-280
-228
-153
-81
-12
50
104
161
181
220
275
307
338
357
372
383
383
372
361
311
252
197
146
70
11
-32
-75
-91
-112
-135
-141
-120
-132
-151
-151
-113
-80
-61
-29
-10
-2
-5
2
-1
12
30
43
65
82
82
91
115
146
158
182
225
266
294
316
343
377
394
391
416
432
414
394
392
380
370
367
383
373
361
343
328
343
319
267
227
182
149
103
34
-31
-123
-211
-294
-385
-471
-537
-603
-645
-667
-679
-678
-678
-649
-613
-595
-565
-552
-536
-511
-479
-431
-414
-367
-304
-261
-217
-169
-114
-74
-13
44
82
134
166
202
234
288
329
341
352
352
373
383
387
370
365
375
351
330
316
338
336
307
291
263
237
203
206
192
165
150
124
111
77
63
71
53
34
-4
-20
-26
-37
-58
-84
-124
-159
-186
-207
-200
-210
-226
-234
-237
-241
-225
-208
-196
-164
-122
-101
-96
-86
-87
-100
-104
-98
-105
-117
-130
-135
-170
-212
-227
-220
-216
-230
-246
-244
-232
-228
-232
-247
-248
-233
-200
-184
-171
-139
-89
-42
-4
25
54
58
69
82
96
119
139
160
164
170
164
163
162
163
186
215
241
284
317
350
360
368
377
386
380
371
358
312
265
190
130
100
57
16
-7
-21
-29
-40
-70
-95
-96
-83
-70
-44
0
31
59
91
130
145
145
158
149
141
126
102
37
-21
-76
-176
-274
-383
-478
-551
-607
-638
-663
-689
-677
-636
-579
-480
-369
-232
-113
-14
107
191
245
248
254
283
294
307
299
288
279
231
149
78
12
-62
-127
-181
-216
-226
-237
-247
-269
-280
-248
-188
-133
-75
-34
-14
20
56
101
155
204
230
238
215
188
151
111
99
97
115
144
159
159
186
221
251
274
295
318
324
346
385
400
414
415
400
378
304
230
151
70
12
-40
-70
-104
-170
-220
-239
-239
-233
-214
-194
-172
-115
-53
33
89
133
157
158
171
189
207
191
138
63
-2
-45
-109
-175
-234
-294
-345
-384
-395
-389
-379
-377
-372
-360
-322
-264
-210
-172
-167
-150
-111
-101
-139
-214
-254
-250
-238
-206
-173
-156
-155
-169
-161
-126
-94
-84
-87
-60
-26
9
46
51
87
87
93
121
112
96
54
20
5
-19
-52
-97
-119
-133
-131
-114
-100
-77
-50
-27
9
66
150
238
309
388
460
512
549
602
645
652
632
587
520
428
342
274
188
109
24
-56
-119
-159
-159
-165
-168
-184
-186
-165
-137
-92
-45
-6
25
62
63
50
48
35
39
31
5
-22
-56
-90
-116
-143
-174
-207
-229
-246
-265
-274
-271
-235
-206
-157
-115
-91
-61
-34
-23
-16
14
23
29
19
-10
-33
-64
-65
-56
-61
-66
-67
-62
-66
-56
-17
28
76
110
134
177
221
241
224
202
188
146
115
109
91
86
74
74
71
71
51
18
-20
-50
-80
-99
-105
-77
-64
-83
-78
-79
-77
-59
-60
-73
-51
-15
35
39
57
80
93
89
59
40
-10
-60
-82
-125
-167
-209
-238
-244
-253
-264
-213
-175
-160
-143
-150
-116
-88
-66
-59
-38
-5
12
25
45
54
27
8
13
36
69
86
118
131
152
163
190
222
230
239
220
231
214
209
188
187
188
197
203
180
190
162
149
144
166
163
134
99
79
87
80
92
75
89
99
103
72
52
51
29
7
-20
-25
-43
-49
-87
-124
-156
-193
-206
-232
-285
-313
-315
-301
-282
-292
-272
-247
-245
-236
-232
-197
-164
-156
-134
-100
-64
-31
-19
-8
-9
-10
-14
-11
-7
-2
31
44
52
43
41
45
37
42
58
54
35
32
16
-1
0
22
45
43
22
-9
-45
-71
-88
-107
-120
-96
-58
-29
-29
-32
-11
21
62
102
119
138
162
208
234
248
277
290
283
233
206
157
95
44
-2
-32
-53
-54
-52
-71
-95
-134
-158
-173
-189
-186
-173
-156
-119
-81
-48
7
92
142
184
209
205
203
187
185
165
135
135
136
147
128
107
115
79
34
1
-12
-32
-60
-77
-112
-148
-199
-236
-264
-291
-297
-297
-266
-231
-193
-138
-61
23
90
148
218
286
326
341
343
337
327
325
338
329
317
307
248
171
101
9
-62
-148
-252
-323
-396
-459
-509
-531
-553
-573
-560
-513
-457
-400
-338
-260
-164
-49
52
117
214
291
341
355
375
415
429
423
377
342
318
270
226
162
90
40
-9
-62
-158
-274
-339
-377
-440
-498
-528
-540
-534
-541
-536
-507
-445
-374
-297
-216
-143
-54
13
72
150
213
285
352
408
453
452
476
471
447
406
355
306
264
253
233
194
144
113
78
34
-26
-84
-142
-190
-206
-199
-197
-210
-215
-205
-172
-148
-129
-51
-2
40
107
184
259
319
389
442
480
518
555
564
555
538
494
439
400
349
284
196
100
17
-80
-187
-293
-396
-497
-570
-645
-709
-758
-787
-773
-756
-735
-702
-637
-538
-453
-358
-239
-137
-41
60
153
269
363
414
429
455
486
504
505
472
443
382
314
236
152
87
-5
-88
-174
-258
-328
-382
-419
-461
-489
-485
-454
-417
-354
-287
-240
-162
-64
35
115
189
269
333
410
467
537
579
624
649
622
609
568
493
377
281
176
47
-72
-174
-261
-362
-448
-498
-556
-613
-645
-644
-606
-579
-528
-478
-416
-333
-228
-110
-14
73
161
246
319
404
460
485
502
498
492
481
450
428
383
311
195
77
-20
-118
-196
-266
-319
-363
-415
-470
-526
-585
-614
-622
-628
-634
-610
-581
-557
-506
-446
-382
-315
-245
-138
-44
45
133
198
284
341
391
434
444
454
467
475
468
468
448
421
401
364
310
246
179
113
61
-9
-68
-129
-176
-200
-230
-247
-258
-250
-224
-183
-103
-33
39
132
217
302
385
459
542
621
673
718
730
758
764
756
751
739
717
673
602
506
410
320
213
83
-37
-162
-290
-437
-558
-680
-745
-784
-803
-789
-762
-691
-635
-565
-483
-377
-267
-181
-112
-24
46
99
139
179
217
214
184
137
105
44
-40
-118
-179
-223
-293
-343
-385
-430
-464
-495
-504
-509
-499
-490
-459
-389
-338
-293
-242
-211
-149
-82
-15
49
108
179
244
265
264
256
247
222
189
172
114
56
-4
-61
-130
-202
-258
-300
-322
-331
-336
-339
-323
-309
-300
-274
-248
-206
-161
-117
-53
-7
26
74
136
187
238
274
332
404
441
462
501
549
554
555
570
594
611
616
635
630
627
637
633
634
618
592
545
498
436
340
266
176
80
-28
-116
-203
-276
-332
-382
-418
-428
-431
-446
-455
-470
-456
-431
-385
-367
-329
-284
-258
-224
-223
-195
-175
-170
-171
-191
-216
-244
-237
-247
-289
-328
-349
-389
-419
-453
-478
-469
-446
-410
-371
-331
-270
-206
-108
1
91
221
329
433
526
631
732
806
840
859
888
899
905
877
841
774
693
614
507
410
300
166
34
-70
-171
-251
-301
-338
-364
-390
-394
-387
-368
-348
-319
-290
-238
-191
-149
-114
-93
-52
-41
-47
-25
-24
-9
1
-22
-41
-71
-94
-116
-147
-170
-187
-213
-258
-292
-307
-328
-346
-335
-303
-271
-242
-219
-219
-223
-200
-171
-148
-146
-137
-136
-128
-102
-78
-58
-61
-43
-28
-9
27
59
64
76
107
122
113
115
160
186
165
147
166
158
150
141
140
137
100
80
58
25
12
-26
-40
-58
-78
-84
-97
-96
-84
-51
-21
-10
15
77
136
202
242
306
385
433
455
453
457
463
473
447
411
362
297
243
176
121
69
14
-53
-120
-171
-201
-222
-245
-256
-254
-217
-200
-186
-160
-140
-112
-79
-33
9
71
138
187
225
240
261
265
266
268
258
252
230
202
174
127
77
31
-22
-69
-129
-195
-266
-299
-347
-398
-418
-459
-480
-502
-502
-480
-447
-398
-327
-264
-211
-150
-106
-44
-3
45
82
75
80
77
54
41
25
-8
-28
-66
-97
-140
-192
-233
-252
-262
-249
-207
-164
-128
-90
-15
38
77
124
174
211
229
233
221
228
239
231
205
199
192
178
159
127
124
114
122
149
184
224
243
240
227
211
178
151
104
46
-2
-78
-159
-225
-240
-272
-296
-316
-337
-337
-347
-328
-293
-250
-206
-126
-60
4
78
133
166
160
142
82
55
54
83
101
120
174
208
262
296
354
384
385
358
314
286
234
200
156
104
23
-57
-162
-255
-356
-445
-504
-554
-542
-526
-477
-427
-354
-255
-167
-59
31
128
185
227
256
271
301
294
283
271
250
218
168
121
86
49
26
-3
-12
-12
-20
-26
-52
-42
-60
-70
-80
-79
-67
-72
-39
-1
52
138
236
322
438
539
648
719
728
685
601
505
391
240
50
-112
-240
-373
-512
-611
-697
-758
-789
-790
-753
-700
-651
-584
-528
-481
-441
-397
-385
-389
-374
-366
-343
-347
-371
-366
-333
-280
-196
-137
-90
-9
58
134
202
276
344
389
434
447
455
461
451
439
438
433
409
395
427
471
501
535
540
544
507
462
447
372
284
192
97
27
-17
-42
-47
-61
-61
-69
-50
-37
-42
-48
-77
-109
-125
-116
-115
-124
-157
-159
-178
-207
-225
-226
-231
-250
-245
-254
-268
-259
-223
-210
-162
-132
-111
-64
-29
-1
18
43
68
100
111
116
136
154
143
137
148
132
113
100
95
92
79
93
82
67
40
0
-39
-104
-166
-229
-295
-352
-408
-441
-464
-501
-530
-544
-530
-494
-457
-409
-345
-261
-165
-83
7
76
123
197
260
321
383
424
438
428
399
357
312
251
165
92
50
10
-52
-116
-188
-275
-343
-396
-402
-379
-364
-308
-247
-174
-89
10
110
210
310
400
481
541
590
622
646
612
567
526
488
464
421
366
316
249
187
136
75
20
-17
-55
-97
-109
-117
-122
-134
-117
-93
-98
-103
-102
-96
-89
-90
-103
-136
-180
-239
-285
-316
-327
-336
-358
-341
-317
-262
-218
-158
-66
32
138
243
334
373
391
395
384
338
270
195
124
57
-13
-82
-140
-175
-212
-228
-249
-236
-211
-199
-183
-178
-171
-177
-189
-215
-238
-271
-297
-324
-318
-280
-244
-167
-97
-38
0
55
99
135
171
189
221
223
223
191
141
88
55
47
19
-2
-22
-46
-66
-92
-110
-102
-102
-102
-84
-51
-35
-37
-43
-47
-55
-63
-49
-22
18
71
112
129
155
183
210
245
262
280
287
287
285
268
228
204
183
134
82
31
-15
-42
-73
-118
-137
-119
-91
-81
-71
-63
-42
-22
7
24
50
79
84
89
87
96
100
109
122
124
122
85
54
27
-22
-49
-59
-52
-46
-47
-57
-56
-62
-75
-83
-76
-86
-94
-103
-104
-85
-79
-91
-104
-128
-158
-176
-209
-222
-239
-216
-195
-188
-174
-173
-153
-141
-120
-106
-79
-84
-83
-62
-44
-5
31
73
85
96
136
162
174
176
168
169
165
168
148
139
118
72
41
-9
-45
-71
-106
-131
-128
-127
-111
-102
-83
-48
-25
17
32
49
44
46
76
81
87
82
94
94
109
139
162
179
181
165
144
139
146
166
144
140
148
140
130
84
54
20
-1
8
29
30
22
23
10
20
50
85
93
99
81
64
71
74
83
78
58
34
25
-7
-40
-65
-93
-130
-188
-211
-231
-247
-282
-325
-354
-398
-425
-439
-437
-437
-415
-414
-390
-366
-355
-333
-327
-298
-256
-199
-155
-123
-111
-108
-131
-120
-102
-59
-6
24
60
97
142
202
246
286
359
441
538
605
662
685
700
735
762
770
750
691
633
571
492
405
316
234
133
44
-35
-97
-130
-166
-183
-212
-226
-243
-271
-294
-303
-298
-310
-296
-299
-304
-313
-329
-330
-329
-325
-315
-293
-269
-257
-260
-248
-253
-241
-233
-255
-277
-271
-278
-293
-285
-262
-244
-249
-230
-204
-172
-131
-70
-8
61
129
202
286
360
431
496
560
627
641
643
638
608
586
540
486
425
383
310
224
165
128
101
46
50
52
57
63
54
82
61
64
73
42
41
54
21
-17
-43
-112
-153
-198
-275
-302
-344
-431
-426
-449
-464
-399
-412
-359
-283
-204
-91
-28
25
113
163
189
280
310
348
344
308
287
220
152
53
-26
-104
-177
-244
-325
-403
-442
-490
-510
-473
-477
-433
-429
-459
-387
-381
-367
-286
-265
-192
-142
-157
-130
-65
-119
-82
-93
-142
-39
-126
-119
-40
-116
-48
-9
-104
9
20
31
199
132
180
251
204
375
450
462
655
656
690
781
704
800
836
757
787
728
653
684
545
490
436
242
229
128
-9
-20
-165
-291
-286
-473
-497
-513
-652
-565
-592
-619
-527
-541
-503
-360
-371
-253
-176
-171
-60
-85
-57
-7
-14
13
42
-2
73
46
-19
48
-29
-24
12
-58
13
84
32
115
111
64
160
98
119
184
133
205
231
216
254
269
256
278
243
209
213
157
125
70
-10
-79
-176
-248
-375
-492
-529
-634
-652
-654
-657
-575
-549
-460
-343
-257
-137
29
100
206
291
302
391
354
407
459
429
459
441
397
406
383
288
283
227
181
183
105
57
73
55
54
83
30
67
42
38
65
59
24
43
34
-45
-7
-70
-110
-167
-188
-276
-324
-373
-480
-463
-597
-576
-586
-613
-520
-476
-442
-370
-280
-271
-170
-180
-118
-59
-48
102
167
221
300
371
482
613
682
811
845
898
854
778
678
507
493
273
211
59
-37
-87
-188
-211
-349
-316
-476
-452
-414
-488
-362
-371
-363
-243
-248
-246
-69
-148
-70
-2
-223
-127
-270
-400
-306
-491
-469
-387
-523
-447
-467
-524
-522
-564
-639
-575
-529
-530
-305
-302
-146
33
-7
183
307
311
500
477
507
735
604
645
759
589
802
728
545
832
617
633
758
523
643
525
334
386
307
245
348
292
292
438
209
267
193
122
148
-69
8
-127
-111
-147
-244
-134
-226
-234
-301
-285
-312
-336
-373
-456
-292
-339
-206
-146
-44
65
149
79
-5
63
-174
-165
-436
-511
-537
-619
-614
-541
-505
-424
-242
-392
-68
-202
-185
-54
-209
-14
-60
-87
-41
126
-20
160
79
-51
265
-84
94
49
-120
27
-73
-79
51
-42
-36
91
-30
91
-24
5
112
92
192
148
152
313
262
311
399
347
453
210
237
-26
-105
-144
-473
-180
-451
-303
-118
-216
140
224
196
355
483
402
682
432
355
582
281
386
282
104
236
142
-22
-62
-251
-417
-422
-567
-663
-575
-708
-586
-489
-592
-426
-346
-363
-111
-197
-222
-33
-148
-133
-57
-215
-109
10
-227
41
-134
-133
-66
-230
-182
-258
-226
-344
-83
-111
16
84
58
170
222
253
46
349
183
368
543
363
655
747
728
934
958
888
1168
965
942
998
692
658
681
297
335
125
-222
146
-290
-238
-182
-469
-160
-325
-419
-342
-452
-409
-361
-405
-497
-311
-349
-242
-133
-230
-90
-96
25
-200
32
-292
-419
-285
-981
-746
-1063
-1318
-1045
-1322
-1267
-1022
-1153
-941
-639
-631
-173
7
184
475
608
647
731
860
783
888
836
674
803
600
375
473
112
139
72
-258
-99
-252
-371
-180
-376
-373
-113
-300
-58
98
-48
263
163
116
265
108
193
244
250
417
596
801
1052
1334
1535
1718
1928
1825
1778
1535
1088
776
250
-206
-623
-1006
-1193
-1374
-1484
-1484
-1442
-1344
-1186
-1001
-849
-755
-615
-540
-480
-357
-464
-285
-255
-226
-36
-210
-134
-271
-262
-215
-423
-380
-498
-521
-484
-573
-549
-603
-587
-505
-476
-383
-387
-230
-136
71
244
339
672
691
1195
1244
1340
1594
1292
1364
1108
727
434
-35
-375
-605
-1023
-1172
-1343
-1285
-1184
-1013
-800
-612
-39
34
416
704
872
1485
1798
2056
2580
2649
2966
3144
2720
2620
1866
1341
740
-28
-684
-1295
-1625
-1890
-1812
-1959
-1748
-1531
-1241
-965
-893
-778
-713
-498
-360
-103
59
310
553
733
712
468
177
-292
-678
-1228
-1617
-1954
-2045
-1922
-1775
-1384
-1144
-551
-205
183
508
463
769
776
831
919
1040
1071
1405
1225
1268
1266
702
780
50
-269
-567
-962
-1201
-1278
-1247
-1183
-810
-654
-399
-162
-157
-237
-151
-577
-429
-430
-626
-122
-157
75
582
588
878
1104
867
1154
929
665
704
63
167
-43
-366
-196
-536
-369
-377
-607
-672
-748
-913
-535
-685
-386
149
94
1160
744
1198
1182
590
1055
215
-55
-232
-766
-597
-738
-1119
-900
-983
-875
-794
-1007
-978
-876
-859
-637
-305
491
1522
2728
3757
4517
5418
5349
5208
4347
3214
2077
661
-649
-1648
-2480
-3061
-2973
-3227
-2534
-2172
-1717
-967
-686
-69
0
187
329
556
732
1121
1447
1817
1935
1657
1611
1161
810
-83
-768
-1212
-1856
-2197
-2619
-2730
-2586
-2653
-2471
-2138
-1905
-1500
-1329
-1137
-767
-689
-496
-254
-27
264
299
427
687
529
606
487
584
1008
555
847
713
742
1013
406
560
480
179
99
-7
-1
298
300
369
734
943
1276
1130
1138
707
621
36
-318
-331
-856
-634
-708
-628
-407
-519
-867
-726
-1304
-1564
-1987
-2412
-2151
-2245
-2296
-2036
-1533
-1075
-515
-382
-52
221
338
335
466
408
649
801
1111
1463
1574
1435
1359
1333
608
396
-247
-293
-223
-399
-264
54
557
721
1160
1150
1251
852
7
-5
-325
-468
-440
-518
323
907
1360
1320
1250
863
299
-534
-1545
-1744
-2267
-1426
-706
799
2116
3956
5909
7138
7811
6878
6396
4522
3062
476
-1684
-2762
-3505
-3267
-3488
-3126
-2760
-2018
-1879
-1916
-2609
-3010
-3059
-2955
-2344
-2183
-971
277
1865
3005
3290
3384
2842
2163
551
-1308
-3155
-4285
-4475
-4347
-3888
-3101
-1775
-541
654
929
1200
1223
1172
1404
1102
1123
1089
1275
1613
2495
2013
2115
1694
743
727
-1695
-2445
-3782
-4784
-4664
-5264
-4838
-3912
-2988
-2388
-1344
-1716
-840
-889
-529
195
-117
646
531
1775
1909
2345
2446
2343
2974
2687
2443
1945
1579
978
960
55
79
95
-46
814
386
754
608
330
468
-71
-346
-688
-1241
-1149
-1303
-1019
-600
-172
1023
1750
2861
3307
3686
3265
2365
743
-494
-1545
-3518
-3599
-4915
-3601
-3475
-3313
-2111
-2333
-1234
-1943
-2535
-3372
-3544
-4713
-4402
-4602
-2665
793
5123
11365
14292
17212
17433
18361
16643
11984
6060
597
-2812
-6023
-8573
-10842
-9643
-8381
-6135
-5599
-5319
-4663
-5003
-4615
-5173
-4926
-4764
-2843
570
4737
7908
9903
11964
13037
12774
9223
5185
1328
-1932
-4866
-8223
-9867
-10236
-9210
-7958
-6751
-5529
-4056
-3143
-2008
-1029
-1261
-797
-543
1652
3465
4407
5338
5959
7342
6943
5280
2392
120
-1840
-4152
-6047
-7687
-7547
-7065
-4878
-2653
-1164
192
-140
1798
1186
677
-1421
-2346
-799
-727
436
-479
1898
2922
4619
3912
2909
2346
1015
1023
-687
-584
-2191
-1390
-1091
239
291
-400
168
211
1218
-257
-843
-1627
-807
-479
-940
-961
-763
445
1036
1506
1596
2117
1935
2191
1373
333
-841
-2076
-1731
-2579
-2368
-3362
-2451
-1540
-490
657
455
2176
1598
3163
1610
1992
1275
-126
1089
-763
949
-226
647
1064
1870
1498
975
443
-940
67
-2887
-1730
-3178
-1606
207
2449
6953
9077
12144
11195
12694
10488
8728
4150
-333
-2570
-6005
-6889
-9019
-7617
-7000
-5090
-4657
-3833
-3554
-4227
-4678
-6215
-5641
-6741
-5440
-3706
-53
3309
5286
7654
8724
9943
8009
5516
2460
-322
-2476
-5134
-6857
-7801
-7899
-7522
-6228
-5432
-4278
-3565
-2735
-1119
-596
-244
642
2111
4359
5936
6360
7253
7446
7512
6827
4475
2076
-3
-2928
-2672
-5392
-5817
-5219
-5575
-1350
-2400
-946
-835
-1049
23
-754
-2481
-1929
-1871
-732
1509
670
3162
3307
4835
4875
3692
2506
931
755
-1041
-1085
-2275
-2267
-1570
-1208
-978
-1237
-1433
-1856
-634
-1764
-1517
-2194
-2181
-909
-1058
-774
-515
-200
-65
908
148
684
989
1236
2612
2679
2695
3806
2983
4784
3427
1836
1358
-1693
-449
-3340
-3385
-3745
-4795
-2218
-3238
-1709
-709
-1602
384
-825
-266
270
-814
1260
2440
3824
7116
9262
11938
16472
15054
16016
12837
9838
7780
981
-2718
-7490
-9543
-11268
-11247
-12257
-10358
-9225
-8955
-6807
-7775
-5801
-6054
-5327
-3452
-2034
232
2802
5650
8157
10142
9514
9535
7908
5779
2528
-1369
-3668
-5847
-6829
-8280
-7742
-7857
-7100
-6360
-6614
-4851
-4694
-3578
-2543
-1156
1109
2814
4864
6862
8835
9171
9496
8742
7331
5986
2671
507
-1740
-3768
-5024
-6103
-6311
-5740
-5526
-5592
-3011
-4074
-1710
-2572
-2277
1033
-1310
1643
-369
1511
2425
1648
2075
1953
2945
2424
2752
1155
2442
1302
1112
343
-215
-264
-1241
-1281
-1888
-1403
-2452
-2206
-1978
-1488
-1143
-1240
-681
-89
361
-178
-224
-211
270
158
784
895
2428
3096
3112
4743
3193
4678
2780
2231
1620
-673
-53
-2611
-1140
-2683
-1479
-913
-638
310
-1345
-279
-2740
-1842
-4814
-4443
-4640
-4515
-1906
-2165
1855
3226
7562
8433
11776
12479
12756
15345
11817
12981
8325
6418
4110
129
-2957
-6698
-8566
-10810
-10149
-12865
-10842
-10105
-8705
-6073
-5506
-2916
-1675
137
1009
2996
3275
4256
5087
4726
5850
4202
3450
2373
926
-357
-2399
-4152
-5654
-6112
-7545
-7526
-8341
-8131
-7282
-7117
-5330
-4162
-2344
-555
1317
3287
5631
6355
7667
7871
8145
9052
5386
5135
1829
814
-1024
-5146
-5860
-7508
-6520
-6514
-5605
-4918
-2009
-742
812
2206
2101
2940
1912
1955
496
-78
-1411
-1117
250
160
1524
1958
3840
5138
4990
4155
4139
3887
3273
2783
989
1219
382
-327
-525
-1315
-1605
-2488
-3204
-3146
-2778
-3378
-3102
-2986
-1793
-806
-1109
-19
874
2039
2483
2171
2720
2687
2508
1505
1106
743
-418
-983
-1495
-1342
-1481
-2360
-3605
-2729
-3617
-4426
-5213
-6282
-4577
-4330
-4408
-2345
-1041
674
2819
2196
4809
5471
5934
7156
7391
9532
9718
10763
11357
12320
11400
8869
6862
4501
1903
-2374
-5399
-7999
-8250
-9675
-10266
-9056
-8300
-6108
-6205
-4565
-3566
-2422
-2235
-2037
-510
-136
863
937
2913
4047
4760
4739
4702
5697
4219
3230
913
-630
-2387
-5607
-7853
-9352
-9897
-10628
-9835
-8931
-5539
-3505
-1089
2141
4437
7540
7648
8729
8932
9518
8489
7116
5895
4360
3130
-170
-1301
-3810
-4905
-6311
-7828
-7230
-6958
-6423
-5433
-4067
-2959
-1358
-1722
-429
837
1088
1778
1636
2549
3819
3724
3711
4261
4558
4539
4018
3478
3200
2740
664
-327
-1427
-2517
-3438
-4788
-4567
-3934
-3835
-3651
-2646
-1552
-642
-168
-393
275
140
-428
-433
-764
-492
-717
-502
-306
869
354
380
559
573
1306
120
705
575
1525
1324
726
1386
130
820
-1637
-1956
-3151
-3943
-4097
-5443
-3553
-4187
-1262
-925
2732
5114
7896
10499
12650
15773
15835
17635
14545
14350
10415
7183
3240
-1186
-4398
-8153
-9906
-12120
-11546
-13027
-11653
-11218
-9728
-7818
-6857
-4464
-2702
-39
1439
3679
5126
7381
8142
8474
8243
7239
6528
4288
2643
96
-1938
-4116
-6217
-7865
-9641
-11030
-11858
-12407
-12060
-11421
-10048
-7742
-4793
-1479
1937
5703
8629
11741
13059
13986
13811
12020
9635
6560
2893
-600
-4031
-7582
-8734
-10458
-10601
-9908
-9272
-6305
-4399
-1843
357
1943
3597
4012
4562
3931
3591
2751
2038
1842
1377
1107
1061
1143
1265
1770
1358
2087
2328
2576
3113
2521
2641
2095
1151
199
-1242
-2509
-3692
-4627
-5208
-5186
-5178
-4504
-3620
-2427
-1151
-647
189
216
777
778
84
469
-318
425
963
1437
3006
3531
4381
5175
4971
4620
3784
1318
611
-2707
-4354
-6546
-8696
-8897
-10635
-9562
-9545
-6909
-5089
-1338
2077
5765
10404
12621
17074
18410
20695
20428
19103
16539
13254
9360
3797
-542
-6680
-9524
-13309
-15271
-16049
-16179
-14419
-12775
-9872
-7627
-4272
-2312
219
2055
3258
4477
4766
5683
5954
5811
5066
4406
3667
2875
1408
-88
-1328
-2650
-3977
-5439
-6993
-7926
-9013
-9976
-9816
-10085
-8917
-7344
-5485
-1970
789
3933
7343
9732
12241
13461
13020
12734
10931
8488
6092
2364
-147
-2944
-5375
-6718
-8057
-8173
-8105
-6894
-6044
-4404
-3318
-2494
-785
-333
454
628
110
816
770
787
1230
963
1759
2132
2650
3245
3687
4092
4340
4399
4139
3591
2773
1707
733
-1035
-2877
-4744
-6357
-7227
-8180
-8546
-8386
-7293
-5863
-3528
-1805
544
2453
3815
5351
5485
5904
5425
4813
3828
2748
1619
401
227
-1043
-628
-1325
-1051
-404
-547
330
-703
-505
-2028
-2631
-4572
-5920
-7177
-8012
-7717
-6800
-4341
-1559
3224
6717
12441
16246
19929
22888
23064
23157
20278
16920
12159
6761
1185
-4155
-8795
-12633
-15072
-16899
-17083
-16878
-15478
-13771
-11455
-8788
-6121
-3248
-686
1830
4006
5809
7143
8004
8086
7858
7048
6017
4822
3273
1648
193
-1663
-2959
-4893
-6431
-8180
-10055
-11302
-12723
-13371
-13391
-12477
-10557
-7252
-4052
672
4895
9175
13344
15216
17271
17083
15622
13754
9529
6143
1663
-2541
-5648
-8669
-10298
-10887
-10867
-10015
-6961
-6746
-2334
-2238
139
2624
1263
4359
1913
3262
2633
2326
2277
2353
2332
2524
3283
2182
3469
2118
2357
1591
1053
336
-575
-939
-2227
-2025
-3591
-3903
-4421
-5132
-5317
-5423
-5539
-4767
-3519
-3104
-831
-200
1302
2884
2860
3943
3759
2854
3139
1432
1191
470
-1078
-182
-1520
-282
-556
34
1094
1213
2143
1219
1731
-552
-348
-3466
-4433
-5426
-8196
-5884
-7504
-3394
-1021
3048
7883
12439
17073
20534
24069
23194
24887
20268
18412
13647
7596
3312
-3800
-7298
-12587
-14980
-18280
-18911
-19432
-19021
-16992
-15984
-12245
-9602
-5602
-2243
1559
4387
7516
9749
10632
11755
10486
9830
8016
5824
3547
836
-1749
-3867
-6112
-8487
-10138
-12368
-13409
-14283
-15235
-14604
-14037
-12058
-8990
-5686
-1174
3339
7884
12353
15889
18043
19251
18660
17312
14339
10582
5797
1105
-3214
-7256
-10232
-12502
-13913
-13263
-11939
-10621
-5756
-5613
149
1374
3366
6818
4714
7442
5244
5303
4005
2995
1202
1192
153
-560
36
-1608
-229
-834
-366
-687
-399
-816
-537
-259
-1184
-366
-1581
-1519
-1642
-2277
-2578
-2585
-3150
-2451
-1850
-2031
-679
-842
68
231
374
-150
232
-459
-349
-297
-1101
145
-702
1036
1135
2220
2910
3071
3796
3087
2790
617
-764
-3165
-5032
-6999
-8478
-8834
-8119
-6576
-3476
12
4058
9554
12902
18203
21178
23150
24771
23326
21868
18960
14400
9950
4742
-794
-5015
-10088
-13666
-16573
-18667
-19525
-19599
-18483
-16862
-13647
-11078
-7324
-3776
-785
2944
5504
8094
9978
10804
11086
11102
9749
8493
6061
3337
851
-2619
-5296
-8499
-11131
-13369
-15185
-16596
-16783
-16767
-15616
-13156
-10608
-6303
-2330
2161
7124
11173
15007
17443
18659
18957
17408
14965
11215
7065
2556
-1928
-6281
-9354
-12100
-13037
-13339
-12468
-9546
-8343
-3583
-1697
1980
4841
5446
8006
7364
7823
6895
5446
4315
3361
1794
1303
298
-551
-268
-1290
-1032
-1338
-1494
-1642
-1801
-1990
-2335
-2256
-2987
-2733
-2958
-3354
-2890
-3167
-2784
-1845
-1982
-855
-457
-326
409
-521
-510
-1656
-2137
-3033
-3358
-3379
-3361
-1827
-1078
1247
3011
4920
7042
8278
9080
9136
7796
6409
3701
265
-2511
-7137
-9498
-11862
-14150
-13043
-13247
-10249
-6351
-2502
3700
9017
14238
19791
23805
26309
28763
27173
25603
22725
17583
12926
6732
220
-4883
-10068
-14902
-17585
-20561
-21512
-21011
-20862
-18522
-16134
-13517
-9661
-6026
-2511
1395
4614
7315
10277
11511
12108
12242
10777
9286
7021
3172
579
-3539
-6959
-9850
-13552
-15396
-17302
-18318
-18006
-17123
-15213
-12035
-8551
-3799
1017
5803
10357
14319
17212
19316
19301
18449
16415
12879
9607
4582
698
-3545
-7013
-9381
-11193
-11753
-11233
-10043
-7683
-4580
-2508
1528
3221
5941
8262
7235
9286
6872
6529
5200
2326
1557
-964
-2014
-3291
-3564
-4686
-3647
-4229
-3485
-2526
-2699
-1544
-1432
-558
-461
328
-167
151
394
-397
47
-1192
-1297
-1798
-2460
-2694
-3888
-3620
-5051
-4125
-4706
-4467
-2971
-3344
-523
409
2267
4695
5606
8088
8739
9469
9333
8258
6987
4476
2252
-1308
-3674
-7458
-8851
-11572
-11778
-12294
-11838
-9002
-7842
-2568
-516
5280
9284
13695
18489
20545
23814
24684
25043
23427
20919
16459
12565
6900
1322
-3538
-9603
-12719
-16570
-18536
-19684
-20052
-19407
-17746
-15465
-13132
-9609
-7078
-3113
165
2903
5795
7641
9315
10326
10162
9368
7848
5731
3204
434
-2759
-5663
-8376
-10633
-12142
-13164
-13671
-13165
-12098
-10192
-7404
-4992
-1152
2097
6032
9321
11604
14034
14694
15034
14308
11657
9669
5873
2412
-744
-4667
-6869
-9387
-10342
-10738
-10212
-9523
-7094
-6058
-1564
-961
2575
4651
4239
9039
4993
8191
5509
4329
4554
1731
1493
457
-131
-974
611
-1653
293
-1016
-1181
-776
-2188
-1968
-3299
-2585
-3729
-2835
-3408
-3778
-2618
-3515
-2893
-3067
-3583
-3199
-2700
-3236
-2192
-2471
-2509
-1141
-1415
-492
550
465
2755
4039
5192
7509
7656
9759
10063
10335
9409
7667
5892
2874
798
-2893
-6047
-8493
-11070
-12864
-12587
-14769
-12543
-10897
-9378
-2456
-1711
5291
9582
13088
19229
20354
22830
23903
23215
21195
19450
13675
10383
5642
-357
-3572
-9648
-13029
-15809
-18023
-19151
-18762
-18880
-16712
-13626
-11655
-7175
-4911
-1526
2130
4508
7061
8754
9517
10486
10663
9439
8129
5576
2870
422
-2829
-6202
-9104
-11857
-13325
-14143
-14826
-14209
-13091
-10611
-7117
-3924
168
3752
8028
11887
14564
16727
16858
16664
15276
12760
9283
5210
1043
-2417
-5374
-8001
-10299
-11373
-11829
-10793
-8826
-8371
-4689
-3027
-6
4523
3886
7339
6917
6139
7828
3794
3202
918
-1660
-1377
-2956
-3893
-3237
-3614
-2557
-1245
-1813
-1076
-971
-205
294
750
436
344
1136
302
451
-1092
-2708
-2955
-4170
-4778
-5301
-6324
-5942
-4978
-4726
-3630
-3382
-2544
-1052
445
1705
3025
4819
5975
9210
9470
10758
11023
9481
10640
7088
6311
2332
-1092
-2610
-7196
-8229
-12493
-14009
-14453
-13983
-12395
-10419
-7428
-2643
3477
8048
14131
17152
21541
24502
25610
25966
23620
20823
16841
12941
7303
1809
-4290
-9535
-13019
-16728
-19548
-21217
-21311
-19834
-16880
-15123
-11622
-8096
-4668
-392
2094
4290
6449
8101
9270
10647
9446
8694
7397
5194
3854
50
-3243
-6126
-8484
-10337
-12150
-13747
-14469
-13249
-12320
-10296
-8050
-5721
-1606
2238
6048
9911
12325
14791
16891
17093
16404
13988
10407
8037
4021
294
-3700
-7400
-8990
-10508
-10853
-11208
-10202
-8426
-6117
-2192
-620
3435
4654
6433
9000
6822
7818
4152
2804
1340
-1238
-2763
-4004
-4460
-3492
-2574
-2824
-1048
-1295
622
1070
1428
1782
1313
1498
1176
637
-747
-2299
-3879
-4942
-6252
-7356
-8641
-8560
-7964
-7060
-5998
-5330
-3942
-2848
-1165
-537
839
1499
3425
5040
7327
9134
10501
11865
12525
12366
11747
9313
6436
5262
-565
-686
-7418
-9912
-11439
-16771
-14465
-17395
-15777
-12376
-9590
-4051
3137
7191
14679
20291
22808
29111
27352
28317
26503
21595
18332
11789
5299
-853
-6669
-12975
-16335
-20924
-23141
-23003
-23104
-20305
-17153
-13753
-8925
-4507
-865
3414
5804
7770
10071
10430
11117
11173
9723
9105
7582
4716
2720
-1014
-3967
-6354
-9612
-11317
-13132
-14150
-13798
-13406
-12402
-10331
-8724
-5321
-2183
1605
5548
8779
12532
14925
16935
17049
15899
13655
10595
6513
2273
-2524
-6069
-9123
-11209
-11752
-12135
-10264
-8735
-5832
-2620
542
3628
6657
7569
10267
8617
8520
6247
2506
1599
-3620
-4568
-7450
-7746
-7588
-6332
-5163
-2826
-804
577
2879
2996
4327
3629
3668
2677
2076
633
-1682
-2600
-5516
-6414
-8470
-10122
-9911
-10231
-9116
-7642
-6094
-4199
-1903
-911
875
2104
2406
3734
4388
5263
7417
8147
9410
10896
11329
11087
11084
8202
6880
4234
-790
-2129
-7788
-9967
-12136
-15767
-15004
-15582
-14542
-10534
-6857
-1173
6349
11207
18700
24841
27633
32077
30359
28906
25805
19115
13684
6498
-542
-6682
-12053
-17609
-20010
-23067
-24001
-22980
-22331
-19045
-15832
-12273
-7491
-2852
399
4958
7085
9706
11798
11299
11779
10619
8937
7533
4902
2156
194
-3530
-5607
-8450
-10923
-12314
-14067
-14383
-14248
-13541
-12379
-10313
-7960
-4597
-949
2730
6950
10941
14140
17014
18150
18180
17275
13931
10852
6437
1571
-1818
-6498
-8642
-10007
-11633
-10116
-9674
-7613
-4202
-3468
846
2394
4226
7696
6586
9053
7733
6004
5423
1539
-173
-2911
-5220
-5908
-6474
-6293
-4623
-3558
-1629
323
1430
2677
3064
3276
2569
2326
764
-124
-1376
-3056
-3838
-5405
-6265
-7156
-7890
-8012
-7373
-7037
-5722
-4570
-3638
-2102
-1671
-863
-621
-343
622
965
2119
3669
4872
7385
8527
9384
10976
9626
9839
7164
4542
1984
-2815
-5764
-9743
-12542
-13992
-15102
-14697
-11916
-9366
-3709
901
7397
13363
18435
24037
26181
28972
27589
25642
21911
16806
11153
4727
-1601
-6832
-11020
-15318
-17016
-19194
-18728
-17426
-16639
-13338
-10934
-7377
-3827
-967
2050
4771
6717
8327
9674
9590
9854
8742
7479
6229
3554
1374
-1203
-4051
-6190
-8979
-11237
-12906
-14660
-15231
-15456
-15258
-13221
-11370
-8128
-3787
-58
5131
8984
12370
15917
16773
17040
15803
12650
10265
5585
1403
-2211
-6207
-8113
-9998
-10870
-10531
-9552
-8127
-5201
-3452
-177
2812
4982
8047
8910
9458
9105
7601
5356
3170
-401
-2490
-4516
-5871
-5623
-5609
-4335
-2387
-617
982
2625
2852
3360
3189
2077
1597
202
-1016
-1868
-3307
-4186
-5235
-6402
-7100
-7539
-8006
-7501
-7295
-6649
-5232
-4605
-3028
-2599
-1839
-994
-594
793
1610
2824
4427
6092
7474
9601
9882
10545
10374
8754
7072
3338
-164
-3752
-7501
-11045
-13197
-15160
-14343
-12535
-10250
-4615
278
6944
13840
19301
25064
28769
30674
30596
28745
24470
20230
13134
6685
423
-6629
-11332
-16297
-19682
-21667
-22647
-22773
-20792
-18880
-15730
-11627
-7949
-3085
884
4428
7981
10595
12304
13194
13191
11972
11026
8312
5468
2624
-1152
-3895
-7307
-10438
-12820
-15330
-16740
-17326
-17837
-16534
-15085
-12452
-8703
-4740
317
5154
10147
14789
18058
20338
21182
19717
18059
14137
9587
5269
-619
-4684
-8910
-11856
-13127
-13993
-13745
-11918
-9677
-7121
-2465
-301
4840
8055
10057
12802
11591
11397
9066
5860
2281
-1179
-5116
-6683
-8443
-8796
-7295
-6567
-4007
-2198
-578
508
1260
1101
1270
572
-187
-609
-1447
-1714
-2540
-3497
-4512
-5382
-6567
-7026
-7548
-7529
-6775
-6190
-4746
-3703
-2425
-1486
-930
-221
754
1481
3248
4623
6475
9416
10346
12561
13121
12504
12833
8977
6839
2556
-2829
-6228
-11671
-14555
-16803
-17382
-16899
-12920
-9798
-3103
3526
9481
18404
22800
28578
30823
31232
30035
27033
21598
15859
9781
1900
-2717
-9818
-13935
-17401
-21255
-22012
-23224
-22662
-20779
-18214
-14927
-9402
-5684
-721
3893
6561
10578
11668
12558
12831
11448
10086
8093
5078
2765
-106
-3338
-5196
-8507
-10677
-12652
-15254
-15747
-16862
-16655
-15248
-13247
-9696
-5189
-767
4574
9723
13746
17994
19812
20912
20603
18007
14785
10578
4994
307
-4857
-9288
-11774
-14538
-14998
-14534
-13225
-10393
-7024
-3819
953
4523
8871
13077
14193
16519
14422
12912
9659
4767
606
-4656
-7993
-10714
-11764
-12000
-10107
-8218
-4799
-1962
-78
2048
2667
3092
2677
2019
716
106
-950
-1825
-2369
-3976
-4068
-5133
-5943
-5827
-7095
-6544
-6013
-5972
-4417
-4279
-3619
-2602
-2645
-1779
-1097
-449
1434
3278
5241
8800
10187
12798
14314
13931
13615
10710
7386
2553
-2062
-7535
-11617
-14765
-17576
-16923
-16852
-12664
-8182
-3208
4507
10627
17998
23848
28046
29781
30815
27883
24750
19181
12222
6304
-1340
-6408
-11999
-16114
-19076
-20544
-21223
-20325
-18919
-17084
-13755
-10341
-6820
-2774
360
3950
6856
8813
10791
10820
11252
10368
8837
6724
4558
1670
-751
-3347
-6125
-8342
-11234
-12421
-14348
-14765
-14838
-14277
-12060
-9590
-6124
-2485
1820
5995
10470
13853
16889
18419
18897
18165
15888
12029
7968
2382
-2810
-7109
-11987
-14121
-16536
-16104
-15199
-12881
-9792
-6177
-1997
1916
6893
8836
13151
13865
14781
15370
12127
11361
6214
3452
-980
-4812
-7832
-10244
-11232
-11495
-9567
-9014
-5631
-4211
-1638
63
1196
2002
1927
2264
1438
1356
213
-419
-1297
-2410
-2727
-3821
-4558
-4729
-5266
-5217
-5014
-5164
-5193
-4643
-4677
-4115
-3220
-2957
-149
1042
4277
7148
8848
12547
13485
14632
14356
12552
9684
6453
1846
-2452
-6753
-11434
-13786
-16440
-16488
-15917
-13982
-9707
-4601
1692
7917
15456
20932
26388
29879
29879
29827
25893
21021
14822
7432
673
-5968
-11878
-15861
-18735
-21006
-20135
-20552
-18484
-15840
-13864
-9832
-6667
-2998
452
3730
6617
9208
10510
11444
11642
10316
9978
7235
4994
2411
-1050
-3528
-7447
-9961
-13310
-15646
-17218
-18278
-18412
-17101
-15192
-12383
-7376
-3751
2026
6800
11540
16487
18740
21369
21548
20231
18165
13902
8453
3472
-2718
-8089
-11923
-15924
-16818
-17278
-15983
-12862
-10125
-5444
-1571
2961
6565
10101
12370
13880
15461
13968
14086
10959
9029
5405
1961
-1638
-4993
-7023
-9513
-9297
-10553
-8328
-7930
-5977
-4053
-2844
-1179
-410
507
290
1277
194
507
-226
-986
-1347
-2764
-3001
-4416
-5070
-6095
-6341
-6999
-6899
-6706
-7060
-5577
-5605
-3652
-2251
-351
3123
4531
9040
10795
13413
15210
14961
15237
12768
10441
5536
2384
-3702
-6504
-11555
-14651
-15722
-17806
-15204
-14160
-9966
-5286
1449
7213
15055
20888
25918
30964
31315
32061
28877
23799
18298
10344
2572
-4385
-11816
-16625
-19825
-23025
-22674
-22341
-20786
-17247
-14522
-10643
-6439
-2939
1436
5221
7989
11162
12827
13766
14469
13042
11414
8977
5219
1958
-2447
-6584
-10527
-14387
-17542
-19611
-21198
-21377
-20462
-18767
-14983
-11279
-6194
-740
4436
10291
14730
18774
21683
22533
22867
20785
17548
13239
7371
1686
-4477
-9858
-14817
-17882
-20128
-19766
-18231
-15733
-10925
-6809
-1001
3837
8595
11760
15111
16459
16137
16547
12678
11673
7404
3654
858
-3806
-5615
-8229
-9487
-10024
-9480
-9286
-6847
-5455
-3702
-1260
-202
1662
2553
3134
2937
2981
1777
911
-362
-2373
-3410
-5345
-6773
-7524
-8808
-8917
-8901
-8843
-7794
-7209
-5702
-4286
-2382
-254
2028
4396
7485
9758
12498
14387
15153
15928
14156
12826
9159
5425
46
-3854
-9777
-12782
-16410
-19326
-17858
-18455
-13966
-10342
-4459
2258
10095
15937
22863
26715
29561
32604
29972
29152
24047
17607
11474
3711
-3943
-10002
-16605
-20534
-22808
-25003
-23782
-22851
-19731
-15600
-11468
-6907
-1504
2601
6774
10723
12349
14736
14565
14139
12829
10402
7256
3867
-121
-3673
-7194
-11197
-13535
-16326
-17294
-18359
-18221
-16998
-15110
-11775
-8274
-3921
962
5669
10026
14482
17330
19451
20313
19272
18028
14738
10465
6078
656
-4093
-8257
-12566
-14783
-15773
-16620
-14242
-12210
-8975
-4169
-863
3643
8221
10010
13108
14028
13304
13962
10295
8041
5071
840
-1664
-5117
-7767
-9123
-10266
-10780
-9584
-8913
-7090
-4967
-3464
-1085
519
1477
2544
3123
2848
2861
1643
538
-706
-2560
-4172
-5724
-7403
-8429
-9241
-9845
-9055
-8888
-7466
-6185
-4430
-2382
-462
2036
3663
7087
7708
11040
11538
13010
13939
11855
12979
8513
8168
2954
510
-3573
-6872
-9334
-12349
-12182
-13420
-9956
-9914
-4236
-1880
4081
9346
13159
19091
21117
24985
25396
25477
22866
19936
14721
9539
3527
-3820
-8652
-14963
-17969
-21179
-22848
-22841
-21728
-19150
-15932
-11927
-8133
-2939
524
5391
8240
10811
12832
13238
13521
12257
10452
7738
5016
1608
-1493
-5071
-8471
-10779
-12933
-14436
-14917
-15654
-14086
-12317
-9920
-6132
-3055
1312
5411
8946
12271
14915
15983
17065
16441
14683
12705
8602
5474
1348
-2646
-6313
-9742
-12281
-13538
-13716
-13788
-11525
-10292
-6553
-3470
-102
3368
5714
8255
9730
10910
10374
10083
7784
7088
4104
1966
-661
-3210
-4284
-6262
-6506
-7643
-6913
-6539
-5019
-4054
-2642
-1432
-422
1037
1375
2245
1740
1822
1065
491
-718
-2263
-3601
-5119
-5902
-7408
-7781
-8452
-7666
-7167
-6106
-4687
-3554
-1153
289
2705
4352
6258
7981
9421
10431
11248
10951
10599
9462
6821
5338
1644
-1013
-3271
-7333
-7691
-10495
-10347
-9297
-9587
-5285
-4302
235
3434
7365
11358
14775
17442
18903
20144
18898
18341
14160
11578
6176
1713
-2999
-8039
-11245
-15293
-16291
-18237
-17609
-16978
-15426
-12623
-10076
-6112
-3168
434
3134
6004
8107
9863
10424
10230
10011
8234
6992
4225
1836
-1000
-3636
-6179
-8439
-10434
-11999
-12123
-12904
-11155
-10331
-7947
-4748
-2125
2008
4612
7969
10328
12418
13515
14278
13373
12310
10829
7569
5852
1899
-992
-3511
-6607
-7737
-9172
-9848
-8713
-8249
-6387
-4011
-2706
-90
2134
2995
4991
5595
5026
7017
4355
5016
3379
1031
1423
-1992
-2375
-4240
-5315
-5865
-5416
-5725
-4320
-3328
-2457
-345
1
1419
1676
1856
1675
1326
222
-854
-1956
-3754
-4470
-5923
-7292
-7611
-8392
-7921
-7066
-6527
-4911
-3375
-1966
312
1733
3390
5404
6170
8057
8860
9473
10105
9641
9384
8042
5992
3635
980
-1931
-3931
-6976
-7444
-9349
-8942
-8458
-8152
-4751
-4127
-699
1470
4178
7383
10244
12353
15509
16533
17551
18205
16037
15199
11232
6982
2749
-2164
-6568
-10359
-13565
-15450
-15640
-15822
-14259
-12150
-9740
-6360
-3855
-1091
1444
3220
4630
6223
6479
7343
6910
6246
6024
4426
3148
1208
-844
-2879
-5041
-7197
-8505
-9752
-10051
-9774
-8956
-6881
-4988
-2217
-104
2666
4501
6182
7286
7712
8312
7673
7447
5935
5525
3490
2255
335
-1351
-2771
-4832
-5724
-6904
-6821
-6975
-5885
-5363
-3118
-2292
-617
772
1260
2493
2128
2300
2495
2238
2285
2475
1888
3853
2449
3724
2927
2260
2870
543
973
-590
-784
-1238
-1425
-1688
-863
-1601
-1200
-1180
-2543
-2014
-3973
-4561
-5475
-6610
-7213
-7493
-7345
-6657
-5257
-4568
-1976
-579
1093
2926
3439
5254
5505
5974
5736
5730
5916
5046
5595
4002
3674
2911
51
397
-2797
-4086
-4300
-6816
-6431
-4608
-6966
-2559
-1779
-2074
4566
314
5139
5243
3592
8082
4624
6332
7908
6383
8212
9600
7264
9138
7908
4569
6060
419
-319
-2627
-5995
-5565
-7882
-7898
-7045
-5846
-5938
-2614
-3632
-1855
-220
-1766
-125
-1082
-1170
-922
-977
-742
19
146
1059
1878
1442
2197
1303
603
840
-682
-1052
-1784
-2151
-1813
-1953
-1362
-928
-669
310
311
608
1137
573
1477
974
1414
1844
928
2221
1492
1582
1686
327
99
-640
-1492
-2122
-2760
-3457
-3412
-3581
-3620
-2959
-3141
-2532
-1930
-1936
-1235
-848
-528
815
1560
2544
3593
4128
5247
5243
5504
4463
3814
2459
1034
-276
-2158
-3071
-4488
-5224
-5646
-6131
-6468
-5882
-6223
-5397
-5118
-4998
-3547
-3430
-1726
-801
190
1887
2822
4140
4978
5348
5648
5454
4745
4427
3099
2370
1137
217
-292
-1561
-1456
-2352
-2389
-2407
-3205
-2430
-3125
-2492
-1925
-1681
-424
191
1919
1981
4579
4248
4775
6320
4370
5733
4654
3071
3354
2048
518
1856
-723
373
1291
-832
2470
552
971
2443
506
950
1203
-917
-9
-382
-1728
-102
-1853
-1276
-1014
-2309
-2034
-2460
-4037
-3484
-4000
-5287
-3167
-4259
-3140
-739
-1198
1138
2212
2422
4125
3832
4105
3953
2876
2989
1923
1098
611
-453
-734
-1127
-1362
-1278
-1496
-590
-780
-157
702
147
1393
1165
1279
1771
1428
1276
1356
744
544
175
-1099
-508
-1924
-2049
-1642
-2972
-2134
-1468
-2399
-1550
-1698
-2214
-1330
-2344
-2488
-2299
-2118
-1592
-498
352
1327
3355
2650
4363
4133
2521
3249
441
-718
-1334
-3889
-4712
-4554
-6252
-5290
-5476
-5651
-3467
-3845
-2468
-1235
-815
791
1557
1460
2707
3034
2322
3248
2149
1815
1617
372
371
-185
-967
-1273
-1599
-1715
-1266
-1806
-1654
-808
-523
96
550
561
1043
1513
1300
1520
2050
1297
3165
2597
4596
5122
4198
6673
4526
6124
3444
1902
754
-1448
-2420
-4692
-5520
-5654
-4961
-4865
-2293
-1881
909
2736
4128
6797
6628
7610
7263
7414
6722
5017
3175
1213
615
-1825
-3356
-4964
-6262
-6097
-6762
-6806
-6210
-5313
-4052
-2481
-1034
718
1803
2583
4150
4730
4571
4363
3409
3462
2950
1781
1059
766
1054
982
897
501
644
-305
-341
-1085
-2257
-2636
-4306
-4245
-4606
-4705
-4758
-4622
-3435
-2415
-1646
-830
449
1048
2738
2397
2191
2421
1139
878
-758
-1674
-3000
-4175
-5085
-5016
-5258
-5034
-4006
-3681
-1202
147
920
3000
4595
4461
6709
4418
4729
4071
739
1138
-2459
-2887
-3727
-4814
-4309
-3241
-2948
-944
-19
750
2424
2051
2598
1883
2020
1052
649
27
-408
-47
-514
77
337
706
1012
1086
921
1446
964
489
575
14
123
-28
-475
-251
-107
-491
-93
-807
-220
-676
-545
-8
-562
596
127
970
2086
1676
2706
1764
751
1567
-777
-1411
-2739
-4817
-4363
-5317
-5522
-3532
-3321
-524
1217
2890
6113
6104
7923
8290
8181
7506
5636
3946
2544
1086
-644
-2146
-2551
-2541
-2602
-2423
-2117
-1688
-1283
-1030
-1317
-1048
-1225
-1100
-870
-311
520
707
1482
2530
3032
3493
3492
3175
3577
2857
2017
928
78
-519
-2063
-2786
-3882
-4691
-5082
-5768
-5576
-5337
-4897
-3863
-2544
-530
1251
2322
4183
5465
5789
6105
4966
4024
2974
793
-700
-2728
-4252
-5090
-6666
-6776
-6892
-7204
-6247
-5550
-4710
-3071
-2582
-1732
-192
26
1566
1765
2335
4735
3799
5621
5211
4913
5681
3555
3309
1372
121
-1351
-2608
-3572
-3923
-4765
-4828
-4509
-4660
-3855
-3799
-2711
-2266
-912
-212
643
2385
2789
4230
4530
4801
5078
4492
4163
3349
2364
1559
603
-266
-821
-1252
-1652
-1686
-1351
-1292
-447
-532
247
484
722
1016
664
969
561
499
640
717
1004
1203
951
1296
821
399
-151
-1848
-2431
-3536
-4709
-4481
-5205
-4209
-2758
-1538
504
2230
4005
5853
6854
8107
8920
8372
8950
8087
7555
6855
5179
3869
2374
760
-1257
-3245
-4668
-6064
-7460
-7999
-8824
-8887
-8032
-7002
-5560
-3768
-1674
-52
2058
3966
4839
5802
5924
5595
4989
3812
2548
816
-287
-1087
-2807
-3167
-3821
-4220
-3960
-4069
-3884
-3878
-3268
-3158
-2431
-1800
-1311
-845
-203
480
631
773
628
1010
243
459
-142
-1022
-383
-1894
-1873
-2495
-3732
-3757
-4607
-4548
-4232
-3935
-2634
-1106
311
2712
4054
5544
7159
7540
8468
7652
7468
6490
4668
3659
755
-496
-2713
-4692
-5560
-7053
-6990
-7055
-6523
-5312
-4218
-3183
-1565
-384
808
2000
2738
3689
4270
5048
5140
5726
5669
5321
5162
4323
3812
2601
1539
158
-1114
-2414
-3569
-4672
-5662
-6136
-6706
-6769
-6198
-5593
-4482
-2396
-1246
1000
3101
4143
6234
6996
7221
7961
6773
6704
6019
3924
4087
1503
219
-420
-3298
-3530
-4886
-6408
-5738
-6523
-5716
-4638
-3859
-1517
-168
1816
4125
5416
7016
8504
8783
9509
9306
8481
7242
5877
3831
1426
-379
-3165
-4830
-6731
-8044
-8645
-9416
-8861
-8523
-7734
-6464
-5280
-3949
-2005
-546
1007
2907
3899
5449
6189
6524
6713
5810
5133
3437
1674
-110
-2385
-3878
-5743
-6927
-7846
-8254
-7921
-7688
-6479
-5165
-3535
-1371
266
2317
3706
4826
5547
5370
5085
3958
2767
1510
186
-994
-1744
-2661
-2363
-2912
-2616
-2259
-2687
-1826
-2409
-1980
-1785
-2143
-1500
-1175
-1148
127
477
1131
3136
3013
4400
5630
4769
6185
4632
3476
3086
266
-371
-2171
-3605
-3642
-4153
-3944
-2720
-2127
-877
380
1035
1975
2585
2932
2779
3226
2869
2714
2725
2045
2217
1484
910
566
-336
-942
-1691
-2634
-3121
-3521
-4206
-4126
-3984
-3732
-2812
-1934
-1013
939
1583
3453
4803
5217
7195
6090
7015
6377
5114
5337
2751
2591
1060
-444
-735
-2535
-3210
-3657
-5434
-5125
-5963
-6563
-5070
-6292
-4077
-3822
-2707
-407
-13
2578
3444
4839
6094
6841
7473
7869
7077
6803
5597
3914
2952
247
-997
-2866
-4528
-5393
-6638
-6929
-6889
-6735
-5872
-4933
-4116
-2502
-1426
-270
852
1601
2139
2476
2798
2386
2039
1520
700
136
-788
-1664
-2432
-3176
-3540
-4091
-4294
-4119
-4042
-3263
-2384
-1611
-305
908
2053
3300
4158
4564
5075
4973
4819
4289
3267
2556
1487
443
-416
-1663
-2675
-3059
-4324
-4526
-5028
-5415
-4963
-5096
-3985
-3487
-2409
-1043
0
1691
2936
3672
4888
5305
5755
5939
4983
4848
3227
2589
1320
-77
-648
-1650
-1810
-2183
-2027
-2226
-1859
-1775
-1584
-1545
-1478
-1304
-1165
-495
-477
343
498
1205
1834
1461
1958
1360
869
761
-201
-737
-1062
-1610
-1352
-1267
-1007
-147
180
1120
1882
2280
2924
3328
3711
4190
4107
4299
3827
3778
3253
2463
2167
678
737
-756
-758
-1691
-2384
-2081
-3106
-2623
-3085
-3246
-3115
-3244
-3490
-2776
-3482
-2465
-2517
-2000
-835
-692
729
1292
2607
3068
4388
4273
5111
5169
4750
4539
3334
2621
1313
274
-1070
-1750
-3336
-3416
-4418
-4825
-4560
-5302
-4779
-4774
-4584
-4252
-4127
-3901
-3136
-3077
-2153
-1518
-1008
202
720
1513
2241
2659
2948
3446
3168
3485
3031
2598
2643
1577
1654
849
293
131
-513
-769
-876
-1154
-1012
-873
-962
-535
-734
-491
-506
-639
-477
-369
-868
-322
-726
-558
-93
-808
282
-620
50
-150
-432
-67
-496
-292
-301
-26
-284
797
100
1758
1298
1825
2837
1412
3281
1230
2122
1060
512
669
-706
55
-1383
-632
-1406
-1131
-1250
-1259
-1076
-1024
-584
-628
180
-227
858
661
1279
1521
1521
2019
1661
2134
1587
1891
1472
1456
1244
790
779
149
50
-405
-638
-827
-719
-1040
-308
-505
88
279
27
785
-256
367
-494
-676
-457
-1121
-818
-908
-1078
-384
-528
-420
-23
-613
-100
-739
-864
-1079
-1343
-1477
-1660
-1363
-1560
-1173
-577
-902
202
72
234
1149
583
1731
1298
1741
1989
1817
1978
1928
1389
1336
921
91
273
-894
-669
-1485
-1643
-1758
-2319
-1960
-2453
-2197
-2269
-1964
-1921
-1441
-797
-715
279
322
990
1341
1259
1682
1279
1362
1071
747
618
419
151
109
269
29
282
399
113
601
312
226
529
-43
195
51
-608
-184
-477
-983
-218
-1175
-598
-762
-1299
-750
-1529
-1324
-1528
-1761
-1668
-1473
-1506
-798
-501
83
787
1381
1658
2649
2547
2956
3356
2425
3763
2093
2830
2383
1114
2009
264
169
-281
-1406
-1455
-1856
-2617
-2102
-2712
-2438
-1883
-2226
-1231
-1220
-487
-73
569
909
1306
2048
1962
2640
2386
2518
2619
2075
2120
1664
1004
1110
412
282
119
-335
-316
-683
-794
-909
-1020
-1279
-1007
-1298
-1011
-959
-1218
-789
-926
-1011
-655
-960
-951
-138
-952
128
-324
-559
433
-1094
4
-906
-1163
-743
-1625
-1055
-1197
-1318
-1116
-776
-1213
-294
-817
-405
216
-268
825
768
1083
1801
2010
1932
2523
1749
1774
1367
363
138
-798
-1396
-1660
-2100
-2438
-1933
-2442
-1795
-1475
-1560
-741
-724
-405
275
285
717
1244
1008
1671
1745
1534
2058
1690
1572
2009
1437
1324
1714
674
1226
811
-95
741
-583
-245
-76
-1181
-161
-712
-927
189
-762
-48
219
-401
658
-41
78
254
-491
-271
-368
-1116
-726
-1004
-1371
-537
-1163
-576
-246
-256
526
626
895
1693
1547
2042
2196
1787
2173
1814
1536
1224
983
53
207
-558
-1016
-797
-1734
-1241
-1479
-1608
-1048
-1310
-1241
-645
-1033
-564
-272
-568
57
-62
163
235
173
231
143
103
133
76
-19
186
169
291
521
530
458
840
230
583
228
-165
285
-470
-3
-222
-487
-156
-315
-458
-229
-598
-598
-530
-727
-605
-553
-501
-499
-287
-564
-141
-289
-609
100
-999
-261
-583
-1108
-306
-1086
-553
-798
-699
-740
-230
-601
3
154
-154
1093
340
1184
1332
982
1467
1023
811
816
207
-161
-280
-1007
-980
-1137
-1767
-1129
-1563
-1325
-801
-1235
-321
-321
-8
663
723
1242
1855
1823
2389
2730
2451
3181
2617
2719
2662
1747
1860
1153
532
442
-462
-735
-656
-1531
-995
-1395
-1652
-1042
-1582
-1015
-817
-850
-142
-103
290
655
439
919
800
794
771
397
333
19
-265
-498
-673
-1005
-817
-1019
-1046
-814
-959
-510
-460
-303
301
-45
888
738
956
1520
655
1454
550
885
379
-65
48
-695
-350
-851
-657
-764
-576
-441
-145
-157
77
216
10
453
13
54
71
-419
-326
-547
-982
-806
-1049
-1156
-861
-1225
-927
-858
-1019
-628
-874
-842
-638
-732
-515
-212
-364
41
316
438
939
737
1155
1246
1219
1286
1223
944
1016
999
385
730
42
83
-269
-408
-900
-1162
-1341
-2144
-1664
-2542
-2231
-2508
-2645
-2149
-2259
-1909
-1188
-933
-211
987
945
2435
2815
3313
4309
3902
4501
4128
3699
3467
2376
1679
811
-184
-859
-1516
-2294
-2615
-2954
-3050
-2804
-2910
-2411
-1950
-1598
-782
-370
73
909
1300
1863
2273
2460
2897
2733
2888
2714
2305
2205
1538
1132
722
10
-347
-776
-1200
-1228
-1601
-1539
-1447
-1345
-886
-791
-350
25
309
888
952
1247
1375
1233
1500
923
787
442
-112
-471
-932
-1381
-1756
-2157
-2404
-2642
-2797
-2672
-2614
-2327
-1973
-1370
-1124
24
81
1130
1478
1697
2547
2158
2892
2444
2442
2060
1898
1364
937
481
-300
-435
-1298
-1497
-2002
-2427
-2652
-2902
-2945
-2921
-2795
-2584
-2285
-1919
-1368
-908
-185
321
964
1642
1821
2408
2541
2598
2696
2359
2030
1601
975
389
-161
-872
-1323
-1881
-2241
-2420
-2613
-2489
-2287
-1937
-1580
-802
-379
448
1127
1443
2349
2347
2807
2944
2754
2799
2408
1830
1580
727
134
-169
-1236
-1383
-2028
-2505
-2486
-2781
-2496
-2338
-1993
-1411
-905
-203
305
1092
1534
2140
2523
2524
2924
2699
2655
2465
2100
1904
1562
1286
926
579
118
-188
-547
-934
-1160
-1500
-1603
-1634
-1592
-1437
-1249
-932
-521
-233
127
374
752
981
1193
1399
1329
1587
1396
1512
1319
1082
1069
505
461
42
-444
-532
-1044
-1222
-1277
-1596
-1487
-1514
-1545
-1278
-1180
-1070
-738
-700
-416
-279
-239
-45
-162
59
-152
-142
-290
-476
-576
-654
-816
-984
-1091
-1386
-1236
-1472
-1429
-1309
-1474
-791
-973
-626
-58
-430
621
420
662
1103
647
1134
874
699
657
176
103
-123
-437
-625
-826
-851
-964
-800
-751
-568
-116
157
503
999
1226
1704
2068
2142
2473
2317
2371
2283
2039
1678
1285
844
324
10
-627
-903
-1197
-1490
-1357
-1595
-1404
-1209
-1103
-664
-590
-74
170
432
842
1055
1290
1447
1417
1387
1307
943
932
435
279
43
-546
-502
-906
-1207
-1086
-1635
-1341
-1467
-1664
-1112
-1468
-873
-845
-668
-163
-71
247
435
554
592
929
866
1119
1180
1066
1382
1216
1262
1342
1194
1239
1228
1018
1062
965
788
866
564
483
331
27
-78
-290
-541
-641
-760
-874
-886
-914
-942
-853
-740
-771
-589
-680
-537
-469
-583
-334
-626
-441
-386
-476
-207
-317
-215
-112
-112
67
-43
26
71
-105
108
-123
-149
-304
-580
-611
-930
-1115
-1315
-1542
-1621
-1779
-1774
-1616
-1666
-1226
-1223
-832
-411
-369
224
266
702
982
1021
1191
1103
1039
937
770
557
381
135
-151
-289
-544
-689
-850
-1077
-1055
-1141
-1002
-909
-671
-454
-64
316
579
1037
1283
1594
1845
2050
2267
2461
2586
2564
2578
2382
2265
2029
1605
1256
802
504
76
-217
-518
-840
-895
-1072
-1117
-1177
-1149
-1016
-1002
-720
-631
-328
-154
17
332
449
651
607
700
587
612
536
381
370
208
180
28
-50
-158
-292
-277
-496
-571
-650
-794
-779
-952
-968
-1050
-1142
-1085
-1101
-1028
-950
-916
-773
-583
-426
-224
-65
69
347
462
568
852
947
1132
1397
1429
1598
1708
1734
1846
1743
1650
1364
1127
918
591
238
-77
-474
-865
-1058
-1332
-1649
-1855
-1934
-2133
-1954
-1854
-1858
-1462
-1232
-978
-557
-240
15
340
554
674
795
903
992
893
807
599
368
249
44
-216
-473
-638
-1032
-1043
-1201
-1534
-1489
-1765
-1747
-1743
-1839
-1890
-1714
-1686
-1409
-1292
-1079
-739
-607
-117
82
477
810
1104
1378
1693
1850
2137
2192
2327
2256
2074
1968
1556
1382
978
689
340
186
1
-151
-79
-149
-169
-138
1
-19
222
264
347
618
705
982
1059
1254
1326
1402
1378
1323
1266
1082
1031
710
540
286
26
-206
-519
-667
-905
-1102
-1244
-1348
-1414
-1387
-1409
-1341
-1230
-1156
-927
-749
-533
-318
-112
-28
146
250
320
399
288
367
213
199
126
-87
-157
-324
-534
-734
-869
-1197
-1209
-1410
-1576
-1434
-1626
-1472
-1381
-1266
-972
-758
-502
-181
146
390
948
1191
1632
2122
2274
2810
2900
3037
3226
2968
2863
2596
2091
1812
1374
800
500
-118
-572
-830
-1270
-1323
-1594
-1828
-1691
-1801
-1777
-1617
-1699
-1426
-1185
-1138
-762
-754
-505
-233
-215
108
25
73
231
54
218
158
-105
82
-149
-189
-105
-413
-292
-505
-629
-591
-850
-771
-828
-870
-736
-833
-800
-720
-753
-589
-661
-624
-429
-448
-209
-75
20
389
473
742
928
1102
1286
1388
1626
1423
1598
1224
1204
1100
906
843
527
476
221
357
160
250
107
86
169
67
75
11
49
-53
35
-77
-56
15
-86
-13
-153
-220
-266
-383
-370
-506
-592
-580
-607
-532
-548
-558
-456
-421
-313
-289
-251
-128
-66
29
191
168
198
214
231
324
298
271
244
274
279
333
246
290
359
403
514
566
684
690
714
732
750
671
666
502
419
304
109
-17
-246
-342
-532
-751
-934
-1132
-1387
-1400
-1564
-1468
-1448
-1389
-1042
-864
-498
-321
72
442
724
1137
1250
1371
1519
1526
1506
1507
1278
1106
881
609
439
101
-130
-403
-670
-842
-1063
-1146
-1210
-1354
-1395
-1426
-1356
-1267
-1118
-1082
-882
-745
-639
-458
-354
-176
-48
62
295
412
521
587
447
531
443
409
266
73
-31
-91
-109
-238
-172
-233
-169
-143
-111
-36
4
165
300
446
666
838
1055
1333
1412
1539
1624
1599
1489
1521
1200
1142
937
604
504
188
103
-112
-162
-358
-429
-578
-669
-684
-841
-848
-973
-1001
-1078
-1068
-1075
-997
-972
-937
-838
-787
-743
-701
-636
-646
-541
-447
-412
-407
-288
-329
-246
-284
-354
-365
-467
-462
-515
-497
-442
-356
-330
-179
-196
-118
-46
-141
-23
-33
14
131
179
388
493
718
898
1188
1315
1418
1578
1542
1780
1696
1848
1781
1870
1754
1682
1545
1359
1186
749
702
239
225
-59
-215
-315
-533
-617
-806
-868
-1065
-1046
-1221
-1177
-1317
-1219
-1290
-1219
-1064
-1151
-941
-1094
-999
-1026
-947
-963
-840
-730
-585
-439
-229
-94
-86
146
69
304
436
470
659
746
793
911
904
964
958
921
846
693
621
482
348
184
38
-255
-392
-502
-706
-773
-971
-958
-991
-874
-751
-749
-552
-448
-279
-118
22
31
238
294
433
609
600
791
791
966
1065
1134
1322
1336
1459
1418
1419
1476
1234
1271
947
696
441
-7
-127
-458
-637
-890
-993
-1111
-1130
-1137
-1170
-1099
-1092
-969
-944
-863
-810
-730
-637
-641
-617
-641
-673
-630
-633
-607
-517
-446
-345
-145
-32
108
228
204
233
148
115
87
-45
-187
-313
-420
-440
-570
-625
-618
-714
-715
-654
-564
-401
-157
-32
218
358
561
777
820
941
1026
1034
1134
1122
1084
1142
1139
1165
1076
1021
871
824
671
516
451
277
265
120
88
112
25
-53
-69
-78
-154
-235
-408
-532
-574
-695
-798
-877
-889
-833
-774
-759
-699
-486
-441
-328
-196
-81
178
339
518
649
796
959
1020
1112
1073
958
786
665
423
211
-21
-235
-256
-318
-321
-422
-289
-309
-234
-19
-66
127
116
180
183
121
75
-32
-72
-217
-240
-387
-411
-492
-513
-547
-675
-664
-725
-647
-671
-606
-503
-368
-98
91
354
606
838
1017
1121
1160
1047
984
869
776
576
382
133
-158
-298
-739
-1015
-1294
-1504
-1614
-1759
-1620
-1514
-1225
-998
-689
-326
-53
206
378
557
701
759
672
740
649
581
454
253
193
19
-117
-338
-568
-628
-645
-681
-680
-646
-596
-558
-487
-434
-305
-220
-127
9
97
130
233
307
344
421
336
367
385
382
398
318
347
359
426
484
486
552
611
690
808
888
920
909
964
996
961
987
808
825
821
701
616
424
359
210
46
-119
-345
-529
-667
-815
-994
-1113
-1266
-1357
-1352
-1250
-1204
-1087
-911
-829
-529
-300
-49
196
399
565
650
655
611
527
422
277
123
24
-132
-225
-345
-385
-382
-328
-271
-207
-95
22
194
432
599
721
806
852
946
886
896
830
737
686
581
476
305
125
-68
-190
-353
-517
-689
-744
-810
-822
-775
-817
-732
-679
-548
-426
-251
-77
67
289
466
571
644
653
638
613
519
421
263
122
-45
-219
-411
-551
-681
-868
-968
-1121
-1231
-1263
-1313
-1270
-1187
-1110
-1032
-924
-813
-693
-569
-512
-453
-327
-208
-140
-80
-56
65
201
301
351
372
468
587
650
661
601
589
601
494
398
272
172
123
38
0
2
23
41
75
148
207
241
220
187
167
170
117
141
217
345
467
508
596
660
723
711
631
617
603
521
468
407
445
438
384
400
338
262
223
187
174
141
59
48
26
20
-5
-49
-5
-56
-205
-269
-289
-397
-498
-547
-557
-577
-635
-651
-594
-444
-417
-403
-319
-279
-250
-245
-239
-217
-141
-54
10
84
153
224
354
468
558
611
619
688
693
770
812
729
749
784
813
808
764
664
658
566
426
301
148
26
-92
-150
-287
-424
-521
-632
-682
-789
-933
-952
-1022
-1074
-1083
-1113
-1123
-1121
-1106
-1082
-993
-979
-845
-684
-587
-400
-252
-107
-42
-22
5
-4
13
-76
-146
-161
-249
-271
-333
-371
-397
-427
-518
-598
-673
-711
-714
-699
-668
-643
-514
-361
-176
-52
84
236
349
452
555
674
740
769
768
754
751
722
679
619
580
535
453
463
422
408
407
398
413
455
544
494
540
577
559
581
514
403
359
337
302
324
304
318
371
368
326
288
224
173
198
168
234
322
384
482
517
629
692
787
828
772
773
769
768
746
623
502
434
265
153
-17
-196
-329
-501
-666
-880
-1017
-1174
-1206
-1216
-1256
-1208
-1206
-1120
-1075
-1009
-958
-905
-794
-711
-642
-608
-499
-405
-303
-171
-55
10
131
268
320
444
417
441
462
403
355
318
290
228
154
14
-97
-200
-325
-397
-458
-490
-499
-498
-458
-415
-314
-263
-223
-195
-152
-126
-97
-57
-54
-19
10
67
74
74
51
99
130
95
106
98
146
165
111
73
70
18
-1
-67
-145
-183
-270
-345
-411
-458
-481
-501
-558
-546
-533
-535
-478
-469
-384
-294
-253
-128
-42
34
146
224
299
383
427
492
526
567
671
753
834
931
991
1072
1172
1201
1254
1278
1250
1244
1212
1115
1020
875
748
596
456
314
170
76
-22
-111
-234
-360
-435
-471
-486
-504
-523
-528
-492
-454
-431
-355
-324
-239
-169
-152
-89
-55
-63
-79
-73
-111
-149
-138
-93
-75
-35
-16
-31
-31
-88
-111
-141
-185
-212
-197
-141
-178
-187
-178
-120
-57
-78
-120
-115
-115
-135
-118
-108
-81
-93
-99
-89
-113
-96
-77
-66
-25
-76
-35
-4
21
80
127
174
191
215
232
227
165
165
94
103
116
55
0
-8
-67
-159
-226
-284
-307
-332
-364
-442
-419
-438
-476
-520
-583
-647
-666
-674
-695
-668
-586
-513
-445
-336
-249
-132
-80
-64
18
70
94
115
127
164
157
139
60
-42
-90
-180
-237
-334
-411
-443
-424
-385
-340
-256
-168
6
151
288
443
538
605
699
769
820
861
890
914
928
900
864
811
742
666
568
450
307
212
139
83
82
70
46
78
100
186
261
302
364
437
550
596
664
745
765
810
830
809
740
633
590
509
398
245
53
-61
-221
-347
-480
-609
-707
-754
-763
-859
-834
-807
-826
-809
-785
-759
-689
-641
-603
-564
-608
-588
-658
-657
-631
-640
-620
-637
-647
-643
-599
-584
-530
-529
-460
-411
-347
-276
-173
-24
47
178
293
452
550
665
790
807
815
793
753
758
792
732
690
615
551
473
403
338
232
202
140
76
19
-3
-78
-94
-122
-141
-106
-131
-44
-31
-13
1
-55
-88
-168
-240
-279
-291
-371
-445
-482
-528
-541
-577
-601
-637
-608
-501
-445
-408
-325
-230
-103
14
92
190
276
313
320
274
206
134
37
-29
-90
-160
-245
-329
-334
-304
-287
-250
-183
-108
18
122
194
322
399
487
552
592
631
638
698
722
728
713
671
607
476
349
210
90
-9
-76
-122
-131
-70
-36
-13
46
118
154
187
149
131
148
86
51
1
22
10
10
-19
-102
-124
-158
-173
-233
-268
-300
-326
-329
-359
-366
-368
-351
-348
-367
-374
-394
-385
-343
-301
-274
-240
-179
-79
-34
26
62
101
100
79
118
127
115
95
110
117
114
145
135
148
169
184
170
135
113
43
-45
-111
-156
-205
-240
-299
-287
-267
-251
-177
-83
35
89
187
236
259
312
286
297
276
266
229
161
103
28
-38
-129
-224
-313
-375
-423
-431
-385
-313
-256
-218
-124
-22
17
34
58
27
-39
-78
-112
-177
-232
-269
-259
-255
-254
-227
-237
-246
-260
-216
-132
-69
-25
61
180
251
308
317
331
371
372
372
331
286
284
257
242
214
153
159
182
216
201
211
225
227
267
234
238
209
143
117
101
46
-7
-28
1
68
91
125
160
190
199
176
145
78
52
18
-23
-51
-87
-109
-167
-214
-282
-331
-424
-497
-520
-585
-531
-432
-331
-192
-81
11
106
225
291
331
380
438
427
387
359
306
290
209
110
15
-50
-171
-309
-374
-410
-421
-414
-391
-308
-210
-156
-101
-121
-70
-15
-27
-37
-21
45
87
110
109
126
112
127
91
99
83
-29
-34
-56
-24
-51
-58
-42
-50
-11
27
67
56
62
69
38
15
-11
-32
-28
-40
-70
-45
-17
-6
12
-10
22
21
12
13
-16
-16
-13
-2
-16
-14
-30
-60
-54
-57
-62
-98
-54
-5
-24
8
-28
-84
-119
-209
-278
-270
-267
-257
-219
-166
-135
-72
-18
28
88
108
143
165
207
243
289
329
378
408
397
359
339
341
359
351
335
345
330
362
354
330
307
277
233
142
57
-10
-29
-76
-161
-253
-312
-348
-356
-378
-420
-395
-372
-319
-326
-286
-259
-259
-184
-128
-118
-104
-97
-122
-136
-190
-223
-250
-274
-222
-196
-158
-105
-58
5
27
47
75
93
85
110
131
170
203
225
245
224
215
183
127
86
51
-16
8
24
9
69
92
124
192
221
190
126
126
119
82
66
46
46
28
-36
-106
-176
-249
-325
-386
-409
-464
-450
-450
-362
-256
-216
-119
-34
69
166
264
308
366
345
336
356
329
316
277
251
201
153
145
78
43
44
29
45
63
54
82
150
169
250
240
229
259
226
169
121
99
71
60
-29
-78
-81
-119
-113
-168
-239
-276
-325
-346
-352
-332
-352
-354
-337
-297
-256
-244
-184
-75
47
129
222
259
275
308
298
334
332
285
297
289
281
257
240
183
140
83
-47
-133
-195
-255
-285
-314
-368
-367
-323
-317
-296
-312
-366
-384
-422
-422
-397
-362
-296
-209
-200
-191
-181
-154
-121
-130
-127
-166
-129
-111
-57
-23
2
55
59
116
121
119
167
189
223
249
317
388
413
451
502
512
474
392
319
302
262
215
185
200
235
226
197
147
108
64
44
61
46
67
74
74
66
46
27
24
36
-13
-51
-39
-41
-55
-119
-185
-201
-197
-153
-167
-169
-166
-155
-82
-29
21
60
124
164
190
184
123
100
62
28
-31
-86
-99
-127
-166
-205
-197
-228
-309
-359
-438
-492
-522
-546
-541
-504
-428
-361
-313
-249
-160
-60
24
78
176
245
302
375
435
487
536
568
606
621
566
527
456
375
308
217
145
91
29
-7
-50
-51
-65
-111
-136
-149
-119
-84
-94
-97
-56
-46
-63
-86
-63
-36
-72
-131
-163
-219
-258
-330
-426
-460
-528
-581
-600
-593
-566
-536
-493
-429
-368
-302
-223
-137
-85
-41
19
66
121
170
230
279
326
342
340
323
322
303
272
254
199
176
181
155
143
142
181
211
199
223
217
220
213
258
276
237
267
257
260
301
298
277
249
227
193
136
79
80
66
40
44
20
-5
-17
-23
-39
-38
-34
-10
38
75
128
170
176
182
148
124
77
34
-4
-47
-89
-130
-166
-236
-273
-320
-302
-314
-347
-373
-411
-409
-449
-467
-470
-495
-504
-498
-443
-386
-303
-205
-162
-119
-105
-106
-90
-77
-62
-77
-105
-91
-93
-75
-94
-115
-85
-76
-47
-57
-84
-56
4
71
102
143
179
188
244
281
320
356
384
435
465
493
480
450
441
422
383
346
307
281
244
138
75
48
-14
-122
-204
-207
-229
-244
-255
-276
-257
-210
-239
-299
-363
-391
-351
-362
-362
-308
-306
-295
-259
-243
-225
-194
-180
-173
-151
-161
-126
-57
-41
-24
-8
15
29
0
1
-2
-4
-3
10
12
62
161
237
255
267
287
271
270
223
197
201
224
218
275
301
295
318
299
302
325
328
299
288
304
338
326
335
338
313
278
221
200
208
271
326
283
262
239
196
147
68
19
-20
-42
-12
9
47
91
86
119
154
184
157
100
69
18
14
-33
-101
-196
-239
-270
-307
-342
-426
-466
-507
-535
-574
-574
-564
-569
-537
-478
-453
-431
-409
-381
-295
-239
-217
-256
-273
-270
-286
-291
-308
-320
-358
-408
-455
-452
-482
-529
-540
-567
-560
-551
-522
-485
-448
-372
-295
-242
-163
-34
104
224
355
467
555
635
632
661
657
623
631
608
572
524
491
467
427
376
316
251
235
251
247
245
276
300
303
293
281
249
203
183
157
157
161
123
91
58
4
-51
-115
-217
-305
-364
-436
-459
-449
-418
-342
-251
-165
-85
-24
60
147
189
243
282
339
416
424
429
476
497
483
435
369
363
367
352
327
262
221
193
182
191
205
208
213
215
182
153
143
103
65
46
40
-12
-75
-116
-172
-199
-280
-407
-489
-560
-625
-657
-703
-722
-742
-743
-680
-611
-573
-536
-452
-374
-284
-183
-57
50
100
146
174
169
134
91
81
47
2
-57
-124
-125
-147
-194
-230
-202
-170
-153
-182
-222
-202
-172
-115
-82
-86
-45
-9
11
49
67
125
164
197
214
247
295
287
312
307
271
241
175
153
127
66
69
87
133
185
222
300
328
316
341
342
342
357
357
387
403
385
339
271
191
113
56
-27
-92
-128
-144
-140
-190
-218
-206
-225
-247
-259
-253
-263
-258
-267
-266
-265
-276
-235
-225
-187
-131
-85
-71
-44
15
39
75
73
41
25
20
-16
-13
-21
-15
4
2
47
85
139
227
269
270
280
318
351
335
333
300
266
233
161
99
52
-17
-41
-57
-100
-126
-172
-186
-204
-204
-228
-221
-188
-167
-136
-100
-55
-11
29
33
46
34
24
4
-72
-99
-134
-183
-226
-287
-307
-344
-388
-417
-385
-342
-323
-308
-254
-207
-147
-96
-58
-13
21
59
56
65
65
50
38
38
37
6
-14
8
30
8
-33
-44
-30
1
11
41
55
48
69
68
47
76
116
134
159
172
207
222
265
297
316
309
283
240
183
184
140
150
155
135
104
67
75
80
66
36
45
55
89
120
184
254
260
263
266
292
286
274
223
169
143
110
55
-2
-30
-60
-63
-131
-192
-205
-213
-199
-193
-226
-217
-187
-193
-177
-170
-132
-101
-94
-73
-54
-34
-12
-7
12
34
17
1
25
63
97
82
78
80
83
85
46
13
-42
-84
-127
-119
-96
-88
-83
-99
-87
-52
-26
9
20
31
59
38
49
39
11
4
-12
-31
-56
-77
-83
-103
-148
-176
-222
-219
-222
-227
-225
-201
-164
-166
-159
-196
-229
-307
-348
-353
-394
-383
-393
-368
-309
-304
-272
-251
-201
-155
-138
-131
-105
-54
-31
-18
-13
1
29
34
11
-31
-23
26
76
153
243
332
404
462
508
528
533
523
495
511
478
430
410
360
322
252
169
139
104
80
88
82
98
132
168
189
196
196
197
177
156
186
194
172
166
166
184
174
120
72
14
-39
-114
-209
-297
-341
-327
-304
-298
-313
-266
-209
-170
-135
-126
-85
-51
-45
-12
28
72
116
63
-11
-17
-32
-79
-98
-133
-178
-197
-227
-237
-242
-269
-290
-289
-284
-293
-300
-294
-295
-210
-118
-92
-67
-26
46
96
140
152
179
214
194
190
159
89
43
-1
-11
-30
-22
11
29
70
97
120
141
191
204
201
218
231
265
279
265
217
143
75
43
-3
-46
-65
-102
-117
-114
-106
-86
-86
-108
-100
-100
-98
-103
-93
-57
-33
-23
-58
-96
-137
-185
-248
-309
-364
-385
-391
-422
-451
-473
-481
-474
-458
-446
-420
-348
-290
-262
-236
-186
-137
-93
-55
-27
6
31
71
128
169
185
213
212
225
247
266
255
215
242
274
267
239
240
250
229
181
140
126
88
62
56
53
87
171
245
266
316
394
443
467
460
430
410
413
380
326
281
239
152
45
-6
-36
-44
-86
-89
-48
-10
44
88
135
178
193
218
228
201
186
192
173
118
87
51
17
-26
-79
-88
-114
-119
-104
-152
-172
-201
-214
-206
-208
-173
-140
-85
-29
24
37
28
57
50
10
0
-21
-32
-68
-116
-138
-178
-221
-254
-306
-348
-376
-445
-503
-493
-428
-354
-323
-264
-188
-161
-157
-189
-220
-226
-216
-242
-278
-268
-287
-303
-301
-317
-294
-296
-310
-278
-209
-115
-38
46
125
195
276
330
372
401
398
400
379
321
264
200
122
53
0
-58
-149
-187
-215
-219
-195
-221
-202
-186
-156
-129
-92
-59
-43
-33
-1
48
58
80
103
181
277
360
411
485
550
581
629
664
703
685
659
615
586
529
435
350
267
240
169
76
-9
-63
-87
-131
-163
-152
-113
-105
-121
-143
-150
-135
-122
-117
-129
-133
-156
-174
-171
-154
-111
-61
-4
30
47
42
-5
-26
-24
-21
-31
-36
-2
11
19
49
54
48
52
11
-30
-35
-73
-92
-107
-164
-207
-217
-264
-293
-274
-236
-194
-162
-88
-65
-40
-25
-67
-73
-73
-77
-49
-49
-42
-29
6
36
-11
-46
-27
-40
-44
-18
-16
14
21
46
67
78
67
73
67
28
-4
12
57
58
71
77
103
129
158
182
173
200
226
219
185
110
50
-41
-127
-186
-242
-260
-286
-271
-234
-210
-215
-196
-202
-205
-198
-193
-154
-116
-64
-4
24
-8
-2
-5
-13
-34
-33
-37
-61
-60
-77
-72
-36
8
21
60
84
100
125
119
111
108
80
49
56
64
90
117
138
176
234
259
249
251
250
275
288
260
236
242
219
150
74
5
-49
-71
-87
-113
-114
-113
-117
-136
-120
-119
-124
-110
-93
-60
-66
-91
-99
-96
-133
-197
-235
-217
-169
-114
-55
-15
48
120
159
216
257
286
309
315
301
274
270
254
223
190
158
117
92
61
33
5
-18
-26
-37
-24
-7
27
84
109
105
112
103
76
38
-32
-107
-187
-256
-320
-378
-414
-433
-419
-369
-299
-281
-277
-278
-256
-235
-223
-187
-180
-146
-130
-100
-38
-34
-18
-22
-38
-72
-104
-61
-15
39
116
214
312
388
431
440
428
404
329
232
137
88
45
22
48
41
85
107
99
79
47
17
-28
-50
-93
-120
-116
-117
-102
-64
-41
-13
32
89
126
157
190
185
198
182
159
173
177
190
184
162
94
2
-39
-86
-131
-159
-185
-210
-224
-222
-227
-210
-196
-187
-140
-67
-9
46
87
124
141
119
58
-14
-98
-154
-193
-246
-301
-362
-388
-459
-518
-571
-607
-624
-617
-559
-501
-402
-284
-155
-45
31
94
135
139
135
131
141
130
138
159
141
115
85
49
-3
-67
-119
-110
-97
-74
-5
61
111
175
242
285
302
303
348
374
374
375
372
347
292
254
224
186
153
122
91
41
0
-25
-46
-51
-59
-43
-46
3
74
116
164
191
228
260
279
317
346
326
272
227
170
89
2
-42
-57
-63
-69
-83
-79
-54
-47
-77
-94
-106
-114
-102
-64
-29
11
60
106
136
154
135
111
85
58
55
31
22
-13
-60
-119
-197
-232
-297
-344
-373
-367
-329
-335
-317
-271
-246
-230
-201
-188
-199
-190
-195
-189
-174
-184
-197
-220
-237
-218
-197
-178
-135
-91
-83
-110
-114
-89
-77
-47
-15
-14
18
50
96
142
190
214
191
195
202
226
240
205
191
192
210
200
149
110
50
-23
-88
-116
-128
-167
-171
-156
-137
-126
-111
-40
37
108
148
178
225
224
165
89
42
12
-28
-44
-44
-42
-44
-35
-61
-112
-112
-113
-155
-168
-148
-120
-97
-73
-3
37
65
100
125
166
193
211
220
203
166
115
87
78
68
49
42
47
32
35
32
18
4
-22
-33
-40
-39
-34
-41
-44
-10
25
54
103
132
134
107
71
46
28
-12
-64
-128
-160
-193
-244
-248
-272
-252
-200
-174
-120
-54
44
136
211
271
320
377
403
405
398
348
283
233
137
38
-32
-76
-107
-128
-150
-135
-114
-110
-103
-111
-95
-99
-111
-103
-82
-61
-24
8
42
61
75
87
65
36
-10
-59
-119
-162
-199
-200
-193
-166
-139
-126
-47
7
43
71
111
126
121
123
143
153
135
105
69
45
-54
-129
-181
-213
-216
-231
-200
-201
-225
-240
-283
-326
-335
-323
-259
-178
-120
-60
-13
35
73
90
83
61
62
81
91
96
118
121
119
98
68
48
1
-49
-60
-71
-100
-100
-75
-49
-23
14
60
132
182
209
235
232
228
249
287
303
303
299
274
225
180
136
83
20
-34
-82
-105
-89
-79
-66
-70
-72
-43
-30
-10
17
24
37
36
62
94
106
102
111
131
116
91
90
100
103
105
110
124
137
132
140
127
137
124
105
106
84
90
78
47
31
3
-51
-116
-164
-198
-276
-319
-312
-321
-375
-407
-431
-430
-406
-367
-350
-323
-272
-247
-180
-152
-142
-128
-111
-79
-33
-7
26
83
115
137
135
145
143
118
129
134
145
144
127
122
118
132
126
108
146
153
139
142
180
250
277
309
320
337
307
225
160
95
43
-9
-36
-63
-91
-94
-99
-131
-156
-172
-172
-174
-200
-210
-196
-189
-189
-187
-160
-161
-146
-144
-150
-103
-68
-33
-20
3
38
53
52
42
58
90
94
94
84
90
142
178
174
203
215
204
175
157
137
102
71
18
-23
-68
-86
-107
-120
-154
-169
-173
-181
-135
-117
-100
-79
-34
3
16
24
28
19
-3
-27
-49
-46
-49
-52
-49
-47
-52
-14
25
44
74
92
119
153
175
173
162
177
186
182
189
186
184
166
164
164
133
90
50
28
-4
-50
-81
-102
-123
-134
-131
-140
-140
-123
-93
-88
-90
-81
-62
-35
-45
-42
-24
-19
-21
-43
-64
-50
-35
-26
-9
1
13
30
50
62
68
83
59
51
70
55
33
10
-11
11
9
-34
-28
-27
-46
-76
-89
-78
-80
-78
-44
10
-8
-39
-63
-93
-125
-154
-182
-207
-223
-236
-238
-229
-198
-165
-130
-114
-104
-123
-124
-97
-81
-54
-55
-55
-49
-70
-60
-59
-77
-80
-66
-32
0
14
50
116
167
225
308
375
422
459
470
483
515
519
506
486
442
428
399
371
325
276
265
211
193
178
136
131
123
116
92
56
34
15
-15
-21
-39
-67
-90
-145
-186
-219
-255
-289
-333
-368
-396
-415
-421
-399
-389
-368
-336
-309
-277
-266
-257
-264
-251
-241
-217
-212
-185
-123
-83
-50
-51
-36
-15
-18
-13
14
33
63
74
75
84
88
102
94
92
75
82
81
53
47
27
14
-18
-45
-74
-119
-126
-127
-149
-141
-135
-160
-183
-196
-210
-234
-208
-187
-161
-115
-100
-94
-102
-97
-65
-15
21
68
139
168
195
241
276
297
314
336
356
373
378
386
387
385
382
383
348
297
306
328
309
251
193
149
110
63
11
-34
-61
-102
-144
-173
-169
-180
-221
-244
-235
-223
-235
-239
-222
-227
-238
-208
-185
-161
-124
-99
-75
-71
-69
-53
-69
-101
-115
-135
-151
-159
-169
-170
-171
-155
-125
-78
-42
-23
-4
42
77
120
168
181
185
167
139
124
132
124
126
137
120
122
126
112
119
120
103
103
79
35
33
45
58
66
68
77
59
39
40
26
1
-24
-53
-52
-56
-32
-18
-54
-54
-40
-45
-59
-55
-33
-22
-21
-13
-7
-12
-18
-38
-82
-109
-123
-133
-139
-117
-119
-125
-131
-138
-119
-99
-97
-104
-85
-70
-61
-74
-85
-79
-76
-58
-64
-82
-91
-119
-130
-151
-161
-147
-137
-140
-136
-112
-109
-102
-88
-57
-19
8
33
43
82
108
117
125
132
164
192
199
215
218
227
219
185
169
130
85
73
41
2
9
-1
-23
-20
-55
-87
-55
-33
-35
-28
-33
-20
3
-2
-14
-14
13
11
5
30
50
31
0
-5
0
10
-9
-6
8
16
23
42
83
101
123
151
175
205
231
230
243
265
268
254
231
227
239
229
201
170
115
69
50
40
-4
-27
-42
-86
-130
-141
-154
-169
-155
-173
-180
-204
-221
-213
-204
-200
-194
-191
-188
-199
-226
-212
-179
-164
-138
-131
-120
-90
-86
-67
-73
-65
-53
-46
-21
-16
-12
-25
-22
-23
-3
28
15
-6
-51
-71
-79
-91
-75
-57
-18
-15
-26
-14
-11
-19
-34
-48
-63
-65
-64
-29
-9
7
38
38
48
54
56
51
45
34
35
73
132
201
213
220
228
235
214
203
219
225
209
180
161
133
133
149
123
117
119
103
113
111
124
140
118
110
110
83
83
88
70
28
-23
-57
-71
-79
-108
-127
-133
-145
-157
-157
-160
-161
-165
-174
-180
-170
-169
-187
-189
-160
-137
-114
-90
-73
-68
-59
-49
-90
-94
-95
-88
-62
-76
-74
-72
-69
-62
-45
-1
-7
-26
-16
1
-1
-2
-13
-43
-57
-61
-36
-32
-40
-32
-33
-38
-44
-39
-42
-62
-62
-73
-82
-77
-61
-31
26
50
54
54
43
70
105
146
150
125
75
58
69
105
154
187
214
196
188
205
228
227
218
215
218
232
232
220
215
208
200
181
150
122
117
95
66
52
56
44
26
9
-30
-40
-43
-52
-50
-56
-58
-93
-130
-142
-143
-149
-162
-159
-158
-160
-161
-157
-158
-168
-190
-180
-160
-147
-128
-121
-109
-88
-72
-61
-70
-70
-65
-74
-83
-129
-138
-143
-149
-137
-106
-73
-74
-66
-55
-43
-10
-2
-12
-17
-9
5
5
32
47
67
96
116
125
128
154
177
165
139
93
51
28
30
62
89
94
100
113
123
119
94
69
22
15
28
20
25
25
30
18
-8
-6
29
47
48
34
52
83
95
82
41
28
-18
-64
-80
-74
-51
-43
-54
-54
-70
-68
-71
-90
-80
-67
-59
-39
-22
-32
-27
-13
4
-13
-27
-37
-71
-79
-104
-105
-88
-85
-84
-68
-60
-62
-31
-25
-16
9
53
71
86
120
118
138
143
143
147
120
113
89
68
77
91
95
70
36
33
6
4
35
50
57
27
28
28
39
14
-53
-71
-50
-27
-19
-12
11
13
13
10
5
15
26
38
47
25
2
-26
-46
-37
-44
-53
-54
-56
-89
-128
-162
-163
-148
-146
-129
-89
-62
-99
-102
-95
-77
-65
-90
-83
-74
-53
-40
-23
19
32
22
8
-1
14
8
4
15
9
11
13
42
54
61
55
47
54
57
66
73
95
106
101
115
139
125
129
143
155
178
184
198
187
149
109
103
97
95
78
53
19
-29
-50
-83
-101
-107
-123
-142
-166
-177
-185
-225
-242
-248
-253
-252
-252
-241
-230
-208
-207
-204
-182
-161
-126
-87
-86
-95
-74
-53
-21
8
16
36
40
44
51
52
63
58
63
61
49
41
49
61
83
111
122
121
110
122
151
180
212
234
250
263
291
314
323
296
239
183
168
158
123
92
76
52
17
3
2
-11
-21
-10
6
0
-10
5
-34
-73
-89
-114
-137
-158
-169
-172
-185
-183
-162
-182
-217
-208
-174
-180
-186
-159
-144
-122
-96
-78
-69
-62
-45
-32
-15
-15
-9
11
1
10
20
36
54
39
31
26
10
5
-8
-54
-83
-105
-86
-85
-106
-88
-88
-74
-68
-40
-3
41
84
107
150
177
150
112
120
139
153
147
166
153
131
133
106
86
64
37
6
-15
-21
-4
-16
-48
-61
-51
-40
-31
9
11
-25
-31
-15
6
21
13
5
1
5
29
48
73
65
67
58
34
24
10
21
29
34
23
-29
-69
-56
-30
0
3
-19
-57
-60
-56
-52
-42
-53
-73
-106
-142
-146
-129
-130
-129
-121
-123
-120
-128
-153
-157
-159
-147
-131
-118
-126
-146
-152
-151
-135
-117
-107
-82
-63
-43
-36
-39
-15
-19
-25
-24
-8
-3
-31
-37
-27
5
39
60
94
123
122
125
145
172
195
200
203
186
189
176
180
219
262
297
272
268
272
262
268
285
317
313
308
283
247
203
150
123
90
72
38
11
-2
-29
-93
-126
-127
-124
-109
-102
-132
-148
-129
-123
-95
-105
-101
-107
-127
-131
-120
-87
-62
-52
-85
-110
-120
-107
-74
-63
-46
-21
-27
-50
-63
-83
-93
-91
-83
-89
-125
-163
-191
-200
-212
-220
-217
-229
-240
-256
-293
-303
-302
-283
-256
-218
-187
-147
-135
-108
-52
1
57
74
93
104
105
86
113
153
161
157
150
162
169
157
147
172
214
254
288
282
268
262
268
262
242
250
249
230
200
182
157
152
152
151
127
78
53
22
-6
-13
3
37
33
5
1
2
2
15
38
46
49
44
44
34
33
49
66
52
19
-11
-50
-86
-124
-148
-187
-239
-240
-236
-241
-233
-224
-224
-228
-239
-238
-228
-239
-252
-266
-258
-237
-218
-220
-232
-247
-256
-271
-271
-217
-160
-117
-103
-83
-49
-34
-18
25
58
73
95
129
151
171
189
214
228
225
225
210
229
233
225
225
209
208
203
184
182
196
181
154
126
124
116
111
119
117
133
151
151
139
132
120
98
87
110
140
126
108
128
128
103
93
105
111
88
51
19
-10
-30
-44
-54
-51
-49
-53
-55
-35
-35
-51
-76
-110
-126
-120
-123
-138
-150
-152
-156
-173
-218
-283
-316
-344
-364
-355
-330
-299
-277
-234
-201
-186
-152
-130
-121
-102
-60
-18
9
12
29
44
77
102
126
165
180
185
167
156
174
198
198
196
203
225
249
262
255
251
233
173
119
83
56
21
-11
-61
-148
-194
-245
-312
-351
-389
-380
-348
-326
-292
-243
-222
-170
-71
24
128
214
266
276
300
347
339
328
304
262
235
203
169
158
121
71
21
-42
-66
-62
-61
-62
-22
30
68
89
101
120
142
167
178
175
161
120
85
41
-8
-70
-126
-182
-243
-275
-299
-320
-332
-342
-335
-345
-346
-310
