SAMPLES:	14825
BITSPERSAMPLE:	16
CHANNELS:	1
SAMPLERATE:	16000
NORMALIZED:	FALSE
462
95
-111
-366
-607
-705
-839
-990
-1110
-1284
-1370
-1428
-1501
-1439
-1423
-1343
-1226
-1084
-1011
-854
-657
-589
-368
-223
-87
122
266
387
458
596
639
669
796
761
781
815
826
915
927
952
1054
1116
1075
1174
1179
1025
1151
1211
1062
1091
1058
871
731
590
338
87
-87
-247
-580
-889
-1055
-1382
-1639
-1748
-1935
-2151
-2178
-2247
-2446
-2357
-2331
-2349
-2182
-2033
-1835
-1626
-1398
-1179
-988
-732
-504
-224
79
303
481
689
814
929
1008
1059
1056
1047
1085
1046
992
952
929
914
886
859
909
903
1020
1094
1054
1102
1056
1072
1043
998
918
880
844
584
566
423
218
108
-63
-193
-436
-446
-563
-683
-638
-748
-694
-744
-751
-641
-610
-500
-470
-433
-305
-305
-287
-278
-278
-199
-224
-142
-59
-79
-23
-24
0
55
79
90
109
109
101
172
198
219
296
334
317
365
323
284
241
158
143
72
75
65
49
-5
17
-16
-109
-75
-191
-172
-203
-239
-178
-186
-176
-286
-288
-365
-439
-380
-483
-524
-502
-611
-659
-669
-685
-695
-667
-626
-665
-558
-551
-540
-388
-260
-176
11
253
383
633
821
982
1126
1321
1503
1540
1654
1738
1650
1574
1545
1302
1094
959
697
509
347
144
-65
-289
-404
-651
-818
-910
-1060
-1083
-1156
-1095
-1107
-1018
-937
-919
-783
-789
-673
-598
-482
-378
-335
-154
-153
-51
82
60
103
154
157
112
163
192
124
105
115
58
-8
0
-79
-162
-203
-320
-268
-247
-235
-142
-109
27
156
225
318
463
519
614
667
689
669
619
591
480
452
358
296
253
191
225
200
169
182
157
109
71
101
115
82
113
117
47
25
51
-70
-123
-146
-260
-298
-417
-503
-580
-634
-664
-704
-677
-736
-635
-581
-544
-372
-289
-181
-77
36
102
225
338
421
503
542
679
716
807
853
830
798
667
603
415
271
108
-78
-207
-390
-467
-586
-702
-748
-814
-824
-812
-743
-630
-538
-379
-212
-118
43
170
323
424
531
651
651
693
650
621
495
346
252
53
-149
-344
-573
-791
-1001
-1218
-1365
-1460
-1564
-1596
-1619
-1585
-1475
-1320
-1082
-823
-491
-178
155
505
826
1088
1279
1466
1582
1676
1696
1667
1632
1507
1396
1280
1146
984
777
615
434
256
139
-16
-134
-210
-314
-364
-390
-420
-450
-497
-477
-479
-486
-415
-382
-324
-290
-186
-145
-180
-91
-128
-141
-47
55
54
137
212
226
352
415
532
592
681
742
743
847
830
801
749
685
587
455
349
206
54
-98
-264
-492
-702
-935
-1149
-1346
-1532
-1675
-1758
-1800
-1842
-1788
-1736
-1617
-1427
-1264
-1073
-841
-520
-288
-31
265
466
706
910
1026
1130
1123
1068
1027
913
814
677
544
428
268
179
4
-86
-172
-291
-276
-313
-233
-191
-131
-24
10
157
284
447
665
782
894
974
1024
1058
1035
1026
963
861
753
622
477
300
118
-70
-214
-332
-434
-534
-632
-702
-745
-756
-779
-687
-675
-664
-620
-641
-618
-655
-598
-604
-565
-497
-471
-385
-366
-355
-304
-240
-211
-151
-62
22
54
101
155
163
221
287
403
480
504
574
619
655
675
717
783
818
787
775
746
720
594
486
411
266
196
24
-90
-245
-415
-552
-687
-778
-851
-827
-873
-856
-789
-715
-631
-572
-453
-343
-229
-162
-5
127
175
292
348
375
392
384
319
299
217
105
3
-98
-219
-362
-423
-529
-611
-609
-567
-483
-318
-159
2
216
439
639
861
1044
1178
1326
1359
1475
1527
1462
1394
1207
1087
875
671
441
181
-18
-293
-462
-728
-938
-1095
-1300
-1381
-1496
-1595
-1606
-1570
-1475
-1351
-1210
-1035
-856
-619
-363
-140
87
219
339
487
557
600
577
539
451
361
292
157
40
-80
-192
-273
-341
-411
-422
-392
-349
-270
-183
-31
96
220
340
451
566
668
805
873
952
1047
1089
1115
1059
968
831
683
481
224
23
-181
-386
-605
-779
-962
-1144
-1261
-1334
-1355
-1361
-1274
-1148
-1027
-869
-713
-541
-388
-205
-53
109
263
375
482
562
672
692
722
713
710
683
593
552
440
379
335
290
295
236
215
233
252
298
340
427
438
488
535
510
489
446
407
340
308
267
175
87
-18
-67
-137
-214
-318
-439
-512
-560
-565
-622
-604
-598
-618
-609
-575
-494
-417
-337
-254
-170
-41
86
186
314
444
545
627
714
750
658
582
456
286
114
-106
-267
-463
-616
-770
-919
-1010
-1137
-1137
-1081
-985
-834
-643
-423
-173
115
347
552
734
859
944
970
976
966
896
839
743
624
494
356
228
87
-70
-178
-279
-357
-471
-575
-660
-757
-795
-901
-899
-896
-864
-810
-782
-636
-537
-361
-177
13
211
439
721
944
1150
1278
1393
1432
1456
1445
1319
1166
985
756
480
213
-35
-286
-518
-714
-900
-1038
-1054
-1040
-988
-882
-754
-560
-368
-160
-10
129
213
173
111
-1
-104
-210
-331
-451
-593
-690
-770
-827
-855
-863
-780
-693
-567
-367
-169
60
231
441
630
763
880
947
969
932
921
904
849
800
721
692
640
554
468
398
351
209
73
-35
-170
-284
-408
-543
-630
-675
-707
-702
-648
-609
-533
-408
-236
-85
116
351
524
685
814
931
955
969
883
745
647
470
315
84
-94
-251
-454
-555
-719
-825
-940
-992
-1006
-1051
-991
-942
-828
-752
-651
-516
-414
-234
-93
77
208
360
481
565
675
771
902
977
1004
1018
1037
978
873
710
516
314
107
-143
-392
-586
-788
-917
-1025
-1083
-1050
-980
-878
-731
-539
-339
-106
169
443
682
879
1028
1140
1147
1053
876
680
430
162
-109
-454
-762
-1017
-1183
-1309
-1381
-1386
-1311
-1162
-988
-758
-501
-256
5
202
351
552
698
817
885
906
872
796
659
563
469
345
283
146
45
-52
-102
-120
-199
-237
-263
-227
-196
-203
-170
-121
-61
-14
48
110
210
314
364
381
423
472
461
465
461
390
259
87
-88
-240
-406
-626
-854
-1052
-1176
-1242
-1267
-1218
-1131
-941
-746
-516
-282
22
341
606
909
1133
1367
1556
1667
1667
1546
1438
1245
1020
779
511
272
5
-274
-548
-751
-889
-980
-1039
-1084
-1024
-869
-757
-631
-486
-345
-176
-28
132
266
411
522
601
604
546
479
382
295
139
-30
-183
-350
-499
-624
-760
-903
-1014
-1112
-1218
-1267
-1236
-1223
-1177
-1049
-866
-656
-444
-255
2
314
586
787
1000
1186
1290
1390
1367
1302
1200
1051
946
793
592
420
244
106
-48
-177
-239
-270
-209
-155
-101
-22
76
180
277
413
568
717
829
964
1004
967
876
714
598
466
314
80
-127
-325
-552
-709
-849
-983
-1050
-1105
-1151
-1128
-1123
-1060
-986
-862
-675
-551
-379
-185
18
242
413
537
670
749
749
729
647
528
342
156
-66
-277
-485
-719
-867
-1039
-1171
-1261
-1299
-1252
-1173
-1046
-831
-570
-320
-60
148
387
616
778
940
1046
1138
1149
1098
1006
857
709
483
279
91
-97
-233
-387
-523
-580
-619
-571
-558
-526
-420
-312
-150
-2
172
336
476
604
687
751
776
758
718
687
629
590
555
469
354
237
162
52
-43
-133
-262
-348
-398
-441
-450
-431
-381
-342
-299
-251
-243
-193
-167
-158
-102
-57
-29
-42
-28
-14
-36
-6
-25
-37
-62
-87
-126
-173
-179
-186
-159
-167
-167
-189
-240
-305
-360
-411
-447
-453
-431
-391
-355
-298
-240
-168
-106
-21
21
70
168
227
303
357
428
471
514
575
606
627
601
613
590
562
511
446
430
374
372
356
330
293
269
254
228
209
206
218
206
188
160
166
160
103
52
-7
-67
-147
-240
-320
-422
-507
-587
-609
-616
-638
-631
-569
-538
-520
-464
-443
-360
-299
-229
-148
-105
-37
6
83
134
126
119
111
68
6
-19
-91
-112
-116
-122
-97
-83
-47
-37
-25
-61
-108
-98
-95
-79
-29
28
78
109
150
177
203
230
264
303
304
300
294
272
245
219
229
213
169
99
7
-68
-150
-231
-298
-339
-335
-356
-344
-318
-312
-283
-265
-217
-176
-132
-98
-72
-27
36
119
185
225
225
225
239
213
196
177
150
138
68
59
56
37
46
12
57
90
113
106
115
169
162
198
242
284
313
333
332
343
356
290
271
222
178
91
-4
-61
-156
-181
-217
-218
-211
-236
-254
-273
-246
-191
-154
-91
-22
31
96
132
145
155
167
206
216
196
159
108
84
75
65
31
9
-29
-70
-119
-177
-236
-320
-360
-375
-338
-288
-244
-214
-217
-210
-207
-189
-183
-125
-54
-21
54
104
171
206
194
177
138
97
29
-38
-108
-209
-316
-396
-476
-535
-585
-638
-649
-641
-640
-626
-568
-478
-395
-308
-188
-60
56
155
288
459
609
723
800
873
904
904
873
831
805
719
643
574
488
428
339
243
138
52
-12
-60
-66
-66
-61
-62
-66
-63
-91
-139
-146
-182
-217
-226
-292
-346
-370
-372
-348
-327
-331
-342
-332
-291
-223
-159
-85
8
81
143
165
190
228
232
227
181
195
229
208
191
189
203
208
214
165
105
74
52
26
-10
-67
-122
-151
-224
-312
-370
-424
-498
-535
-548
-549
-550
-530
-485
-428
-342
-275
-195
-139
-43
72
124
191
250
310
392
466
517
552
581
580
598
623
656
679
676
655
566
506
397
274
185
104
46
-48
-139
-238
-334
-424
-510
-560
-576
-554
-516
-479
-428
-390
-328
-240
-167
-123
-77
-28
12
36
44
58
54
64
50
33
17
29
45
53
77
77
51
28
31
-16
-4
-6
-60
-58
-88
-83
-97
-139
-171
-229
-262
-299
-333
-383
-406
-419
-480
-500
-499
-498
-510
-506
-488
-443
-361
-268
-166
-40
150
309
442
601
740
861
978
1072
1124
1154
1180
1149
1089
1030
932
808
676
561
442
341
275
209
150
86
32
-28
-128
-194
-252
-312
-390
-453
-476
-525
-552
-618
-658
-658
-682
-714
-718
-684
-656
-628
-580
-499
-423
-370
-309
-244
-188
-142
-115
-75
-41
-38
-54
-44
-51
-60
-61
-86
-70
-39
-7
47
115
194
265
283
308
395
450
514
584
624
663
657
637
582
535
463
370
320
251
126
10
-92
-215
-299
-395
-481
-537
-579
-618
-658
-663
-652
-651
-629
-586
-558
-509
-445
-385
-291
-200
-153
-97
-23
53
94
113
141
162
185
171
132
99
52
9
-10
-2
62
124
176
248
296
386
428
484
544
572
636
646
676
674
665
649
610
554
480
372
266
180
68
-39
-135
-181
-235
-300
-375
-438
-491
-532
-539
-538
-526
-530
-554
-525
-477
-419
-430
-374
-312
-348
-344
-363
-277
-239
-258
-215
-187
-139
-32
-14
26
111
155
234
209
252
329
362
408
346
343
359
408
475
478
482
487
466
476
461
437
460
359
324
275
204
192
134
119
100
45
40
12
0
-2
-2
-11
-61
-71
-105
-115
-194
-320
-427
-541
-616
-703
-804
-883
-927
-975
-1025
-1027
-971
-881
-801
-710
-563
-411
-254
-95
20
143
238
328
396
429
449
420
394
360
329
311
293
298
328
355
397
443
490
581
626
659
691
707
697
629
553
436
305
214
108
-9
-104
-228
-337
-440
-542
-589
-628
-642
-616
-577
-507
-459
-407
-348
-287
-201
-159
-105
-30
32
86
125
128
141
133
142
164
174
197
191
209
197
201
210
172
185
201
219
262
307
362
420
462
503
507
511
512
513
519
501
464
364
277
185
85
-28
-175
-325
-474
-608
-731
-813
-902
-969
-988
-993
-985
-975
-889
-786
-678
-585
-503
-376
-248
-153
-123
-95
-72
-89
-104
-96
-98
-117
-122
-106
-57
34
123
255
376
491
632
753
854
920
1007
1055
1043
991
910
823
735
647
549
457
325
218
159
135
98
75
66
22
36
43
50
49
41
2
-104
-175
-248
-334
-355
-393
-441
-489
-530
-587
-650
-658
-702
-762
-810
-817
-749
-655
-561
-454
-341
-230
-143
-50
48
141
210
267
310
364
409
429
455
457
416
340
248
180
130
72
19
-41
-68
-123
-144
-127
-113
-87
-91
-55
-22
20
93
157
223
253
271
271
297
330
310
312
281
202
90
-40
-154
-280
-405
-510
-601
-656
-667
-664
-640
-617
-563
-468
-407
-326
-229
-118
-21
74
190
264
351
406
439
486
517
570
602
645
705
771
841
866
897
881
848
793
745
710
631
568
468
380
305
212
120
17
-120
-224
-334
-454
-533
-643
-711
-789
-835
-860
-910
-914
-959
-968
-937
-900
-851
-819
-787
-725
-641
-539
-443
-368
-283
-232
-186
-152
-101
-64
-41
11
59
109
156
237
317
390
459
557
670
804
902
1003
1052
1056
1052
972
942
842
756
655
525
419
269
133
17
-55
-147
-231
-291
-343
-395
-424
-432
-403
-363
-379
-359
-354
-351
-372
-393
-384
-359
-360
-341
-334
-363
-346
-394
-426
-469
-507
-543
-570
-535
-535
-518
-511
-487
-451
-422
-326
-224
-108
15
119
241
392
537
709
866
1016
1138
1200
1287
1320
1351
1348
1353
1384
1333
1252
1127
1005
851
683
491
294
88
-118
-306
-465
-619
-788
-901
-1024
-1120
-1200
-1275
-1326
-1329
-1324
-1266
-1199
-1128
-1025
-888
-742
-668
-533
-396
-270
-126
5
128
204
271
318
350
396
424
410
410
406
384
374
342
360
332
321
329
338
351
383
350
375
394
384
435
391
385
339
306
274
220
157
93
44
4
-26
-66
-68
-109
-124
-210
-221
-199
-222
-220
-278
-288
-274
-338
-387
-411
-507
-520
-592
-659
-651
-716
-696
-708
-705
-704
-713
-641
-538
-450
-318
-214
-132
9
142
331
470
607
745
862
962
1039
1086
1141
1140
1105
1054
935
855
684
541
363
189
101
-28
-145
-256
-324
-349
-421
-500
-507
-529
-492
-436
-437
-402
-364
-347
-346
-373
-390
-398
-413
-454
-524
-540
-556
-577
-544
-534
-457
-338
-256
-88
46
214
422
507
661
822
917
1036
1096
1156
1208
1202
1174
1072
970
858
702
562
374
250
143
25
-32
-170
-271
-340
-455
-513
-547
-585
-548
-608
-645
-674
-709
-714
-813
-887
-976
-994
-968
-955
-953
-897
-797
-719
-641
-521
-397
-244
-78
35
185
336
488
600
683
742
770
770
759
746
712
653
519
404
325
242
152
79
9
-47
-16
33
92
171
211
253
312
343
451
514
513
588
621
588
561
491
411
274
102
-2
-110
-174
-270
-352
-395
-474
-544
-620
-607
-520
-517
-552
-567
-547
-490
-429
-416
-433
-415
-378
-377
-374
-370
-390
-383
-410
-391
-354
-326
-251
-188
-149
-92
-3
82
167
265
344
403
494
549
662
683
666
659
641
608
578
482
330
321
224
126
30
-69
-128
-152
-238
-286
-318
-371
-321
-353
-340
-324
-324
-301
-249
-226
-251
-246
-254
-254
-265
-242
-219
-207
-207
-195
-196
-229
-237
-292
-288
-226
-151
-75
-20
75
176
222
266
350
390
443
508
534
536
581
585
542
544
517
463
401
341
263
166
106
112
44
4
18
-17
-11
-11
27
45
34
70
55
24
78
50
-29
-96
-158
-192
-258
-328
-364
-394
-465
-473
-519
-585
-551
-530
-510
-464
-371
-315
-266
-213
-158
-166
-111
-63
-66
14
55
120
186
256
336
452
464
513
521
470
528
512
450
478
485
518
580
605
692
700
750
798
816
835
871
839
776
721
645
600
420
276
91
-141
-301
-514
-771
-980
-1175
-1388
-1536
-1715
-1821
-1911
-1980
-1944
-1869
-1804
-1662
-1433
-1275
-1070
-861
-664
-487
-287
-95
52
169
281
404
458
525
530
550
568
564
611
639
643
686
673
642
698
725
748
785
841
847
849
870
886
925
952
928
900
876
827
803
745
665
568
463
365
288
196
81
-30
-150
-305
-412
-491
-611
-671
-772
-915
-935
-997
-1039
-1019
-1064
-1047
-1054
-1015
-864
-763
-657
-520
-485
-410
-359
-281
-228
-248
-175
-173
-163
-88
9
111
274
402
561
729
852
1060
1167
1177
1200
1143
1082
1078
1019
935
870
776
708
589
493
409
311
243
108
48
33
50
28
-58
-138
-235
-340
-468
-619
-802
-988
-1203
-1431
-1585
-1633
-1668
-1664
-1665
-1643
-1540
-1415
-1227
-1026
-888
-752
-548
-407
-209
7
183
386
529
727
932
1115
1249
1350
1400
1446
1518
1578
1693
1640
1649
1655
1649
1642
1565
1465
1367
1273
1123
979
812
689
501
321
124
-93
-267
-406
-631
-838
-1062
-1260
-1391
-1548
-1579
-1625
-1707
-1764
-1770
-1757
-1638
-1554
-1517
-1425
-1467
-1374
-1278
-1190
-1024
-904
-743
-543
-378
-200
38
126
311
421
486
637
690
736
754
738
669
773
749
839
879
878
995
978
1105
1170
1248
1281
1325
1257
1263
1180
1080
987
750
644
429
338
130
-52
-173
-390
-539
-634
-767
-832
-899
-943
-1003
-1141
-1116
-1137
-1079
-1085
-1113
-1091
-1024
-1006
-917
-850
-878
-754
-824
-703
-692
-654
-489
-424
-314
-182
-62
103
356
425
654
632
853
1004
1203
1407
1553
1761
1754
1885
1865
2040
1915
1917
1719
1639
1678
1491
1447
1166
1051
807
640
459
323
136
-113
-536
-914
-1025
-1217
-1126
-1403
-1635
-1790
-1927
-1751
-1629
-1489
-1275
-1135
-1123
-831
-867
-713
-531
-715
-668
-699
-770
-544
-634
-672
-676
-839
-726
-565
-306
-101
-26
-2
95
167
517
778
913
1073
1054
1083
1173
1277
1348
1339
1201
850
840
841
946
1111
709
518
98
-86
35
-204
-211
-508
-926
-943
-999
-864
-709
-749
-1118
-1054
-1276
-844
-542
-518
-224
-748
-291
-516
-27
50
-27
-87
-515
-252
-529
150
-102
-64
-353
-573
-326
-245
136
27
115
-159
33
117
507
912
952
972
895
872
1402
1553
1699
1669
1263
1377
1161
1354
1270
1087
671
341
-67
62
291
301
221
-368
-637
-766
-478
-561
-440
-750
-1132
-1237
-1345
-1289
-1091
-1242
-1727
-1695
-2014
-1344
-1179
-1156
-973
-1277
-689
-494
214
483
771
640
641
615
722
1229
759
1013
206
341
163
186
436
76
173
-255
-88
-70
537
608
760
622
514
816
1004
1320
1003
1185
663
847
837
873
1060
765
501
-3
40
-346
207
-429
-448
-1041
-1463
-1315
-1416
-969
-1278
-1049
-1614
-1023
-1209
-500
-414
-460
-85
-351
324
329
880
738
819
325
542
410
430
651
60
147
-352
-392
-505
-214
-429
-269
-575
-611
-246
-33
377
494
652
585
1205
967
1607
1504
1253
1205
734
455
361
241
-164
-169
-1075
-1194
-1528
-1676
-1558
-1847
-2012
-1968
-1940
-1549
-1165
-1241
-823
-1053
-744
-756
-342
-212
-32
-73
-509
-383
-626
-13
-272
165
-341
62
175
512
1196
1156
1591
1195
1625
1259
1997
1699
1858
1554
1111
1306
880
1354
902
1265
458
874
401
672
945
525
836
3
470
-158
627
-78
294
-346
-747
-518
-1232
-388
-1133
-636
-1216
-764
-1045
-563
-601
-608
-467
-1098
-684
-1351
-703
-1206
-1030
-1214
-1518
-1221
-951
-945
-505
-835
-876
-141
-738
491
157
307
962
281
842
841
611
1042
879
356
1067
387
939
1414
735
1323
645
730
1051
1199
1127
1288
904
812
1151
902
936
975
213
167
130
-495
188
-431
-582
-821
-1475
-1783
-1291
-1854
-1559
-1823
-2595
-1603
-2197
-976
-1143
-696
-623
-602
-9
44
974
639
994
538
871
588
1067
974
488
667
-462
-120
-368
-187
-202
-220
-620
-394
-92
13
851
395
599
618
712
1063
1436
1103
1226
1086
597
1194
1018
1140
1307
412
214
-22
-515
-98
-584
-1009
-1013
-1648
-1603
-1269
-1615
-1588
-1752
-2348
-1824
-1650
-1350
-820
-1026
-840
-627
-569
-95
371
257
681
308
471
999
1005
1383
1135
767
579
661
542
845
818
625
812
565
862
1012
1172
1028
971
802
880
1218
1148
1386
993
877
594
628
472
475
364
-290
-214
-674
-421
-366
-442
-685
-887
-1114
-1028
-664
-927
-693
-1342
-1384
-1450
-1577
-1554
-1582
-1885
-2123
-2138
-2495
-1715
-1772
-1468
-1303
-1542
-948
-618
-123
437
652
692
1230
1042
1506
1838
1449
1884
1289
1352
1538
1392
1496
1446
1116
992
1212
630
1486
724
1003
942
329
948
269
645
181
383
-344
389
-111
462
833
125
914
-134
611
231
496
-4
234
-268
-251
-177
-957
-352
-1431
-958
-1965
-1422
-1783
-1457
-1060
-1763
-891
-1512
-687
-567
-156
-159
390
55
465
640
368
1294
345
985
590
628
702
789
313
499
291
-296
505
-568
164
-547
-614
-688
-733
-576
-625
-415
-840
-195
-894
-109
-531
-190
-168
-180
42
-150
414
37
637
116
389
95
407
454
345
537
41
324
-105
226
-110
106
-90
-242
-72
-258
123
89
360
85
343
163
599
690
864
1134
811
1052
779
909
885
934
560
569
315
217
265
13
-142
-541
-809
-1268
-1097
-1560
-1156
-1546
-1609
-1444
-1692
-1187
-1319
-876
-992
-640
-672
-491
-214
-246
82
-102
147
-121
420
5
353
75
-297
88
-513
-24
-186
-82
-182
-33
-431
59
48
-50
728
-25
772
394
615
1109
892
1258
1092
976
1189
1494
1094
1882
848
1232
998
472
1206
385
798
312
60
-92
-53
-255
33
-245
-458
-124
-733
119
-347
128
27
-247
-32
-156
276
188
376
-250
206
-351
-3
115
-422
49
-551
-376
-417
-295
-465
-372
-879
-877
-807
-962
-520
-813
-730
-934
-883
-731
-371
-49
-90
3
-49
134
267
750
555
785
708
439
776
631
800
667
491
-7
188
36
184
300
-176
-193
-447
-648
-351
-449
-783
-428
-1307
-687
-769
-675
-38
-687
-244
-242
-118
341
418
272
740
65
608
381
299
551
-446
86
-753
-299
-271
-548
-614
-694
-1021
-524
-214
-385
642
-364
490
433
766
1403
1178
1209
1116
1044
963
1207
958
1016
726
370
65
256
-122
28
-505
-845
-773
-1088
-785
-953
-886
-1172
-1085
-1245
-930
-838
-712
-663
-838
-453
-470
70
-114
-130
-256
-285
48
6
242
-71
-264
-385
-588
-319
-300
-286
-312
-391
-430
121
404
828
1190
915
1189
1227
1569
1973
2099
2155
1938
1984
1956
1908
2086
1582
1385
993
585
859
441
611
14
-378
-385
-856
-578
-1062
-1121
-1553
-1676
-1856
-1750
-1582
-1819
-1542
-2322
-1540
-1886
-1277
-1058
-1346
-884
-1210
-441
-679
126
-428
-13
-483
-412
99
43
711
163
310
-141
570
23
773
383
376
694
219
746
445
832
449
637
-91
686
402
956
911
494
937
608
1415
1041
1626
1055
1275
1100
999
1404
1117
906
414
-20
-170
92
-371
-364
-825
-1010
-928
-845
-872
-676
-691
-778
-557
-752
-289
-318
-90
-297
-444
-563
-561
-323
-504
-482
-895
-942
-878
-770
-633
-800
-1080
-1096
-1355
-1113
-1106
-915
-897
-838
-907
-582
-290
56
534
160
588
333
885
1091
1181
1275
907
880
688
726
613
369
29
-315
-443
-341
-434
-270
-646
-468
-463
-355
55
-29
314
165
488
159
608
437
656
1127
534
928
136
468
470
359
73
-497
-735
-860
-655
-881
-830
-952
-1118
-852
-846
-586
47
-86
167
66
572
1038
1195
1269
1163
1461
1291
1453
1201
1693
2026
1958
1950
1500
2006
2198
2258
1851
1437
1431
1387
1391
934
652
141
-233
-574
-1147
-1153
-1704
-2103
-2633
-3255
-3112
-3212
-3038
-3107
-3234
-3225
-2999
-2580
-2054
-1657
-1627
-1339
-1179
-846
-319
-40
301
676
780
883
1033
1204
1314
1382
1125
970
1179
947
1186
1008
1026
1434
868
1359
892
1742
1903
1623
1643
774
1796
1695
2028
1785
1361
1245
1167
996
750
796
239
35
-613
-1162
-1129
-1549
-1664
-2067
-2655
-2713
-2858
-2350
-2262
-1993
-2348
-2658
-2376
-2396
-1610
-1568
-1557
-1523
-1557
-1265
-592
-181
298
313
-61
296
568
1135
1593
1110
978
835
627
1025
721
700
483
88
25
-17
276
433
26
-814
-1446
-1306
-459
-83
-612
-1060
-1571
-418
378
774
1277
796
1326
1496
1679
2578
3120
3323
3242
2526
2591
3489
3857
3912
3096
2026
1822
1894
2042
1935
1078
28
-654
-803
-426
-90
-531
-1250
-1923
-2385
-1841
-1319
-1155
-1254
-2000
-2241
-1949
-1398
-885
-966
-1420
-1953
-2043
-2121
-1722
-1513
-1958
-2377
-3275
-3225
-2751
-2050
-1843
-2019
-2110
-1964
-944
-224
557
959
752
541
902
1118
2187
2020
1719
915
1112
1523
1837
2209
794
1831
739
1197
1264
800
1507
848
695
135
517
329
841
160
-365
-320
-826
-185
-404
-574
-940
-1389
-1328
-1066
-490
-698
-699
-814
-767
-113
245
479
384
463
171
610
555
1019
1241
973
1377
976
1517
2094
2487
2563
2247
1785
1747
2089
2044
1574
1225
273
-64
-656
-1350
-1378
-1999
-2375
-3510
-4120
-4351
-3661
-3681
-3670
-3868
-4575
-4405
-3724
-2982
-1575
-906
-2565
-2565
-1708
1037
2855
2010
716
969
2928
4261
4759
4320
5650
5674
5118
4746
5265
7677
8057
6082
3134
2939
4007
4899
3982
1849
231
-662
-663
-1052
-364
-768
-2322
-4375
-5006
-3812
-2807
-2945
-4761
-5995
-6502
-5770
-5487
-4838
-4143
-5112
-6220
-6525
-5201
-3005
-1906
-3411
-4186
-3914
-2362
-804
-430
414
462
498
813
1734
3312
4765
4286
2934
2991
4099
4719
5534
4912
4221
3648
2686
3175
3811
4570
3324
1570
257
1117
1747
1258
569
-1084
-1100
-1287
-1352
-886
-375
-860
-2368
-2812
-2595
-1079
-806
-1491
-2603
-2972
-2206
-2040
-1394
-1386
-1336
-2178
-2375
-1746
-792
-205
-732
-1333
-1286
-292
-222
-26
248
426
225
-426
-465
372
1445
810
-144
-914
-261
188
-8
-271
-643
-319
-264
-218
-285
176
369
-234
863
1585
1000
271
-297
1444
3251
2811
1108
958
2439
4375
4134
3010
4134
4970
5389
4464
3468
5266
6705
5241
3194
2260
3345
4682
3855
2083
839
306
-315
-1397
-1794
-1416
-2433
-4583
-5780
-5500
-4347
-4222
-5574
-6446
-6178
-5486
-5695
-5311
-4346
-3823
-4606
-5608
-5385
-3510
-1846
-2802
-3746
-3783
-2284
-1009
-897
-224
-6
251
62
-85
1667
3146
3647
1919
1944
3334
3706
4958
3712
4150
3964
3117
3031
3095
4653
4286
2720
456
1142
2135
2260
1289
-1152
-1096
-1292
-1741
-1887
-1747
-1655
-2367
-3456
-3913
-2419
-1580
-1536
-2372
-3132
-2255
-1732
-1209
-491
-198
-592
-900
-1570
-545
601
375
-253
-1540
-785
-285
314
308
516
137
-35
-306
-456
1041
138
451
-859
-1402
-298
-986
396
-65
-1
-1396
-1949
-2095
49
1358
350
428
-1090
1446
2729
3668
4203
3914
4341
4575
4854
5333
6613
6015
5078
3516
3318
4232
4887
4744
3403
2357
958
1401
1360
2104
1768
-157
-1202
-1986
-1015
-557
-831
-2034
-2927
-3217
-2936
-2497
-2386
-2368
-3400
-4263
-4721
-4079
-3014
-3206
-4063
-5181
-5469
-4814
-4112
-3818
-3749
-4500
-5083
-4721
-4037
-2039
-1235
-1150
-1924
-1970
-1295
99
641
1149
1251
-85
956
291
2768
3932
3383
3180
918
2302
2990
4096
4127
2918
2210
1863
2851
3466
4485
3612
2128
1549
716
2663
2838
2535
1699
-416
70
-867
245
224
-310
-1140
-3099
-2841
-2824
-1465
-1202
-2383
-2486
-3035
-1675
-636
-132
-343
-1361
-1815
-2528
-897
-1541
-1040
-1805
-4175
-2646
-4192
-2563
-2588
-3452
-2986
-3349
-3160
-2736
-1803
-2063
72
-1346
-306
65
54
2708
2401
3447
3543
3915
4989
5943
5948
6346
6162
5868
6354
5886
6540
6743
6088
5531
4984
3927
4309
3357
2998
2556
1257
1670
815
895
777
-26
-589
-1364
-1832
-2007
-2018
-2868
-3162
-3846
-4228
-3455
-4098
-3885
-4231
-4919
-4485
-4843
-4991
-4867
-4927
-4946
-4615
-5139
-4845
-4037
-4321
-3272
-3564
-3860
-2441
-3124
-1234
-1651
-919
-675
-870
411
260
1626
1436
2045
1815
2466
2388
2562
3084
3692
4423
3372
3537
3168
4221
4490
3964
2632
2435
2361
2307
2208
1223
1571
201
344
-805
-147
349
-41
-165
-1445
-873
-893
-15
-108
25
-484
-662
-566
-844
836
85
-646
-1468
-2694
-2013
-1712
-2199
-2643
-3441
-4430
-4311
-4493
-3577
-2962
-4456
-3741
-5128
-4897
-3394
-2222
-358
-840
-1025
-1979
942
3253
4790
4674
3317
4374
5184
7009
7265
7714
7893
7624
5921
5583
6830
7464
7855
5446
3142
2553
3896
4407
4315
2944
1391
-64
-284
820
813
838
-1215
-3015
-3258
-2202
-1602
-1793
-2529
-3475
-4724
-5286
-4098
-3459
-2587
-3497
-6208
-6505
-5045
-3648
-3463
-4136
-5555
-6210
-5512
-4744
-3851
-3327
-2583
-4599
-3690
-3605
-1505
-729
-1308
296
-2291
-686
-10
778
2981
2863
1074
565
1297
2695
4389
2845
2392
1612
1451
3001
2296
2492
3008
1258
1256
1084
1721
2435
2053
1933
84
1102
1018
1979
2635
2221
1687
445
1094
1434
2071
1311
215
-762
-605
-32
-758
-1483
-1834
-2996
-2778
-3568
-3822
-3602
-4139
-4167
-5448
-4715
-4643
-4166
-3128
-4611
-5248
-4726
-2872
-748
-354
-1284
-1004
559
2998
4768
3988
4869
5263
5342
6473
6388
7663
8825
7723
6148
5317
6205
7661
7705
6381
4182
3294
3541
3956
4070
3512
2343
127
-604
148
793
1008
-556
-2881
-3697
-3525
-2925
-2587
-2436
-3255
-5057
-5645
-4947
-3409
-2085
-2774
-5008
-6115
-4870
-3533
-2825
-2354
-3711
-4439
-4598
-4020
-2535
-1934
-770
-3092
-3090
-2817
-1983
-162
-145
1074
-1170
-1297
-747
438
2949
2552
1267
-373
1011
2183
3342
3011
1972
1385
895
1381
1519
2011
2387
1317
303
609
835
2187
2009
2226
754
510
842
718
2231
1503
1383
-341
-238
77
653
352
-905
-1292
-2244
-1442
-2406
-2820
-2358
-3747
-3549
-4260
-5162
-3381
-4793
-4522
-5523
-5012
-3819
-3299
-3666
-4403
-3300
-2593
508
-763
401
219
988
3239
3782
5551
5419
6400
6177
6491
7182
8193
8414
8302
6720
5889
6240
6819
7387
6192
5341
3401
3205
3042
3536
3434
1918
247
-1494
-856
161
364
-768
-2185
-3610
-3383
-2790
-2252
-1765
-3140
-4289
-5365
-4617
-2899
-2439
-2567
-4090
-5211
-5224
-4118
-2849
-2896
-3037
-5135
-5752
-4757
-3975
-1336
-2812
-1836
-4522
-4157
-1626
-2395
1721
-1009
-667
-2100
-1728
1670
2025
3661
1204
840
541
3058
4167
3843
4163
1633
2463
2367
2898
4295
3180
3349
1309
791
2177
2010
4010
1806
1348
259
655
2420
1391
2195
-81
-555
-802
-683
159
-881
-1686
-3007
-3666
-3015
-3869
-2767
-5682
-4735
-6383
-6520
-3695
-7116
-3780
-7560
-6325
-5424
-4893
-1683
-3923
-3922
-5811
-1215
-519
2715
415
-636
2755
2093
6249
4824
6766
7550
6893
6131
6496
8587
10768
9915
6832
5910
6116
8017
8280
8024
5369
4291
2864
3127
4673
5246
4316
579
-1178
-420
1159
1839
983
-1956
-2582
-3018
-2865
-2177
-1309
-1843
-4009
-6109
-6018
-4439
-2689
-2650
-5346
-6563
-6429
-4727
-4527
-2515
-3648
-4704
-5639
-6295
-2960
-2788
-797
-3877
-5916
-2907
-3851
-603
-2282
-1501
-1393
-3079
-1564
-2447
2104
1698
1626
-1239
-839
2694
2882
4452
1742
2074
2098
2615
3207
3524
4616
3284
2317
1949
2719
4924
4333
3417
3005
1296
3437
2461
3557
3677
1904
625
-790
619
1047
1243
-2348
-3583
-4472
-3755
-3108
-4643
-4944
-5865
-5827
-8084
-7544
-4948
-5999
-4356
-9841
-9406
-7026
-6164
-3282
-7729
-3642
-6075
-3890
-5723
-2217
2377
1207
2900
-4515
2615
5774
10396
8822
6465
8797
9572
12569
10358
13035
13795
13508
8922
7602
10036
13894
13113
9202
5791
5240
7937
7180
6581
5299
4574
1036
-714
-194
2923
3306
110
-5176
-6921
-3354
-2867
-2957
-6176
-7559
-9344
-10314
-8839
-7751
-5446
-6648
-11181
-12519
-9561
-5155
-5253
-6580
-8425
-9828
-6222
-7276
-3799
-4273
-1620
-4733
-8829
-3264
-3696
3693
-1044
-2487
-3627
-2646
3393
1080
5041
2096
2576
145
1870
6471
6585
7947
2490
2186
4502
7271
7941
6582
6223
3751
4088
4671
5820
8845
5939
3733
283
2145
5761
5337
3566
-203
-1133
-1436
127
-679
-609
-2196
-5139
-7678
-6852
-5038
-3321
-5565
-9487
-11335
-10187
-6226
-7501
-6101
-11370
-9811
-11548
-8503
-5173
-5713
-1555
-9640
-7029
-7147
1320
3171
1260
-567
-4214
3821
4142
9353
6723
8697
7669
6176
8005
9852
15796
14194
10760
5252
7364
11724
14927
13356
9795
5765
5675
6657
8165
9771
8378
4405
-748
-20
2466
6776
4906
136
-4351
-4394
-2045
-1185
-452
-2035
-4696
-8893
-8465
-6265
-2798
-792
-6549
-12022
-10957
-7521
-3749
-4079
-5762
-8411
-10414
-6604
-6680
-2220
-1784
-3999
-7063
-10893
-2182
-3660
1234
-711
-6111
-4901
-5846
999
566
4502
-717
-3800
-3043
47
6884
3739
3858
-1193
-1474
3233
4529
6260
5128
3982
654
1373
5015
6257
9035
5208
2482
1660
3118
7758
7460
6612
2710
228
-123
3843
5577
3810
805
-4620
-3567
-2059
322
-1357
-3907
-7399
-9629
-7561
-8288
-5051
-6418
-10244
-11700
-14682
-7744
-6978
-3882
-7249
-11966
-10436
-8087
641
-1375
234
-4277
-3777
820
4278
8211
7684
8168
5178
6696
8241
12831
15658
13804
9688
7159
9120
13268
15581
14286
10733
6023
6270
7631
10939
10765
8540
2659
-646
2432
4177
6124
3294
-1266
-4110
-3862
-2113
-884
115
-1918
-6192
-9423
-7398
-4198
-2086
-2561
-8352
-11992
-9964
-5744
-4693
-4729
-6489
-11054
-10469
-8549
-5028
-4580
-3804
-7468
-10948
-6625
-6103
-474
-4477
-2463
-5729
-6693
-2276
-2275
2956
151
848
-5600
-2062
2350
4081
5591
832
444
205
4778
6385
6246
5601
3717
3082
3598
6033
8258
6332
6603
2746
1867
5636
6070
7969
4767
3172
70
1634
4434
4832
3706
-788
-2347
-2397
-618
181
-1586
-4734
-5442
-8238
-6864
-5610
-5913
-5870
-9673
-11171
-11230
-8488
-5974
-7268
-6942
-9346
-10516
-8244
-4571
-254
-1204
-2647
-5874
-2229
3536
7202
6690
3068
4692
5453
8559
10088
11278
12221
11600
9003
7807
10716
13848
14925
11067
6812
5997
8476
10334
10272
7202
4908
2773
2380
4394
5548
5051
2634
-1649
-2439
-157
1100
1753
-857
-3082
-5986
-5392
-3617
-3115
-1914
-5207
-8863
-10482
-7428
-4774
-4655
-6649
-9886
-11183
-9138
-6478
-6723
-6181
-8025
-7459
-10572
-6735
-4735
-4668
-1685
-6311
-6229
-6153
-1130
567
756
-126
-3518
-1285
83
4525
4231
2132
2104
-440
2317
5404
5516
5340
3520
2427
1871
4811
6074
6003
5429
2269
2473
2714
5753
7225
4749
3463
987
1142
3540
4481
3388
723
-1534
-2231
-943
-378
17
-3235
-5230
-7183
-7211
-5237
-5677
-5000
-9184
-9919
-10947
-9225
-5298
-6429
-5109
-8731
-9753
-7942
-3524
670
-510
-2140
-4829
-1305
3656
6516
7357
4390
5652
6456
7981
10148
11433
13030
10999
8565
6758
9731
12988
13257
10431
5982
4614
6804
8213
9232
7355
4490
2196
1030
3980
5173
5919
2910
-1013
-1794
170
1678
1617
-426
-2444
-4899
-5916
-3322
-3147
-1392
-4432
-8958
-10654
-8190
-4340
-5192
-6823
-10084
-11190
-9521
-7371
-5825
-6365
-5828
-8291
-9427
-6850
-3401
-2059
-2475
-3789
-5848
-2840
-709
2246
2188
1184
77
-1755
1876
4589
6266
3545
1389
-176
1667
6136
4906
4678
1803
1680
1834
3048
5200
4575
3870
1668
559
1220
3876
5488
3622
1227
-639
-810
1799
2918
2971
-530
-2926
-3425
-2261
-268
-603
-3251
-6447
-6883
-6724
-4446
-4851
-4895
-7773
-9117
-9819
-8062
-5182
-4953
-3752
-9701
-9010
-7225
-1637
924
-1070
-3291
-4730
254
3117
6694
4973
5552
5183
5776
7247
9576
12536
12782
10309
6618
8454
11106
14547
12991
9856
6510
6663
8128
9527
10005
8534
5559
2077
2879
4763
6955
5455
1431
-2069
-1312
816
1263
567
-945
-3283
-5473
-5204
-3720
-2579
-2503
-5527
-9792
-9658
-6723
-4761
-6359
-7431
-10129
-10891
-9207
-7290
-5302
-6893
-6724
-11479
-8043
-5129
-4503
-3602
-7149
-4684
-4212
-3087
-1803
-282
937
1030
-1062
-2855
1955
5127
4800
2963
-544
1489
4786
4971
4721
2937
2382
3032
3335
3449
5108
4944
3025
2883
1448
3782
4983
3960
4115
1843
2187
1747
2287
3637
2596
774
-1855
-1215
-225
83
-1244
-4263
-4550
-4284
-5107
-4889
-6763
-4838
-6033
-8783
-8718
-8527
-5363
-5931
-6811
-9304
-5249
-4332
-4444
-4405
-3727
752
-528
-371
-1663
3463
6458
7020
4452
3788
9236
10371
10136
7228
9129
10978
11773
9128
7869
9806
12063
10291
6566
6591
7094
9619
6661
5279
5030
5256
4918
3572
2511
3041
4166
394
-506
-1060
463
686
-1910
-3137
-3914
-3762
-4328
-4669
-5853
-5546
-6538
-9031
-8566
-6793
-6548
-7630
-9581
-9145
-8428
-7926
-6944
-8924
-5545
-6882
-6627
-7677
-5077
-2151
-2648
-2751
-5238
-1336
-788
2259
849
324
1981
1325
2181
2921
4680
4247
3589
1965
2331
4253
4981
4066
2828
1609
2306
2419
2990
4363
2318
1763
230
890
2910
3311
2193
-26
-457
413
1017
731
274
-160
-2496
-2620
-3315
-2899
-738
-3861
-6206
-8093
-7322
-4746
-4770
-7129
-8361
-8698
-8506
-6798
-6938
-5349
-3133
-7209
-8882
-7386
-2075
2925
521
-2639
-3533
1379
5976
7419
5114
6227
8041
7671
7961
8901
13284
14406
11614
7317
7908
11968
15885
13519
9937
7930
7990
10169
9873
10338
8705
6394
2657
3004
4146
6440
5687
601
-1819
-2498
-673
257
-372
-2004
-4562
-7581
-6719
-5227
-3476
-4191
-8266
-11623
-10740
-7300
-6389
-7383
-9565
-9842
-10826
-9915
-7588
-6858
-5351
-6970
-10300
-9637
-5732
-2432
-2660
-4268
-6229
-5128
-2135
-189
2885
893
1077
-724
-105
4887
6852
7075
3389
3089
2679
6454
7585
7219
6030
3488
3467
3513
6546
7468
6577
2717
1475
2229
3903
5121
3985
1853
-364
-731
-661
1289
2015
963
-3684
-5724
-4772
-2673
-799
-4331
-6922
-9692
-8375
-6577
-7300
-6237
-9113
-9431
-12801
-10891
-8610
-6127
-3725
-10861
-11408
-11358
-2759
-77
-986
-4494
-6043
-938
1749
6464
3641
6743
6511
6243
6601
9034
13408
15627
13344
8350
9561
12279
18260
17144
14098
10377
10221
11166
13186
13909
11926
10100
4919
4863
6077
8164
8299
3941
-1374
-1672
-724
881
842
-1187
-4705
-7721
-7528
-6072
-4193
-4687
-7098
-12703
-12431
-9862
-7274
-7705
-9291
-11533
-13210
-10951
-9206
-7098
-7619
-7236
-10875
-10242
-7908
-4556
-3375
-3745
-4272
-7046
-3331
-2176
2179
1685
1027
-756
-1508
3243
5477
7243
3506
3220
1829
4457
7047
6868
6549
4441
4548
4030
6175
6625
6990
5121
3982
2937
3055
4780
4674
4421
1560
-125
-614
1206
2116
1293
-2027
-4979
-4089
-3059
-2069
-4432
-7073
-7903
-8008
-7732
-8548
-8914
-8704
-8645
-11426
-11857
-10479
-6346
-3757
-8968
-11079
-10233
-3595
-105
-1706
-4411
-4482
1093
2969
4091
3128
7004
8668
7052
6777
8584
13745
15725
12926
8460
9534
14232
15982
14164
12743
11551
11215
10043
9702
11292
12577
9953
4972
2349
5474
8557
6869
2514
-85
-351
576
1053
-1095
37
-1704
-4012
-7130
-7030
-3434
-3334
-5955
-10926
-11523
-9636
-7537
-8037
-9608
-11433
-12033
-12212
-11411
-9193
-7903
-9295
-10785
-10610
-9446
-5821
-6345
-4566
-4607
-5239
-4262
-4197
-416
2067
2833
-775
-898
1104
4536
6832
3738
3340
3027
4331
6211
6267
6369
6442
5841
4917
5636
6949
7384
7105
5508
4566
4589
4635
6263
5419
3845
2075
1202
1912
2847
2608
-902
-2217
-2625
-2209
-2214
-4597
-4975
-6552
-7329
-8666
-9305
-8225
-8158
-8726
-12027
-12536
-11048
-8787
-8871
-9260
-10799
-11211
-9094
-7077
-4008
-3576
-4416
-4219
-4249
-29
5570
5354
5035
5012
5933
9346
12162
12358
13165
12381
12002
13026
12281
16322
17257
15135
13150
11042
11103
14421
15552
12921
10368
6991
8137
8338
9379
8509
5038
2438
952
1033
1263
1910
108
-2436
-6551
-6687
-5665
-4605
-4469
-8341
-12074
-12742
-11022
-9259
-9222
-11715
-12886
-14793
-13395
-12072
-10894
-10592
-10501
-11446
-13498
-9433
-9010
-5550
-4980
-6673
-5854
-5930
-1778
-61
2378
1319
770
160
1962
6401
5898
6367
4388
3255
5787
7445
7421
7382
6261
5633
5250
5368
6661
7633
7074
4620
3275
3567
6871
6828
4972
3456
2232
3121
2993
2880
1725
835
-689
-2615
-3646
-2825
-2465
-4506
-7142
-8859
-8738
-7786
-8293
-9615
-10914
-11654
-11681
-11652
-10964
-7619
-9234
-11461
-12275
-10406
-5587
-3693
-4961
-7125
-5575
-1707
2638
2428
2962
4338
5110
6774
8191
9851
12551
13600
11758
11202
11702
14733
16301
15452
13914
12324
12264
13511
14473
13892
12562
9640
8643
8310
8851
9241
7198
4759
3255
2127
2105
2147
1098
-815
-3149
-4832
-5437
-5246
-5190
-5983
-8981
-10454
-11005
-10673
-9636
-9932
-11754
-13186
-13456
-12130
-11232
-10704
-11136
-11404
-9952
-11429
-8281
-9328
-6868
-4984
-6532
-5292
-5761
-1931
-867
1101
-535
580
1646
2916
6119
4002
5706
6191
5340
6897
7739
7980
8468
7559
7085
7166
8341
8212
7784
7192
6292
6880
5239
5884
5569
4887
3984
2088
1475
1180
2134
-169
-1527
-3299
-4344
-4316
-5049
-6454
-7730
-8648
-10173
-10001
-10942
-10067
-11084
-11665
-12629
-12993
-11223
-11184
-9074
-10071
-10795
-10150
-8602
-5310
-3901
-3886
-4230
-3344
-956
2862
3581
3902
5301
6010
7499
9358
10051
12221
13824
12636
13021
12926
15227
17587
16371
15318
14118
14003
15571
15847
14610
13737
11848
10673
10290
9905
10060
8301
5816
3381
2440
2211
1473
-13
-2370
-4401
-5943
-6887
-7188
-6986
-8410
-10855
-12523
-13382
-12363
-11227
-12420
-13472
-14432
-14298
-13236
-12954
-11756
-11775
-11394
-11935
-11381
-9533
-8460
-5874
-6640
-6247
-5375
-3948
-1605
-144
1048
611
1909
1923
4523
6741
6277
7071
6289
6485
8882
9147
9501
9091
7946
8242
8288
8538
8624
8519
6711
6491
4930
4757
5820
4354
3944
1760
349
-15
268
-73
-1663
-3640
-5239
-5145
-5151
-5560
-6645
-8632
-9672
-9480
-10644
-9433
-10030
-10843
-11876
-12466
-12279
-10526
-9399
-9951
-9197
-11557
-9724
-8052
-5488
-3730
-4112
-4230
-3846
-875
2243
4612
3971
5684
5584
7564
10247
11014
13414
13790
13405
13393
13920
16100
18696
16723
16211
14746
14129
16232
16220
14977
14267
11927
10468
10539
9494
10542
7981
5062
2877
1383
1616
1303
-1057
-3209
-4829
-7427
-7192
-8339
-8101
-8669
-11616
-12559
-13596
-12399
-10983
-12011
-13269
-13619
-13924
-12612
-11440
-11374
-10422
-10369
-11481
-9679
-8339
-7826
-5170
-6901
-5564
-4200
-3491
-1212
-621
771
1178
1887
1504
4606
5707
6255
7020
4845
6535
7922
8441
8956
8300
7469
7878
7493
7557
8222
7451
6708
5330
4337
4500
4886
3587
2769
887
-256
-51
-863
-642
-2607
-3574
-5384
-5843
-5243
-6679
-6736
-8249
-9268
-10036
-9645
-10796
-9593
-9292
-11824
-10510
-12952
-10859
-9736
-10015
-9937
-9412
-9660
-8599
-6429
-6284
-1899
-2522
-1767
-201
1303
4803
8105
7325
8617
10771
11330
14339
14895
15968
16852
16913
15497
16188
16374
17786
17537
15499
14810
13915
14005
13599
13324
11729
10390
8742
7266
6861
6905
5220
3107
1017
-828
-1127
-1858
-3666
-5044
-7469
-9318
-9996
-11113
-10761
-11680
-13294
-14746
-14713
-14270
-13274
-13043
-13825
-13143
-13596
-12915
-11598
-10633
-9711
-9702
-8975
-9470
-6616
-5441
-5088
-3236
-4538
-2096
-1297
117
1542
2661
3054
3363
5394
5164
8691
7860
7888
9026
7910
10164
10209
9612
9646
9406
8753
8991
9089
8185
8052
6558
5369
5759
4472
4486
2958
1593
801
-575
-952
-2027
-2601
-3987
-5356
-6355
-7164
-7462
-8010
-9715
-10563
-10977
-11165
-12234
-11250
-12631
-12256
-11490
-13254
-11175
-12011
-11291
-10954
-10533
-9980
-7516
-7720
-7512
-5442
-5489
-899
-274
336
2022
3647
5630
9155
9566
11287
13403
13120
15684
16202
17771
19073
18884
17772
18318
17761
19097
18967
17162
16645
14288
13997
13462
13016
11835
9900
7460
6403
5497
4854
4126
698
-778
-2904
-4044
-4279
-5850
-7115
-8899
-11269
-12193
-12226
-12708
-12851
-14228
-15924
-15813
-15838
-15039
-14284
-14933
-14597
-14370
-13831
-12350
-11337
-10284
-9895
-9599
-7840
-7661
-4781
-4994
-3071
-2010
-893
811
1323
3944
3879
6659
5761
7607
8432
9217
11140
10047
11034
11211
11593
11446
11669
10879
10770
10617
9537
9169
8544
7320
6817
5640
4585
4363
2255
1139
-181
-1368
-2056
-3307
-4961
-5941
-6480
-7762
-7952
-9647
-10310
-10825
-11828
-12513
-12633
-13083
-13719
-13471
-15243
-14164
-14244
-13701
-13025
-13633
-12315
-11973
-9763
-8982
-6554
-6456
-5948
-3896
-2282
1514
3379
4545
4867
6898
9112
12271
13830
14788
15854
16426
17373
19040
20321
21117
21177
19517
18829
19498
20573
20258
19214
16480
15035
14433
13864
13666
11765
9414
6848
5213
3947
3714
2164
-1078
-3614
-5836
-6914
-7050
-8184
-10225
-12722
-14555
-15379
-15149
-14678
-15408
-16675
-18573
-18250
-17348
-16178
-15441
-15575
-15888
-15490
-13723
-12265
-10182
-8733
-8786
-7917
-6454
-5015
-2023
-1786
-218
485
1962
3397
4652
6557
6693
8882
7955
9666
10785
11760
13034
11770
12074
12199
12511
12390
12119
11121
10256
10144
8742
8209
7893
5879
4882
3052
1972
1099
-24
-1207
-2997
-4155
-5469
-6489
-7933
-8704
-9525
-11009
-11337
-12050
-12558
-12657
-13663
-13659
-14121
-13391
-13764
-13399
-13390
-12857
-11961
-12295
-10827
-11414
-9413
-8492
-7316
-5558
-5056
-3833
-2976
-314
1355
3617
4241
5499
7012
9175
11871
12639
14422
15308
15802
17174
18125
19124
20730
19925
19403
18733
18309
19637
19157
18046
16717
14376
13091
13129
11899
11406
9095
6016
4727
3251
3005
1618
-925
-3576
-5813
-7209
-7616
-8447
-10182
-11714
-14331
-14886
-14634
-14532
-14460
-16123
-17030
-17419
-16766
-15532
-14872
-14511
-14737
-14324
-13962
-11928
-9984
-9044
-7999
-8027
-6870
-4594
-2096
-1847
569
-341
1856
3508
4307
7087
6919
8631
8374
10181
10019
13087
12590
12230
13517
11299
14405
13087
13249
12069
10724
10121
9718
9266
7852
7086
4539
4194
2703
2038
1036
-632
-2478
-3604
-5130
-5713
-6861
-8342
-9132
-11344
-11450
-12652
-12247
-13457
-13583
-15352
-15462
-14819
-15368
-13452
-15261
-13730
-15057
-12427
-12148
-10203
-9462
-10214
-7827
-9288
-3632
-4748
-964
-1236
-1133
1127
2575
6742
7366
10038
8201
11773
12117
16125
18008
17416
19412
18229
19728
21503
22375
21697
22075
18965
19328
18849
18704
18377
15656
13446
11512
10521
9721
9634
5850
4481
899
-374
-858
-2419
-3570
-6881
-9030
-10803
-11039
-11918
-12384
-14977
-16401
-17452
-17957
-17059
-17096
-17637
-18155
-18505
-17903
-16410
-15193
-14283
-14052
-13195
-12385
-9993
-8759
-6666
-5674
-4979
-2689
-2493
492
1444
3147
4568
5387
6929
7650
9935
9750
12020
11450
12471
13120
12552
14072
13197
13549
12926
12214
10975
11130
9950
9265
8438
6397
5795
4459
3430
2499
1000
-423
-1515
-3511
-4038
-5398
-6130
-7037
-8685
-9997
-10674
-11442
-12043
-12462
-13580
-13799
-14311
-14439
-14477
-14099
-14263
-12914
-13473
-12161
-11805
-11137
-9605
-9092
-7688
-7376
-5732
-6024
-3043
-2799
21
459
1176
2774
3956
7441
8341
10501
10068
12694
13292
16277
17718
18329
20104
19437
20601
20711
22004
21865
21667
19565
18444
17795
17278
16803
14272
12441
9827
8717
7111
6002
3842
1632
-995
-3015
-4157
-5609
-6311
-9213
-11052
-12847
-13759
-14077
-14941
-15905
-17556
-17877
-18232
-17673
-16850
-17093
-16921
-17168
-16508
-15104
-13965
-13007
-12354
-11571
-10808
-8516
-7322
-5496
-4204
-3006
-1716
298
1697
3036
5029
5263
8388
8285
10375
11005
11881
13794
13777
14743
13682
14905
13532
14764
13559
12713
12705
10430
10506
8678
8562
7232
6091
4468
3062
1992
1066
-156
-1725
-3173
-4855
-5845
-7116
-7871
-9102
-10538
-12162
-12826
-13851
-14003
-14385
-15684
-15584
-16105
-15958
-15204
-15041
-14411
-13565
-13746
-12450
-11696
-10502
-8976
-8274
-7255
-6168
-4823
-4042
-1977
-789
814
2793
3479
5205
6541
8497
11079
12510
13722
14811
15660
17489
19588
20435
20694
21323
20719
21236
21734
21199
21330
19984
18623
17046
16066
15451
14236
12055
9568
7316
5692
4612
2770
498
-2072
-4351
-5991
-7367
-8599
-9850
-12080
-13605
-14712
-15598
-15316
-16129
-17073
-17532
-18024
-17498
-16790
-16454
-15933
-15817
-15541
-14578
-13435
-12295
-10996
-10300
-9392
-7776
-6699
-4711
-3513
-2230
-481
230
2193
3493
4607
5875
7002
7971
9633
10394
10817
11466
11937
12918
13285
13194
13105
13142
12997
13027
12259
11495
10973
9495
8730
7243
6348
4920
3421
1917
262
-827
-2297
-3202
-5219
-6056
-7818
-9099
-9850
-10773
-11660
-12733
-13350
-14426
-14109
-14430
-14613
-14694
-15024
-14889
-14369
-14017
-13173
-11993
-12193
-10318
-10144
-8857
-6255
-5960
-3812
-3489
-2377
-1398
363
1794
3217
4580
4449
6613
6472
9671
11210
12119
13658
13783
15336
17130
19004
19740
20581
20641
21018
21157
21622
21651
21051
19616
18157
16225
15459
14601
12501
10400
7324
5336
3461
2161
473
-1976
-4379
-6477
-8098
-9042
-9882
-11358
-13072
-14886
-15375
-16206
-15746
-16273
-17322
-17591
-18319
-17340
-16740
-15750
-15206
-15163
-14764
-13586
-12288
-10644
-9123
-8634
-7671
-6333
-5175
-3207
-1823
-1165
611
472
2518
4361
4890
7542
7153
8208
9748
10345
11975
12745
12664
13196
13266
13129
14136
13447
12806
12710
10448
10533
9872
7913
7934
5336
4123
2994
1034
703
-908
-2350
-3727
-5247
-6611
-6972
-8298
-9668
-10324
-12262
-12444
-13091
-13964
-14051
-15123
-15369
-15419
-15475
-14826
-14497
-14094
-13436
-12600
-11724
-10307
-9151
-7856
-7029
-5142
-4615
-2289
-1168
-83
1773
2119
4185
5523
6889
8485
9618
9960
11848
12647
14027
15838
15652
16774
17469
18012
19639
19732
19429
20257
19084
19445
19067
17686
17675
15899
14375
13199
11194
10091
8629
5811
4388
2019
3
-977
-3639
-5332
-6820
-9546
-10117
-11847
-13030
-13358
-15276
-15863
-16288
-17154
-16627
-17018
-17423
-16678
-17004
-15989
-14979
-14449
-13248
-12479
-11783
-10278
-9104
-7735
-6366
-5490
-4049
-2774
-1316
150
1422
2431
3730
4612
5657
6790
7992
8104
9520
9677
10464
11208
11240
11810
11453
12219
11223
11877
10517
11038
10114
8961
9298
6866
7152
5475
4419
3184
1838
283
-1151
-2274
-3907
-4906
-7005
-7805
-9238
-10564
-11044
-12333
-13156
-13290
-14172
-14508
-14433
-14730
-14173
-14207
-13712
-12725
-12383
-11099
-10127
-9331
-8028
-6703
-6091
-4501
-3705
-2064
-1238
272
1024
2104
3639
4339
5667
5848
7334
7896
8981
10267
10456
11076
11583
13129
13447
14669
14826
14597
15842
15899
16884
16277
16244
16327
15291
15091
14449
13189
12779
11204
9425
7794
6704
4998
3582
1674
-113
-1775
-3918
-4661
-6555
-7690
-8900
-10702
-11777
-12072
-12872
-13263
-13649
-14249
-13916
-14206
-13595
-13195
-13013
-12025
-11558
-11154
-9859
-8901
-8268
-7449
-6586
-5678
-4264
-3127
-2532
-1606
-850
592
1337
2077
3300
3533
4180
5178
5482
6194
7006
7045
6982
7704
7372
8082
7944
7892
8326
7047
7513
6757
6520
6566
6092
4619
4159
3527
2404
2597
898
50
-1505
-2836
-2962
-4601
-5385
-6452
-8172
-8604
-9079
-9916
-10426
-10777
-11569
-11625
-11729
-11561
-11129
-11163
-10542
-10254
-9560
-8017
-7467
-6565
-5490
-4867
-3633
-2464
-999
-394
920
1680
2488
3646
4091
5550
5851
6970
7153
7315
8105
8708
9883
9829
10324
10047
10176
10756
11276
12185
11534
11555
11000
11020
11649
11612
11190
10329
10185
9526
9053
8494
7720
6780
5938
4596
2940
1905
1309
-28
-1337
-2682
-4434
-5425
-6427
-7165
-8197
-9000
-9901
-10478
-10885
-10500
-10411
-11095
-10849
-11004
-10539
-9628
-9180
-9134
-8546
-7954
-7189
-6202
-5374
-4310
-4042
-3662
-2623
-2110
-1077
-212
-342
406
1181
1975
2515
3061
3383
3791
4123
4119
5118
4395
5735
5614
4571
5795
4784
5345
5625
5302
4726
4538
3710
3637
3835
2716
3082
1169
657
1100
-617
-150
-1236
-2961
-2968
-4408
-5121
-5495
-6353
-7401
-7750
-8774
-8682
-8630
-9533
-8604
-9252
-8838
-7979
-8109
-7035
-6364
-5774
-4838
-3752
-2979
-1822
-996
-649
663
1072
1994
2797
3274
3915
4565
4549
5632
5613
6214
6696
6555
6560
6426
6596
6191
7487
5797
7084
6172
6198
6364
6063
7221
6568
7263
6420
7151
6697
8312
7436
7167
7685
6372
6922
6329
5922
5162
4587
2924
2400
340
508
-783
-2268
-2747
-4371
-4915
-5245
-5309
-6635
-5986
-7690
-6824
-7313
-6744
-6048
-6758
-6102
-6200
-5298
-5012
-3562
-4513
-3507
-3676
-3202
-2453
-2477
-2162
-2542
-2476
-2728
-1793
-2176
-1247
-1405
-1341
-1198
-557
-516
151
169
122
465
-96
848
289
951
117
1147
-764
770
-116
-61
697
-817
215
-1358
237
-668
615
-606
201
-516
-801
182
-1585
-975
-1979
-2623
-2780
-3108
-3170
-3180
-3786
-3600
-4087
-3586
-3630
-3066
-3343
-2779
-2513
-2610
-1017
-1169
555
203
952
1517
1939
3255
3377
4036
3730
4082
4285
4686
5071
5004
5004
4679
4679
4934
4516
4255
3913
3083
2782
2643
2217
2257
1687
1899
1214
1732
1713
1615
667
1152
1591
1255
2581
1182
1969
2135
3005
3108
3067
3326
3568
3356
2891
3358
2141
2770
1735
821
318
355
-210
-487
-1025
-1715
-1531
-2513
-1406
-1984
-1581
-1626
-1768
-1655
-906
-379
-752
-401
-1060
-428
-827
-615
-1043
-1554
-2129
-2574
-2917
-3169
-2811
-3803
-3942
-4630
-4261
-4111
-3872
-4091
-4140
-4440
-4229
-3737
-3806
-3219
-3385
-3608
-3603
-3083
-3127
-2503
-3026
-2480
-2869
-2610
-2097
-1946
-1402
-1166
-1067
-1489
-138
-205
620
458
177
763
763
1612
1596
1547
1657
1896
1433
2194
2202
1967
2118
1634
1747
1996
2174
2122
2333
1949
2619
2437
2788
3229
2931
2889
2638
2728
2736
2968
2351
2178
1647
1448
1572
1226
1069
629
99
-411
-463
-744
-783
-1108
-1503
-1640
-1911
-1908
-2272
-2533
-2777
-2336
-2761
-2362
-2003
-2430
-1683
-1645
-481
40
924
1041
1614
2507
3546
4622
4336
5473
5396
6006
6305
6684
6655
7021
6617
6177
6133
5812
6248
5221
5036
4148
3910
3384
3499
2807
2214
1605
527
378
-264
-221
-1365
-2003
-2906
-3171
-3745
-4271
-5046
-6201
-6697
-7461
-7697
-8210
-8357
-9191
-9567
-10101
-9871
-9436
-9495
-9207
-9473
-9164
-8799
-8099
-7761
-6894
-6587
-6314
-5780
-5202
-4121
-3366
-2702
-2250
-1250
-1384
214
433
1594
2648
2728
3267
3613
4874
5439
6390
5696
6394
6411
6919
7751
7158
7459
7279
7065
7267
7531
7335
7210
6716
6413
6287
6081
5580
5287
4435
4126
3710
2847
2625
1880
1099
215
-523
-1033
-1273
-1734
-2661
-3350
-4002
-4407
-4466
-5125
-5270
-5755
-6171
-6377
-6258
-6136
-5954
-6163
-6216
-6056
-5903
-5469
-5171
-5056
-4239
-3680
-3378
-1978
-1982
-791
-550
953
1878
3125
4153
4523
5799
6384
8591
8101
9682
9569
10527
10934
11098
11395
10726
11139
9989
10340
9138
9985
8500
7982
6984
5828
5486
4213
3878
2086
1506
-50
-687
-2120
-2752
-4126
-5784
-6723
-7888
-8450
-9397
-10296
-11472
-12052
-12658
-12644
-13183
-13204
-13402
-13679
-13494
-13131
-12491
-12073
-11503
-11287
-10530
-9857
-8699
-7954
-6915
-6042
-5250
-4456
-3354
-2132
-1336
198
437
2437
2552
4376
4236
5675
6298
7393
8233
7946
9404
8825
10809
10031
11114
10482
10984
10860
10715
11028
10186
10728
9260
9531
8196
8005
7062
6182
5328
4209
3249
1980
1832
580
498
-1073
-1770
-2821
-3212
-3778
-4452
-5076
-5609
-5813
-6510
-6361
-6716
-6977
-7038
-7251
-7245
-6732
-6704
-6433
-6862
-6449
-6303
-5635
-5710
-5024
-5308
-5354
-4218
-4716
-2833
-2762
-1421
-1681
53
361
1936
2791
3746
5775
5552
8028
7652
9835
10461
12469
11892
13131
13327
13529
14221
12985
13619
11758
12048
10534
10081
8556
8176
6372
4983
4160
2080
1476
-711
-1468
-3188
-4215
-5655
-6871
-8346
-9269
-10259
-11835
-12033
-13125
-13199
-13864
-13998
-14400
-14280
-14156
-13817
-13637
-13289
-12723
-12673
-11681
-11103
-9821
-9180
-8082
-7601
-6598
-5767
-4642
-3513
-2512
-1130
-683
579
1263
2652
3615
4661
5841
6534
7993
8539
9572
9927
10983
11310
12052
11905
12015
11962
11818
11900
11394
11075
10314
9927
8808
8541
6991
6764
5483
4602
3508
2175
1214
170
-632
-1882
-2655
-3832
-4214
-4902
-5396
-5830
-6454
-6617
-6703
-6851
-6785
-7065
-7024
-6872
-6597
-6410
-6103
-6243
-5922
-5823
-5445
-4701
-4621
-3839
-4169
-3228
-4039
-2464
-2413
-1167
-811
-849
-22
-167
1660
1336
3473
2677
4252
4240
4728
6163
6156
8165
7719
8961
8508
9715
9748
10745
11004
10317
10731
9398
10261
9071
9117
7519
6467
5390
4500
3819
2446
1646
-557
-1299
-3070
-3594
-4638
-5826
-6789
-8398
-9185
-9730
-9997
-10654
-10831
-11926
-11890
-11906
-11622
-11019
-11123
-10849
-10718
-10192
-9330
-8044
-7621
-6546
-6127
-5508
-4257
-3348
-2295
-1478
-1107
-592
71
761
2079
2567
3309
3468
4009
4313
5565
5895
6585
6579
6658
7061
6943
8141
6785
7910
6228
7220
6223
6618
6179
5549
5626
4032
4857
2862
4311
2351
2575
1241
548
399
-307
-122
-1361
-1156
-2481
-2060
-2959
-2416
-2999
-3184
-3426
-3910
-3358
-3622
-3008
-3354
-3341
-3319
-3119
-2646
-2054
-1481
-1477
-1053
-1096
-590
-30
124
243
236
-96
374
279
517
655
246
541
101
1196
286
1772
176
1030
766
1082
1779
1736
2480
1807
3213
1505
3979
2771
4599
4524
3699
4244
3389
4566
3868
4750
2283
3451
1414
1894
1533
392
560
-1440
-1571
-3181
-2710
-4088
-3364
-5262
-5219
-5930
-6323
-5438
-5858
-5030
-5874
-5524
-5987
-4841
-4969
-3889
-4361
-4427
-3742
-3856
-2512
-2400
-1843
-1970
-1683
-1672
-752
-544
-67
49
-418
237
398
937
1265
1128
915
1130
1245
1965
2591
2569
2853
2512
2876
3144
4148
3256
4517
2952
3404
3567
3007
4112
3048
3228
1686
2525
851
2431
966
717
1022
-893
584
-602
-18
-397
-230
-1124
-107
-376
225
795
-35
826
463
1043
1323
1601
1165
1693
904
1345
1276
1342
1522
1220
1172
1076
1066
976
896
423
391
71
82
8
-306
-276
-851
-902
-1302
-1351
-1654
-2092
-2466
-3390
-2942
-3885
-3243
-4001
-4001
-4086
-4185
-3822
-4091
-3260
-4161
-2860
-4048
-2980
-2763
-2364
-1409
-1625
-858
-656
774
745
2744
1941
3164
3222
3409
4407
4536
4955
4778
4706
3955
4778
4018
4636
4050
3467
3241
2798
2494
2508
2166
1392
1253
225
426
72
-170
-581
-1288
-1622
-1741
-1943
-1992
-2155
-2554
-2654
-3083
-2982
-3037
-2961
-3204
-3504
-3757
-3794
-3776
-3686
-3640
-4035
-3911
-4134
-3836
-3541
-3495
-3430
-3571
-3609
-3334
-3017
-2654
-2137
-1929
-1491
-1392
-811
-290
565
1104
1398
1707
1778
2542
3151
3894
3993
4274
4232
4716
5441
5599
6196
5818
5801
5795
5846
5950
6115
5845
5570
5431
5036
5337
5361
5250
5089
4513
4286
4404
4247
4134
3574
2678
2166
1816
1467
1210
464
-409
-1312
-2152
-2766
-3513
-4464
-5507
-6796
-7656
-8198
-9004
-9207
-10071
-10286
-10932
-10753
-10887
-10568
-10486
-10070
-9690
-9670
-7845
-7984
-6038
-6139
-5043
-4515
-3025
-1795
-931
144
241
2267
2242
4318
4433
5349
6216
6891
7533
8167
8891
9010
10053
9542
10409
10175
10594
10609
10319
9937
9523
9179
8672
8625
7525
7194
5819
5382
4312
3741
2798
1572
541
-852
-1554
-2851
-3505
-5084
-5868
-7360
-8064
-8815
-9569
-9922
-10822
-11029
-11561
-11431
-11650
-11334
-11588
-11062
-11101
-10530
-9985
-9388
-8527
-7832
-6837
-6083
-4806
-4080
-2422
-2017
-366
-31
1286
2414
3218
4555
4917
6185
6766
8247
8295
9700
9714
10790
11572
11481
12576
12109
12784
12679
12732
12385
12587
11848
11643
11110
10099
10034
8794
8137
6978
5809
4750
3669
2265
1262
-106
-1433
-2440
-3888
-4828
-5911
-7088
-8073
-9029
-9931
-10526
-11455
-11973
-12831
-13469
-13757
-14285
-14406
-14835
-14968
-15121
-14959
-14719
-14069
-14073
-13137
-12830
-12029
-10606
-10050
-8610
-7727
-6376
-5246
-3167
-2107
417
1561
3077
5285
6050
9104
10107
11972
12965
14390
15430
17086
17905
18463
19423
18677
19865
18940
19545
19004
18153
17155
15905
14836
13738
12813
10709
9600
6900
5886
4044
2441
1053
-1333
-3098
-4870
-6366
-7761
-8876
-11220
-12214
-14116
-15054
-15567
-16755
-17210
-18043
-18601
-18681
-18324
-18244
-17421
-17516
-16913
-16026
-15147
-13472
-12393
-11279
-9897
-8614
-6890
-5023
-3490
-1695
-270
1123
2811
4349
6140
7641
8699
9850
10944
11987
13175
13966
14533
15242
15403
15966
16187
16404
16504
16132
15865
15427
15207
14543
14081
12903
11978
10977
9760
8805
7364
6045
4375
2963
1453
58
-1178
-2922
-4346
-5979
-7590
-8671
-10102
-11248
-12324
-13430
-14374
-14904
-15797
-16066
-16326
-16944
-16668
-16875
-16727
-16091
-16069
-15367
-14725
-14204
-12911
-12104
-10925
-9849
-8643
-7831
-5901
-5320
-3296
-2308
-1121
791
1329
3494
3947
5921
6684
8642
9042
10874
11313
12498
14060
13817
15732
15276
16700
16847
17226
17100
17486
16961
17170
16728
15385
15696
13835
13550
12154
10805
9545
8185
6328
5065
3343
1549
447
-2102
-3167
-5176
-6638
-7952
-9371
-10878
-11831
-13254
-14134
-14723
-15809
-15835
-16830
-16840
-16963
-16793
-16529
-16067
-15736
-14885
-14003
-13221
-11655
-11042
-9275
-8398
-6890
-5492
-3916
-2346
-753
590
1905
3568
4586
6529
7396
8656
9562
10393
11249
12095
12604
13015
13245
13237
13437
13357
13000
12913
12138
11909
11065
10678
9775
8988
8097
6963
6280
5185
4410
3111
2229
966
173
-991
-1989
-2771
-4052
-4705
-5797
-6670
-7241
-7936
-8684
-9198
-9894
-10244
-10422
-10924
-10777
-11120
-11004
-10840
-10637
-10475
-9853
-9729
-9157
-8601
-8202
-7146
-6927
-5872
-5386
-4415
-3807
-2588
-2381
-921
-508
348
1583
1509
3177
3128
4534
4614
6200
5266
7574
6434
7808
8127
7764
9200
8276
9658
8615
10109
8227
10694
8385
9607
8911
7999
9211
7464
8235
6261
6987
5017
6357
3851
4332
3251
1992
2349
115
560
-1171
-1101
-2879
-2918
-4731
-4361
-5644
-6399
-6378
-8111
-7470
-8696
-8342
-8807
-8534
-9211
-8576
-9075
-8306
-7612
-8086
-6686
-7188
-5954
-5583
-4736
-4245
-3198
-3023
-1887
-1348
-751
715
752
1943
2290
2898
3619
4229
4421
5304
5139
5553
5897
5780
6423
6211
6158
5944
5919
5514
5760
4808
5023
4305
3786
3727
2758
2847
1998
1768
661
674
-386
-325
-1127
-1645
-1813
-2796
-2587
-3380
-3220
-3780
-3858
-4362
-4451
-4530
-4748
-4670
-4908
-4790
-4925
-4716
-4881
-4509
-4486
-4490
-4213
-4286
-3902
-3518
-3443
-3051
-2787
-2586
-1845
-1711
-1378
-712
-729
-116
224
419
1169
1371
1516
2232
1938
2609
3070
2955
3852
3643
3839
4201
4184
4283
5017
4017
4836
4500
4457
5438
4762
5029
5016
4640
4747
5100
4149
5253
4094
3774
4237
3179
4168
3800
3129
2884
2634
1916
2677
1435
1533
1140
-378
202
-892
-846
-869
-1852
-2691
-2959
-4111
-3486
-4157
-4972
-4787
-6363
-6085
-5821
-6294
-5721
-6022
-6831
-6170
-6364
-5765
-5100
-5824
-5131
-5199
-5050
-3738
-3479
-2989
-2364
-2696
-2005
-1306
-875
297
125
299
844
898
1767
2484
2334
2877
2617
2716
3381
3612
4073
3964
3575
3440
3962
3686
4899
3841
4095
3359
3436
3569
3752
3618
3008
2795
1735
2776
1927
2899
2067
1515
930
607
752
654
440
-864
-1075
-2137
-1726
-1876
-2038
-2800
-3478
-4183
-4441
-3963
-4308
-4331
-5218
-5633
-5590
-4964
-4765
-4257
-4747
-4928
-4670
-4521
-3699
-3291
-3307
-3291
-3068
-2809
-1557
-1146
-596
-260
-550
245
838
1335
2249
2322
2208
2815
2775
3908
4626
4676
5205
4784
4793
5500
5942
6296
6857
6055
6158
6418
6574
7921
7252
6842
6308
5779
6198
6652
6140
5312
4583
3423
3811
3161
3141
2572
1064
77
-761
-1032
-1203
-1615
-3310
-4217
-5441
-5289
-5139
-5490
-6015
-7283
-8218
-8366
-8197
-8068
-8036
-8978
-9454
-9491
-8883
-7920
-7436
-7573
-7517
-7465
-6643
-5312
-4375
-3686
-3152
-2856
-1901
-599
628
1654
1999
2177
2583
3342
4136
5180
5145
5074
5128
5041
5944
6360
6886
6624
5998
5374
5712
5632
6046
6097
4420
4619
3415
4255
4411
4197
3349
2605
1484
1584
1892
874
1173
-910
-1239
-1612
-1650
-1222
-1763
-3075
-3942
-4560
-4824
-4015
-4872
-5014
-5957
-6654
-6172
-5893
-5351
-5357
-5832
-6294
-5815
-5491
-4382
-4068
-4099
-4146
-3771
-3011
-1905
-1067
-567
-399
-298
551
1399
2496
2910
3325
3304
3794
4817
5674
6307
6571
6301
6264
6606
6824
7628
7121
7003
6506
6247
6179
6570
6177
5701
5117
3901
4061
3485
3689
3490
2436
1486
789
563
969
1058
-134
-1086
-2129
-2354
-2159
-2702
-3172
-4376
-5374
-5797
-5799
-5688
-5451
-6222
-6942
-7547
-7708
-6964
-7080
-7027
-7435
-7937
-7571
-6745
-6136
-5401
-5420
-5610
-5155
-4758
-3340
-2518
-2243
-1726
-1478
-638
779
1714
2701
3213
3272
3967
4610
5436
6675
6745
6715
6796
6666
7491
7872
7843
7688
7034
6507
6606
6390
6220
5606
4234
3359
2636
2243
2180
1541
462
-454
-1559
-1783
-1929
-2258
-3037
-3965
-4983
-5026
-4854
-4889
-4814
-5656
-6085
-6420
-6096
-5657
-5236
-5463
-5651
-5660
-5304
-4327
-3759
-3646
-3719
-3889
-3491
-2786
-2091
-1483
-1398
-1261
-793
220
1197
2169
2383
2491
2911
3489
4582
5301
5641
5754
5753
5969
6589
7121
7473
7243
6705
6332
6257
6278
6315
5861
5078
4476
3867
3828
3633
3258
2586
1674
819
259
43
-397
-978
-2183
-3010
-3804
-3983
-3943
-4152
-4702
-5521
-6079
-6292
-5704
-5496
-5544
-6239
-6644
-6563
-5911
-5259
-4914
-4862
-5074
-4818
-4406
-3574
-2918
-2495
-2527
-2557
-2159
-1371
-330
108
424
208
430
1012
1882
2713
2901
2962
2814
3340
3979
4818
5050
4955
4733
4701
5098
5447
5651
5457
5021
4517
4402
4341
4465
3882
3208
2347
1757
1516
1351
857
137
-627
-1417
-1599
-2061
-2115
-2751
-3605
-4425
-4901
-5086
-4880
-5060
-5366
-5631
-6155
-5572
-5482
-4717
-4558
-4697
-4978
-4599
-3952
-3042
-2300
-2473
-1779
-1967
-695
99
957
1568
1828
1950
2385
3216
3699
4463
4054
4080
4006
4448
5083
5564
5548
5264
4944
4834
5241
5368
5379
4835
4242
3891
3739
3708
3553
2930
2134
1490
735
493
244
-196
-903
-1876
-2375
-2636
-2773
-2950
-3369
-4182
-4531
-4953
-4980
-4867
-5122
-5126
-5644
-5925
-5755
-5552
-5013
-4656
-4832
-4563
-4261
-3711
-2760
-2165
-1613
-906
-653
23
771
1433
2218
2515
2738
3012
3487
4049
4610
4671
4684
4664
4760
4959
5108
5129
4906
4677
4216
4051
3767
3532
3103
2470
1819
1285
890
532
222
-496
-990
-1625
-1997
-2224
-2512
-2801
-3288
-3590
-3781
-3789
-3783
-3776
-4005
-4132
-4333
-4306
-4080
-3947
-3676
-3613
-3553
-3213
-2770
-2435
-1995
-1844
-1700
-1360
-1160
-709
-294
39
408
687
1018
1313
1954
1993
2805
2796
2997
3375
3439
4104
4338
4302
4096
4394
4219
5073
4803
4588
4831
4144
4414
4264
3854
3730
3292
2375
2160
1515
1163
1066
99
-488
-1069
-1725
-1909
-2189
-2760
-2973
-3643
-4042
-4135
-4121
-4168
-4251
-4739
-5020
-4854
-4840
-4530
-4536
-4786
-4668
-4626
-4257
-3659
-3341
-3139
-2833
-2682
-2282
-1601
-1506
-631
-622
-260
119
344
1001
1345
1707
1879
1956
2054
2611
2787
3317
3397
3459
3679
3526
3787
4097
4078
4218
3928
3527
3850
3697
4122
4077
3719
3549
3168
2942
2977
2883
2432
2253
1342
1081
834
573
424
-162
-844
-1412
-1826
-2213
-2187
-2753
-3197
-3656
-4250
-4145
-4047
-4242
-4390
-4748
-4999
-4527
-4368
-3909
-3566
-3621
-3386
-3091
-2732
-1995
-1477
-1310
-819
-734
-104
444
761
1279
1441
1638
1743
1984
2270
2717
2751
2702
2707
2762
3123
3282
3309
3191
3021
2847
2864
2919
2724
2859
2387
2022
1954
1620
1916
1626
1144
672
515
304
518
253
-81
-163
-839
-651
-1001
-1105
-1256
-1736
-2169
-2278
-2412
-2436
-2442
-2989
-3075
-3395
-3368
-3281
-3356
-3400
-3467
-3521
-3394
-3047
-2853
-2722
-2621
-2520
-2250
-1831
-1456
-1106
-790
-627
-317
-31
328
756
1030
1199
1343
1460
1665
1994
2181
2215
2165
2099
2134
2289
2351
2361
2319
1976
2037
2185
1883
2074
1732
1484
1365
955
889
1128
730
824
680
110
582
277
334
462
130
-37
185
-110
160
123
-261
115
-345
-216
-85
-254
-240
-256
-521
-427
-388
-408
-166
-359
-250
-332
-364
-216
-143
-242
-222
-271
-295
-145
-82
-61
-193
-86
-104
-3
65
148
165
197
210
265
383
362
561
369
431
422
323
448
465
460
317
346
175
265
41
50
-104
-306
-315
-443
-406
-592
-619
-938
-653
-970
-595
-922
-674
-952
-952
-894
-737
-555
-853
-699
-1109
-659
-936
-520
-770
-676
-631
-654
-469
-452
-210
-371
-263
-471
-322
-178
-36
-112
-220
-256
-284
-149
-69
-20
-136
-316
-341
-270
-252
-87
-304
-422
-315
-238
-67
126
108
152
144
178
387
597
729
733
541
494
762
597
712
488
372
438
237
222
152
364
-122
11
-551
-200
-76
-184
34
-415
-71
-250
189
-244
333
-30
321
457
321
849
757
1194
1049
1391
1083
1563
1394
1711
1729
1545
1725
1431
1685
1459
1493
1116
1194
864
816
596
415
467
62
195
-241
-165
-446
-475
-589
-658
-834
-878
-900
-976
-655
-925
-634
-845
-729
-605
-542
-521
-472
-529
-540
-435
-500
-206
-268
-292
-373
-329
-325
-252
-358
-445
-542
-718
-670
-778
-725
-900
-956
-1111
-1144
-1125
-1022
-1066
-869
-1071
-1061
-972
-888
-602
-393
-297
-404
-109
-72
428
336
543
496
598
602
744
823
701
713
380
240
223
67
-104
-179
-533
-498
-665
-714
-632
-613
-744
-686
-869
-775
-489
-584
-527
-469
-502
-327
-114
-131
168
122
245
364
508
725
952
864
887
1012
1025
1222
1038
1080
806
989
564
966
409
581
248
289
114
65
-33
-401
188
-472
204
-511
-46
-208
140
65
179
360
355
990
580
1188
831
1175
1108
1448
1478
1538
1554
1274
1715
1462
1818
1345
1482
1253
1244
1090
816
822
471
525
-27
4
-386
-213
-586
-729
-1032
-1224
-1204
-1411
-1293
-1592
-1440
-1759
-1624
-1653
-1424
-1354
-1361
-1285
-1229
-959
-874
-659
-601
-426
-448
-448
-407
-288
-150
-292
-347
-574
-476
-624
-601
-863
-840
-966
-1000
-1037
-1057
-925
-1001
-919
-1032
-691
-1063
-332
-735
-342
-394
-407
-181
137
257
255
510
2
836
396
913
795
591
680
586
409
495
485
84
279
-241
-32
-11
55
-1
8
-91
54
291
322
724
625
818
881
1132
1217
1439
1405
1334
1464
1331
1489
1329
1233
1005
825
566
406
258
-133
-153
-659
-634
-865
-912
-1193
-1181
-1426
-1469
-1282
-1673
-1209
-1472
-1208
-1413
-1217
-1221
-787
-527
-603
-30
-334
422
447
896
1132
1415
1558
1836
2092
2102
2620
2214
2570
2538
2680
2658
2671
2499
2493
2497
2174
2181
1860
1905
1551
1324
861
693
415
128
-105
-625
-762
-1120
-1207
-1514
-1640
-1927
-2050
-2193
-2336
-2160
-2316
-2199
-2364
-2246
-2133
-2017
-2024
-1954
-1884
-1893
-1750
-1829
-1624
-1705
-1687
-1818
-1878
-1865
-1757
-1744
-1874
-1805
-1866
-1699
-1679
-1530
-1464
-1246
-1176
-1053
-729
-523
-104
-63
299
416
844
1087
1308
1484
1677
1882
1978
2358
2328
2710
2536
2643
2522
2561
2539
2482
2253
2058
1941
1539
1456
1072
874
563
296
-55
-215
-513
-690
-817
-1080
-1079
-1187
-1167
-1192
-1098
-1126
-944
-841
-786
-589
-561
-461
-355
-308
-244
-203
-264
-219
-322
-368
-386
-424
-475
-522
-571
-612
-542
-706
-535
-719
-554
-572
-407
-212
-168
191
20
429
390
842
939
1426
1480
1723
1930
2033
2523
2538
2948
2836
2939
3057
3299
3281
3551
3545
3379
3378
3080
3132
3150
2988
2652
2220
1776
1598
1243
787
366
-320
-892
-1396
-1802
-2145
-2482
-2945
-3507
-3846
-4035
-4037
-4182
-4360
-4590
-4787
-4781
-4692
-4456
-4430
-4377
-4435
-4367
-4086
-3738
-3431
-3161
-2937
-2700
-2247
-1809
-1349
-936
-713
-444
-128
227
716
1063
1189
1343
1451
1621
1954
2055
2244
2191
2191
2195
2252
2402
2427
2500
2145
2355
1947
2393
2060
2164
1906
1789
1822
1627
1772
1247
1502
820
1088
620
728
500
285
211
-202
-149
-628
-544
-953
-1038
-1361
-1435
-1486
-1431
-1465
-1479
-1437
-1427
-1320
-1256
-1122
-1170
-916
-929
-654
-625
-447
-423
-375
-306
-270
-52
-11
77
26
26
-9
35
85
121
218
322
364
600
672
921
924
942
911
1010
1224
1384
1625
1516
1745
1700
1945
2086
2180
2205
2152
2067
1955
2004
1826
1904
1611
1347
1168
952
884
872
741
705
560
354
318
217
261
193
-65
-319
-458
-570
-549
-612
-830
-946
-1145
-1303
-1459
-1681
-1797
-1945
-2078
-2304
-2330
-2391
-2296
-2412
-2514
-2606
-2711
-2712
-2797
-2750
-2782
-2713
-2775
-2659
-2681
-2463
-2453
-2445
-2379
-2188
-1844
-1633
-1268
-1153
-780
-749
-423
-270
56
371
536
847
977
1339
1454
1703
1682
1869
1895
2058
2118
2206
2256
2262
2255
2386
2277
2573
2356
2294
2178
1996
2050
1798
1781
1428
1637
1236
1487
1119
1151
1057
885
1008
879
1041
952
941
528
486
198
141
-99
-262
-497
-662
-831
-922
-934
-1061
-1051
-1235
-1174
-1194
-1065
-1110
-1049
-1083
-1084
-982
-953
-852
-892
-1009
-1085
-1191
-1227
-1195
-1255
-1219
-1225
-1194
-1105
-943
-786
-639
-385
-297
56
339
534
755
746
1033
1143
1329
1285
1320
1379
1463
1491
1139
1158
855
972
825
708
624
503
563
361
537
491
668
622
672
657
678
723
672
666
506
423
219
144
80
59
-81
-203
-436
-548
-563
-720
-781
-1047
-1130
-1229
-1327
-1325
-1402
-1496
-1700
-1834
-1980
-1963
-2047
-2117
-2208
-2190
-2009
-1886
-1665
-1574
-1334
-1124
-934
-730
-507
-271
-129
33
134
381
554
675
784
799
812
808
852
944
1097
1216
1281
1292
1261
1261
1281
1237
1221
1211
1177
1258
1191
1259
1031
1086
765
831
718
841
887
675
650
402
661
587
707
408
385
261
176
206
-9
49
-120
-180
-380
-465
-533
-606
-736
-963
-977
-1007
-876
-807
-782
-879
-878
-1046
-941
-820
-687
-550
-531
-358
-266
25
47
253
225
315
366
359
427
472
494
506
577
578
727
727
744
675
628
483
612
475
538
474
300
336
180
133
-38
-33
-207
-102
-255
-356
-312
-497
-383
-626
-741
-794
-773
-669
-689
-658
-711
-610
-575
-452
-343
-223
-68
-16
74
174
304
313
412
453
460
380
264
148
90
102
14
14
-29
133
195
273
248
226
183
152
129
-15
-49
-161
-287
-398
-490
-570
-636
-744
-747
-733
-675
-578
-388
-270
-47
54
161
264
341
420
375
357
266
326
235
185
62
-64
-155
-257
-326
-395
-426
-467
-516
-548
-512
-491
-420
-408
-313
-174
-127
-55
44
100
319
428
534
589
687
694
799
815
897
998
932
1035
986
1069
1064
1016
823
759
604
552
455
319
175
13
-150
-279
-300
-429
-464
-642
-744
-759
-650
-615
-511
-505
-446
-292
-221
-66
-77
-53
-132
-73
-109
8
-13
-54
-99
-221
-141
-207
-60
-128
-29
-110
-84
-60
-30
106
-74
-121
-316
-245
-316
-308
-466
-490
-590
-692
-750
-822
-695
-779
-763
-852
-696
-608
-346
-357
-255
-162
-109
94
88
334
394
559
622
786
1041
1328
1571
1676
1874
1960
2213
2247
2343
2396
2339
2174
1943
1721
1462
1267
825
433
-75
-417
-774
-1135
-1405
-1689
-1877
-2097
-2133
-2226
-2215
-2337
-2396
-2398
-2341
-2220
-2086
-1918
-1825
-1694
-1606
-1430
-1226
-1029
-839
-719
-622
-467
-264
-15
181
354
539
724
881
1034
1210
1308
1401
1420
1511
1613
1693
1725
1673
1630
1571
1557
1520
1410
1339
1205
968
857
636
632
497
336
88
-8
-50
-80
-159
-391
-418
-627
-698
-894
-956
-1002
-1011
-1128
-1237
-1256
-1236
-1218
-1259
-1296
-1353
-1235
-1219
-1062
-949
-822
-731
-651
-516
-302
-95
-15
112
160
340
530
670
863
1018
1197
1323
1430
1605
1758
1868
1874
1851
1875
1950
1950
1859
1778
1677
1545
1407
1262
1135
989
670
455
156
4
-224
-510
-835
-1113
-1271
-1506
-1593
-1824
-1857
-2006
-2103
-2173
-2110
-2020
-1971
-1898
-1886
-1736
-1633
-1490
-1399
-1229
-1137
-990
-889
-735
-541
-404
-252
-89
121
357
565
680
881
958
1061
1101
1146
1224
1278
1221
1205
1134
1061
1004
877
822
676
592
482
426
332
331
302
330
302
276
307
247
264
196
183
135
125
106
130
108
49
58
-6
70
-20
-30
-114
-143
-133
-219
-208
-283
-260
-311
-266
-318
-291
-320
-334
-323
-377
-406
-485
-513
-696
-576
-815
-705
-828
-786
-689
-738
-624
-700
-500
-608
-348
-405
-244
-204
-192
-18
-48
69
12
77
33
118
125
161
184
253
287
375
429
495
626
658
809
797
905
901
1004
1024
1073
1072
1061
1120
1004
1013
943
923
928
836
751
673
602
464
397
230
157
64
-63
-183
-370
-490
-648
-811
-979
-1012
-1116
-1161
-1246
-1227
-1274
-1231
-1277
-1287
-1272
-1272
-1221
-1225
-1116
-1119
-926
-943
-833
-758
-671
-506
-485
-347
-266
-121
-25
160
259
427
540
642
772
957
1104
1185
1292
1311
1436
1444
1503
1478
1488
1448
1400
1402
1321
1272
1112
999
843
732
561
388
255
60
-108
-298
-454
-545
-624
-729
-815
-941
-1027
-1070
-1114
-1155
-1201
-1242
-1283
-1246
-1198
-1137
-1126
-1104
-1047
-961
-837
-731
-637
-556
-403
-330
-198
-68
102
254
357
462
601
769
861
960
1008
1069
1103
1113
1083
1075
1040
1000
879
723
692
645
640
495
337
214
150
101
49
-44
-146
-224
-373
-404
-486
-515
-602
-700
-822
-855
-867
-893
-923
-969
-981
-1011
-961
-943
-822
-754
-720
-703
-639
-505
-362
-276
-258
-217
-169
-54
38
148
206
288
347
407
515
642
719
727
749
753
822
853
856
813
793
696
625
580
555
572
492
382
286
284
308
294
187
137
81
73
67
50
37
-21
-72
-113
-96
-102
-92
-154
-218
-285
-376
-356
-405
-424
-473
-533
-576
-548
-459
-395
-368
-387
-360
-282
-114
-2
74
44
132
203
341
433
480
522
482
535
578
676
717
732
685
668
677
671
643
540
420
316
211
123
59
-17
-117
-223
-351
-442
-468
-491
-505
-585
-663
-701
-678
-631
-579
-568
-568
-573
-548
-440
-401
-343
-340
-303
-250
-184
-118
-82
-85
-89
-69
-20
72
121
162
141
158
136
226
167
179
153
126
120
44
46
45
71
13
-71
-157
-158
-150
-139
-160
-177
-256
-298
-374
-399
-380
-427
-477
-534
-522
-516
-513
-509
-499
-473
-428
-388
-297
-210
-143
-93
-64
8
80
200
266
325
381
459
563
631
742
842
921
941
952
988
1050
1064
1024
983
939
880
786
711
623
549
426
380
291
271
226
118
58
-51
-99
-123
-188
-173
-200
-197
-249
-298
-310
-357
-347
-458
-438
-509
-551
-591
-649
-604
-629
-608
-628
-648
-648
-640
-577
-588
-564
-533
-473
-417
-315
-266
-235
-202
-167
-59
5
39
-8
-4
6
59
24
91
109
150
195
158
234
269
333
291
273
254
287
304
324
351
368
382
341
411
427
528
575
578
568
583
649
635
694
685
700
647
591
555
487
413
270
156
45
12
-19
-97
-194
-281
-342
-344
-337
-332
-268
-334
-252
-319
-291
-186
-230
-78
-180
-153
-275
-228
-190
-160
-132
-244
-251
-357
-324
-373
-460
-553
-667
-770
-808
-819
-856
-956
-1009
-1103
-1093
-1052
-1039
-983
-1019
-966
-947
-854
-722
-575
-476
-397
-291
-196
-38
147
298
404
508
583
757
869
1004
1105
1143
1206
1257
1407
1510
1583
1546
1493
1482
1467
1443
1399
1311
1194
1097
964
925
805
718
535
322
145
-64
-215
-414
-595
-794
-949
-1089
-1201
-1330
-1404
-1494
-1533
-1655
-1702
-1725
-1736
-1718
-1755
-1711
-1659
-1528
-1414
-1251
-1122
-963
-799
-673
-462
-295
-49
122
295
421
596
783
907
1072
1138
1294
1368
1495
1569
1673
1776
1818
1890
1906
1966
1982
1986
1937
1865
1737
1643
1537
1402
1266
1119
1000
841
720
554
443
256
108
-42
-189
-285
-420
-512
-655
-738
-858
-946
-1064
-1167
-1247
-1382
-1506
-1617
-1673
-1701
-1727
-1717
-1716
-1671
-1608
-1582
-1485
-1525
-1384
-1364
-1287
-1220
-1175
-1026
-968
-824
-804
-692
-631
-456
-337
-241
-119
-64
84
165
325
402
494
573
655
746
806
864
911
888
902
877
816
877
812
867
815
800
789
738
735
617
572
488
428
367
342
307
286
207
207
174
139
168
107
80
-36
-77
-94
-91
-93
-97
-102
-93
-105
-38
-10
15
26
-26
7
5
65
40
6
6
-31
-22
-87
-77
-166
-184
-296
-329
-346
-352
-302
-377
-327
-379
-350
-376
-358
-331
-373
-416
-500
-493
-422
-359
-313
-309
-255
-140
-68
44
120
210
254
332
421
544
709
799
870
905
1034
1141
1207
1232
1218
1224
1213
1219
1219
1225
1242
1188
1084
964
872
793
708
564
379
203
27
-139
-277
-430
-567
-708
-847
-935
-1022
-1132
-1244
-1379
-1445
-1485
-1533
-1545
-1557
-1526
-1520
-1479
-1439
-1338
-1262
-1212
-1156
-1142
-1079
-1037
-917
-805
-709
-659
-620
-539
-429
-353
-262
-183
-96
58
166
291
336
419
504
541
599
615
633
658
619
625
653
683
732
677
684
668
657
693
657
684
636
572
519
468
436
425
363
301
237
179
193
141
161
140
133
195
234
336
413
453
514
540
620
709
745
798
832
835
846
830
806
789
742
674
548
459
380
299
193
68
-49
-181
-258
-376
-509
-666
-801
-868
-925
-938
-1037
-1097
-1190
-1221
-1180
-1184
-1157
-1160
-1150
-1130
-1091
-1049
-958
-896
-832
-808
-735
-609
-513
-408
-365
-332
-227
-115
34
167
255
357
440
558
725
912
1061
1174
1189
1266
1401
1562
1694
1603
1544
1471
1449
1392
1280
1109
925
765
573
459
326
202
-22
-256
-455
-578
-696
-811
-964
-1097
-1166
-1252
-1302
-1354
-1340
-1346
-1396
-1435
-1450
-1386
-1345
-1344
-1401
-1453
-1411
-1348
-1255
-1163
-1117
-1067
-1001
-858
-682
-546
-451
-400
-282
-87
109
288
410
549
722
879
1004
1105
1243
1348
1403
1418
1485
1582
1687
1715
1672
1625
1583
1586
1540
1533
1459
1347
1236
1131
1109
1058
983
841
719
662
648
590
496
437
333
236
155
121
102
67
-44
-147
-255
-333
-392
-529
-630
-754
-841
-909
-954
-1028
-1090
-1150
-1162
-1168
-1141
-1082
-1045
-1025
-1051
-1051
-982
-864
-788
-767
-819
-802
-737
-610
-518
-522
-518
-508
-445
-408
-377
-317
-259
-197
-115
-69
23
147
327
427
377
347
382
523
648
669
599
553
514
552
586
558
504
456
432
412
400
360
327
250
221
204
161
182
203
199
113
2
-112
-133
-116
-131
-223
-371
-427
-410
-327
-300
-315
-354
-361
-313
-170
-84
-50
-60
-115
-79
-52
-14
7
-16
-44
-63
-61
-3
-19
-24
1
19
68
65
150
220
198
178
208
238
303
329
323
322
280
270
256
305
360
383
358
349
375
459
528
529
498
471
522
548
574
585
548
472
390
362
333
254
154
78
19
-35
-63
-120
-149
-192
-251
-330
-434
-511
-569
-639
-709
-741
-830
-860
-942
-990
-1009
-1103
-1155
-1194
-1215
-1224
-1187
-1170
-1132
-1046
-917
-794
-683
-582
-487
-286
-94
95
205
341
508
657
830
927
979
1006
1106
1166
1180
1198
1182
1122
1040
982
918
846
780
717
620
516
419
380
342
317
285
220
150
98
101
81
29
-9
-43
-94
-109
-129
-163
-178
-186
-231
-273
-306
-345
-413
-468
-477
-520
-519
-517
-522
-540
-545
-514
-507
-517
-502
-493
-511
-525
-533
-510
-483
-446
-431
-410
-361
-299
-199
-140
-105
-46
13
66
127
201
259
315
339
400
513
559
579
587
581
565
560
648
709
707
681
648
658
703
718
664
585
468
353
267
213
143
37
-96
-216
-306
-352
-380
-425
-482
-509
-513
-521
-503
-451
-427
-462
-463
-471
-448
-440
-427
-405
-425
-444
-452
-459
-511
-545
-572
-585
-625
-647
-630
-590
-540
-557
-544
-465
-337
-261
-219
-138
-18
89
181
286
369
456
507
598
667
710
758
769
801
807
790
782
752
729
705
668
596
511
433
369
314
189
19
-95
-146
-174
-250
-374
-448
-423
-388
-335
-275
-207
-145
-40
79
143
161
181
282
323
310
297
295
278
217
179
140
92
92
55
21
-28
-75
-111
-117
-96
-126
-155
-157
-156
-136
-129
-152
-194
-229
-247
-276
-313
-329
-354
-389
-397
-418
-408
-373
-342
-320
-304
-261
-177
-102
-58
-44
3
55
113
205
273
344
378
413
479
522
578
610
620
626
633
636
620
589
530
482
425
314
203
120
6
-142
-274
-399
-466
-529
-621
-681
-725
-747
-714
-666
-611
-528
-439
-312
-185
-56
83
221
336
426
510
585
596
582
547
443
347
228
119
-1
-152
-307
-446
-578
-701
-775
-860
-933
-980
-1002
-1003
-968
-945
-908
-826
-733
-636
-527
-425
-309
-202
-116
-8
37
94
187
263
291
315
394
449
500
544
594
621
661
723
765
823
866
918
887
837
790
756
711
592
424
271
163
39
-61
-153
-205
-213
-225
-265
-277
-219
-153
-106
-73
-57
-5
107
158
215
282
322
364
383
389
390
389
381
356
297
289
265
240
182
97
52
-43
-141
-266
-348
-375
-448
-561
-655
-697
-745
-827
-917
-999
-1029
-1041
-1027
-971
-902
-796
-651
-460
-274
-49
129
258
385
507
650
764
873
899
928
941
945
937
848
789
696
643
557
453
377
280
195
106
66
24
-18
-71
-92
-95
-78
-39
-28
11
51
83
126
153
171
159
96
15
-60
-111
-170
-206
-231
-280
-294
-298
-287
-273
-281
-263
-231
-217
-204
-180
-146
-161
-233
-320
-384
-445
-567
-731
-886
-1021
-1169
-1310
-1407
-1479
-1541
-1578
-1541
-1523
-1475
-1355
-1241
-1112
-934
-706
-487
-290
-86
128
361
577
764
922
1082
1190
1276
1348
1372
1433
1496
1551
1562
1558
1534
1499
1432
1343
1217
1091
992
890
798
691
602
510
409
297
240
233
168
74
30
52
83
50
15
25
80
128
165
196
272
379
417
415
395
424
418
341
265
211
167
59
-57
-193
-280
-342
-455
-562
-630
-655
-692
-738
-800
-821
-805
-766
-722
-718
-686
-669
-709
-731
-715
-694
-710
-705
-677
-630
-577
-539
-488
-403
-302
-216
-149
-72
27
113
197
236
300
375
426
437
434
427
403
401
355
340
279
194
106
-5
-86
-174
-264
-409
-573
-687
-744
-776
-791
-756
-649
-531
-398
-225
-55
109
261
452
619
723
767
801
835
837
827
752
614
469
336
251
153
44
-42
-130
-177
-196
-210
-215
-225
-203
-172
-154
-117
-119
-129
-159
-215
-303
-379
-425
-471
-522
-560
-593
-541
-428
-305
-202
-118
7
131
242
320
390
434
467
465
448
443
438
425
417
473
533
581
619
625
650
683
691
668
620
582
520
452
348
249
198
186
113
0
-61
-77
-34
1
47
135
218
308
404
484
522
522
486
449
435
400
345
261
161
96
27
-63
-148
-240
-341
-442
-618
-796
-886
-962
-1007
-1073
-1139
-1206
-1253
-1291
-1340
-1350
-1362
-1371
-1377
-1355
-1255
-1127
-1034
-939
-799
-628
-458
-367
-294
-201
-121
-29
70
167
242
288
359
419
462
526
564
607
655
694
704
717
725
707
666
640
611
555
517
456
428
427
445
475
509
551
569
629
699
763
813
843
854
840
793
743
669
569
474
353
245
137
53
-11
-82
-117
