SAMPLES:	16496
BITSPERSAMPLE:	16
CHANNELS:	1
SAMPLERATE:	16000
NORMALIZED:	FALSE
-235
-221
-189
-154
-135
-111
-80
-23
33
68
119
176
211
228
261
297
324
331
349
393
414
420
454
482
475
482
504
512
502
498
506
502
479
448
424
422
412
397
377
367
378
404
411
393
394
411
413
410
393
359
334
292
250
202
137
68
-27
-126
-208
-281
-343
-395
-426
-467
-498
-530
-569
-597
-614
-603
-594
-583
-549
-522
-517
-520
-522
-506
-503
-499
-514
-550
-540
-540
-559
-568
-551
-514
-513
-501
-481
-464
-460
-439
-417
-379
-336
-289
-220
-155
-71
0
50
94
149
215
260
284
338
381
433
465
468
453
413
373
328
264
198
153
105
71
46
33
36
42
77
141
182
215
253
293
315
332
357
381
376
365
351
332
331
348
351
342
339
335
313
290
283
268
247
203
165
123
82
58
22
20
25
8
17
36
72
105
113
122
129
157
156
147
160
165
158
121
82
48
16
-27
-65
-114
-177
-222
-261
-307
-369
-408
-419
-420
-430
-433
-422
-419
-404
-361
-282
-236
-205
-149
-109
-64
-25
1
7
2
-10
-40
-52
-72
-95
-119
-124
-129
-132
-123
-117
-112
-131
-141
-146
-149
-142
-116
-88
-61
-19
31
69
107
149
169
183
210
243
267
273
275
274
253
239
218
184
150
109
67
51
22
-18
-42
-52
-61
-94
-114
-120
-93
-103
-123
-95
-70
-68
-61
-52
-50
-37
-39
-40
-64
-99
-120
-140
-166
-199
-227
-258
-294
-336
-341
-327
-311
-310
-327
-327
-340
-336
-319
-306
-274
-251
-226
-177
-121
-59
0
52
118
176
224
254
270
288
280
277
302
290
254
228
220
208
191
166
154
162
163
185
197
202
198
200
195
189
209
227
244
260
279
291
305
328
345
346
338
331
303
255
217
165
121
67
23
4
-12
-38
-54
-37
-17
-6
2
18
36
60
67
70
74
80
67
54
58
57
53
34
30
11
1
3
4
0
-30
-78
-91
-106
-138
-166
-192
-195
-201
-176
-166
-160
-138
-109
-71
-44
-18
8
23
22
38
48
5
-18
-44
-51
-69
-128
-169
-204
-230
-276
-297
-334
-369
-415
-425
-409
-410
-403
-426
-414
-377
-342
-297
-261
-219
-183
-146
-89
-4
66
109
140
172
190
184
158
136
118
90
83
85
95
101
91
85
79
92
85
47
22
4
-2
-11
-23
-5
10
37
89
174
240
290
345
381
426
445
452
424
381
322
259
191
101
22
-79
-203
-297
-360
-413
-435
-458
-452
-401
-361
-308
-216
-119
-50
6
61
120
198
276
339
403
446
443
415
393
334
257
171
46
-38
-115
-208
-299
-365
-395
-409
-411
-420
-411
-380
-350
-293
-221
-148
-86
-39
37
123
197
272
323
344
355
366
366
341
300
255
245
197
131
95
57
-4
-81
-143
-179
-211
-216
-200
-182
-149
-116
-87
-57
-1
72
119
156
206
268
313
345
371
390
400
403
394
368
352
336
299
222
138
75
9
-58
-139
-213
-273
-321
-362
-407
-412
-399
-397
-383
-331
-263
-202
-138
-86
-34
26
84
138
157
163
177
195
182
157
136
82
29
-13
-60
-89
-146
-204
-256
-312
-365
-422
-446
-464
-466
-439
-394
-327
-264
-194
-103
-36
11
70
131
148
171
192
195
203
180
136
104
53
-20
-103
-176
-219
-251
-271
-299
-324
-337
-342
-349
-328
-288
-238
-149
-60
37
143
232
300
376
424
459
486
506
509
475
439
383
303
216
152
109
57
-1
-56
-98
-148
-181
-198
-206
-198
-209
-193
-179
-151
-97
-44
27
99
170
205
242
286
304
317
310
299
285
241
165
112
54
-12
-78
-120
-140
-142
-152
-166
-182
-204
-175
-148
-134
-86
-20
0
26
60
75
84
98
137
152
171
184
181
172
147
141
117
81
49
8
-10
-25
-60
-86
-82
-99
-92
-79
-81
-68
-64
-38
-17
15
40
54
55
65
95
110
114
101
85
85
87
78
60
28
-19
-47
-102
-155
-208
-259
-276
-274
-259
-250
-231
-217
-186
-146
-99
-48
-2
42
80
120
136
154
172
188
196
200
206
194
187
158
120
74
33
-7
-72
-103
-139
-178
-200
-225
-230
-220
-187
-152
-122
-81
-33
-1
20
85
177
240
275
298
312
338
332
303
263
202
149
92
32
-30
-97
-153
-229
-313
-385
-437
-477
-516
-524
-508
-475
-413
-341
-273
-191
-91
-23
22
75
109
131
144
150
140
123
131
115
78
37
-7
-63
-124
-175
-232
-261
-289
-315
-306
-276
-260
-240
-191
-119
-67
-22
58
136
185
228
286
344
365
372
364
361
320
284
257
190
119
55
23
-20
-58
-95
-114
-118
-130
-132
-95
-44
3
75
123
151
173
205
253
306
336
366
380
397
415
404
381
342
310
248
181
114
50
-12
-74
-126
-179
-237
-301
-357
-379
-389
-388
-370
-325
-279
-221
-162
-122
-82
-26
8
25
72
100
148
180
194
212
217
223
210
185
143
87
31
-28
-109
-181
-230
-281
-333
-389
-428
-440
-449
-431
-375
-319
-261
-202
-150
-97
-30
28
75
101
120
121
117
124
96
82
63
11
-25
-76
-119
-131
-151
-177
-169
-150
-135
-94
-51
10
60
116
193
267
351
445
525
557
581
616
642
663
669
640
585
526
460
392
304
224
159
94
20
-29
-35
-57
-105
-121
-118
-135
-149
-162
-161
-142
-134
-115
-113
-117
-104
-95
-84
-83
-73
-88
-157
-207
-260
-323
-387
-459
-542
-606
-667
-741
-793
-839
-860
-878
-882
-850
-783
-712
-634
-532
-415
-319
-203
-87
-7
77
143
196
224
242
270
287
267
228
180
131
60
4
-51
-113
-144
-157
-179
-206
-194
-159
-165
-164
-138
-102
-37
41
117
220
320
420
538
633
708
792
865
908
944
983
1008
1016
999
950
889
835
786
734
680
609
552
496
417
387
372
349
328
310
286
266
254
259
289
300
295
293
316
322
303
259
198
133
61
-34
-143
-259
-368
-480
-586
-676
-757
-836
-886
-922
-922
-890
-865
-826
-779
-723
-660
-593
-515
-423
-353
-295
-222
-147
-88
-46
-37
-42
-70
-123
-192
-287
-378
-472
-589
-694
-788
-869
-935
-981
-1008
-1027
-1042
-1032
-981
-912
-826
-732
-608
-477
-338
-184
-35
103
225
339
422
480
559
614
656
705
780
830
820
807
768
727
676
592
525
457
392
325
274
244
232
253
281
350
452
574
692
784
880
950
1002
1035
1041
1035
1019
982
913
839
766
684
543
388
233
60
-125
-326
-544
-728
-872
-992
-1087
-1157
-1167
-1123
-1063
-1016
-939
-824
-719
-607
-479
-332
-186
-39
102
199
307
404
474
504
465
430
389
294
175
52
-71
-206
-341
-419
-498
-560
-607
-641
-678
-687
-667
-643
-599
-544
-484
-426
-338
-242
-130
-27
88
191
239
267
307
337
343
318
296
288
267
243
219
189
171
172
195
256
318
350
383
403
435
442
449
463
475
487
472
489
515
531
533
531
522
497
486
472
461
451
406
362
325
268
180
114
55
9
-66
-174
-248
-328
-404
-467
-525
-566
-574
-614
-643
-648
-633
-585
-547
-514
-480
-424
-374
-343
-304
-254
-170
-82
5
75
128
147
145
153
140
117
81
39
-40
-124
-198
-248
-264
-290
-293
-294
-279
-253
-244
-246
-263
-302
-325
-326
-349
-359
-340
-300
-254
-230
-195
-167
-145
-155
-176
-151
-125
-83
-31
41
118
208
302
375
450
528
584
582
575
554
496
420
349
250
140
40
-25
-68
-122
-183
-246
-261
-251
-251
-261
-236
-186
-115
-33
47
133
246
343
422
502
549
576
602
610
548
465
385
293
177
56
-41
-136
-230
-298
-337
-367
-407
-410
-372
-342
-324
-256
-163
-79
-22
32
128
211
238
283
338
340
313
264
223
180
111
28
-14
-54
-128
-185
-192
-189
-250
-291
-268
-231
-220
-179
-107
0
93
140
262
376
438
467
525
585
579
528
491
518
528
460
363
324
281
213
115
76
5
-63
-176
-215
-289
-317
-502
-562
-335
-485
-436
-440
-379
-344
-395
-287
-160
-65
-43
109
183
330
349
419
502
506
521
513
455
370
261
159
126
-38
-273
-385
-435
-749
-873
-1049
-1074
-1086
-1265
-1196
-1101
-1038
-1013
-895
-734
-550
-583
-398
-64
51
119
113
336
503
391
402
556
580
418
242
199
149
-89
-340
-419
-458
-619
-816
-792
-649
-661
-802
-751
-514
-390
-516
-480
-139
95
-1
-27
429
677
515
416
771
1018
752
569
821
1089
745
470
708
1003
676
271
514
807
559
103
246
660
522
82
182
665
680
225
181
703
836
371
135
547
819
455
150
453
730
410
48
256
600
401
35
117
380
223
-143
-185
94
57
-261
-317
-59
-3
-290
-374
-77
51
-216
-351
-125
47
-123
-257
-36
153
-24
-186
-64
96
-110
-417
-369
-198
-351
-652
-650
-546
-675
-935
-945
-851
-945
-1145
-1138
-981
-944
-1042
-1001
-792
-681
-665
-593
-399
-237
-190
-204
-96
5
16
-31
45
137
118
55
59
106
61
2
-64
-68
-85
-123
-125
-77
-21
13
31
51
100
144
154
148
174
228
280
293
315
347
373
388
419
455
486
523
553
560
522
509
495
467
460
465
407
372
377
377
381
327
273
278
229
134
133
142
108
34
-26
-38
-63
-113
-125
-104
-84
-90
-93
-37
15
48
88
140
151
103
44
53
84
-5
-100
-114
-113
-165
-201
-167
-118
-140
-170
-131
-124
-147
-172
-164
-169
-195
-196
-165
-179
-213
-216
-206
-180
-193
-212
-186
-121
-67
-36
-55
-47
0
53
39
27
48
23
-2
2
47
12
-7
27
59
53
16
-18
-53
-86
-116
-134
-146
-191
-218
-213
-219
-199
-145
-60
11
33
66
102
121
116
99
130
205
251
260
279
311
373
381
381
392
378
345
276
222
205
168
106
72
59
2
-66
-103
-103
-86
-94
-116
-107
-87
-96
-105
-70
-2
39
57
85
96
92
78
78
97
119
106
42
42
47
-4
-54
-76
-74
-128
-213
-261
-279
-328
-397
-470
-478
-500
-579
-596
-581
-594
-631
-632
-567
-537
-560
-549
-455
-327
-292
-257
-162
-50
17
81
151
219
259
250
283
359
431
453
473
504
532
528
507
510
503
475
421
370
352
278
189
136
122
70
-31
-73
-67
-96
-169
-177
-159
-184
-206
-219
-206
-184
-213
-219
-159
-128
-124
-119
-69
6
42
99
187
275
342
406
491
547
565
573
599
626
601
554
529
459
384
349
286
216
139
65
10
-46
-112
-178
-213
-262
-298
-314
-339
-348
-369
-369
-375
-386
-381
-404
-436
-438
-416
-389
-366
-339
-291
-247
-214
-182
-150
-103
-77
-56
-2
46
92
107
125
177
192
165
141
145
135
121
106
96
79
38
19
-9
-39
-47
-50
-62
-85
-102
-106
-87
-78
-75
-48
-20
11
50
73
88
91
82
64
63
61
61
66
56
29
15
-12
-24
-10
-2
-5
-15
5
10
25
41
73
115
118
142
198
238
224
212
247
259
229
198
178
139
94
67
51
46
-9
-70
-72
-86
-134
-153
-113
-62
-68
-87
-75
-63
-89
-108
-122
-147
-167
-196
-188
-191
-217
-234
-244
-251
-265
-306
-331
-307
-289
-257
-228
-201
-163
-135
-110
-53
-21
-5
27
35
36
32
21
-7
-7
-27
-59
-83
-95
-95
-98
-71
-22
29
66
95
128
153
172
188
226
253
279
335
365
371
362
360
372
383
389
386
396
392
357
321
305
272
234
213
192
159
146
123
96
97
74
58
36
14
-17
-51
-72
-99
-115
-149
-162
-158
-166
-204
-229
-234
-218
-177
-144
-95
-62
-43
-16
10
26
33
38
58
38
4
-8
4
-34
-93
-151
-217
-266
-327
-339
-367
-411
-426
-403
-383
-376
-380
-354
-319
-285
-249
-221
-139
-67
-42
-21
-4
32
44
16
-19
-49
-95
-132
-106
-73
-43
-34
-22
10
-3
-16
15
74
136
179
213
255
306
315
351
390
403
417
397
425
447
418
384
342
307
256
227
184
160
126
75
79
86
79
54
54
54
53
13
14
51
58
53
50
44
0
-43
-81
-89
-124
-139
-152
-152
-130
-124
-106
-91
-107
-148
-183
-176
-145
-155
-177
-173
-168
-174
-161
-151
-136
-128
-168
-174
-167
-167
-163
-182
-158
-126
-102
-69
-39
9
32
30
71
87
69
26
14
-13
-54
-86
-91
-105
-164
-234
-271
-292
-358
-405
-418
-407
-382
-344
-283
-202
-139
-87
-31
24
73
106
152
203
265
302
340
362
389
422
423
438
442
457
445
425
410
397
401
379
364
342
311
280
264
285
269
252
234
188
134
96
60
6
-33
-68
-93
-121
-148
-164
-194
-222
-248
-256
-275
-293
-279
-270
-286
-298
-287
-268
-265
-286
-311
-289
-252
-222
-190
-133
-76
-73
-59
-34
-15
-28
-41
-47
-32
-30
-41
-23
-1
25
2
-13
-17
-39
-24
-24
-25
-28
-50
-42
-42
-41
-18
-17
-11
-12
0
10
33
64
65
75
94
90
90
89
78
71
51
50
46
23
25
35
59
99
114
133
153
132
124
132
142
129
96
95
79
103
119
120
124
135
150
147
136
112
92
64
57
61
70
59
40
22
-11
-44
-75
-83
-111
-144
-139
-117
-96
-90
-63
-24
13
25
22
43
53
72
67
70
59
55
47
26
16
-25
-67
-121
-184
-237
-309
-356
-376
-401
-415
-437
-414
-388
-356
-291
-230
-184
-157
-130
-92
-56
-17
8
56
107
129
159
186
180
158
174
171
161
129
111
106
100
98
78
87
87
95
102
99
97
105
98
79
86
86
81
69
48
16
-16
-48
-85
-121
-144
-149
-149
-126
-120
-138
-138
-167
-185
-177
-182
-166
-145
-118
-118
-109
-96
-71
-34
-33
18
59
96
150
186
239
270
306
341
368
374
355
326
288
247
186
139
59
-11
-87
-139
-137
-172
-187
-215
-181
-160
-152
-120
-101
-80
-63
-23
10
50
86
124
160
184
194
189
187
176
157
136
121
100
67
14
-27
-58
-109
-163
-192
-208
-222
-228
-230
-214
-200
-156
-95
-31
37
103
180
234
282
316
331
352
361
346
340
323
284
245
179
114
70
1
-94
-171
-239
-292
-373
-445
-504
-535
-547
-550
-506
-452
-409
-375
-321
-257
-209
-169
-122
-55
-1
40
88
130
158
166
159
116
76
27
0
-25
-54
-49
-51
-17
0
13
31
50
92
124
175
233
271
296
309
335
345
350
357
378
368
342
348
310
253
185
116
60
31
-14
-59
-102
-156
-202
-218
-223
-223
-214
-203
-170
-116
-46
-2
43
92
143
165
172
196
201
193
191
166
142
95
33
-21
-98
-182
-260
-335
-418
-489
-534
-576
-619
-661
-692
-699
-719
-707
-649
-590
-498
-375
-246
-125
-11
118
225
329
410
470
535
613
666
687
712
749
778
778
793
769
740
704
669
632
581
527
446
364
281
203
123
47
-24
-74
-109
-163
-192
-228
-285
-331
-357
-368
-383
-384
-396
-407
-412
-425
-433
-439
-425
-414
-379
-326
-295
-241
-175
-130
-72
-6
51
97
109
126
130
166
192
209
211
203
206
172
150
124
106
80
50
6
-43
-91
-137
-194
-246
-283
-333
-371
-422
-448
-457
-453
-443
-426
-378
-328
-285
-242
-186
-146
-94
-29
33
89
139
174
207
241
276
301
308
295
313
316
326
339
343
350
308
310
302
283
278
268
245
197
152
129
100
60
30
-13
-41
-54
-67
-70
-62
-51
-37
-20
0
17
32
49
63
78
79
93
101
80
33
5
-1
0
-12
-42
-67
-93
-134
-173
-199
-221
-240
-262
-269
-302
-341
-356
-356
-357
-355
-321
-288
-284
-266
-216
-192
-161
-124
-78
-4
41
98
169
202
214
222
246
258
283
317
321
314
298
290
278
246
226
204
159
121
82
64
41
30
21
7
-6
-44
-57
-47
-62
-75
-70
-72
-69
-74
-71
-57
-30
-1
14
43
85
95
115
146
152
161
169
177
190
186
175
177
176
138
77
45
10
-34
-54
-77
-82
-92
-128
-154
-159
-151
-161
-188
-176
-175
-197
-232
-240
-247
-290
-274
-255
-269
-292
-306
-284
-274
-261
-208
-167
-143
-121
-89
-53
-8
37
62
94
127
165
166
166
192
218
227
234
254
270
270
260
268
250
209
175
124
87
53
21
2
-26
-30
-29
-22
-30
-43
-39
-64
-100
-129
-139
-143
-150
-156
-180
-170
-147
-153
-156
-152
-157
-171
-167
-146
-111
-66
-1
44
73
105
139
143
119
112
115
123
110
112
108
88
58
69
93
72
81
98
104
87
90
118
136
131
128
142
134
136
131
119
103
85
62
22
3
-10
-4
1
-12
-18
-10
-7
-11
-3
-33
-64
-71
-56
-52
-43
-33
-41
-39
-35
-34
-43
-55
-69
-79
-102
-114
-118
-130
-131
-154
-163
-159
-135
-136
-163
-160
-169
-169
-183
-190
-201
-212
-210
-202
-189
-175
-147
-105
-86
-54
-22
-6
31
39
59
87
114
136
135
126
115
116
113
110
112
115
107
110
141
154
158
167
162
145
113
113
104
86
95
122
150
166
161
149
135
115
75
26
-39
-72
-83
-124
-137
-129
-95
-86
-125
-120
-94
-82
-57
-30
1
40
82
122
142
157
170
186
166
147
149
142
135
118
109
94
74
55
36
27
23
5
-38
-114
-172
-209
-249
-297
-349
-359
-351
-326
-321
-329
-321
-324
-317
-291
-279
-275
-241
-200
-146
-75
-10
26
63
90
115
134
165
183
195
185
175
197
227
241
236
215
212
213
168
157
133
122
83
27
-4
-38
-59
-121
-161
-188
-195
-222
-245
-250
-276
-280
-306
-278
-230
-193
-158
-115
-63
-24
13
55
97
104
122
159
212
231
230
241
253
232
209
200
197
193
189
196
172
150
137
116
103
94
63
4
-35
-68
-96
-128
-158
-179
-189
-186
-197
-187
-166
-158
-139
-104
-78
-64
-43
-27
-9
5
24
46
87
110
109
127
119
119
119
116
123
115
105
81
53
40
24
13
18
29
42
17
-1
22
71
87
73
74
82
94
74
66
56
25
-11
-29
-34
-33
-7
19
52
81
116
170
189
213
228
232
262
264
256
207
146
127
102
41
-37
-69
-80
-112
-145
-147
-150
-174
-204
-218
-225
-234
-254
-260
-254
-266
-279
-284
-258
-208
-173
-145
-100
-83
-44
-16
-13
-8
12
29
20
5
1
12
15
44
69
78
50
39
57
56
68
80
96
111
112
109
101
86
67
51
42
32
17
-1
-57
-105
-115
-124
-115
-135
-137
-130
-126
-97
-97
-107
-99
-80
-52
-20
11
30
50
75
119
134
152
161
148
142
127
139
141
130
126
112
97
66
23
-28
-57
-95
-103
-113
-153
-168
-194
-203
-228
-237
-206
-161
-123
-90
-43
-2
27
43
61
53
34
53
55
66
78
66
64
34
3
-20
-29
-6
14
42
61
100
118
127
153
202
231
236
229
215
202
164
114
60
0
-40
-47
-89
-132
-172
-211
-228
-234
-257
-275
-277
-274
-270
-264
-262
-224
-171
-132
-75
-16
62
110
166
232
311
385
452
511
539
552
519
479
437
377
303
203
104
15
-75
-146
-204
-246
-250
-262
-289
-282
-242
-202
-169
-125
-68
-16
42
88
96
94
87
74
35
-10
-42
-65
-76
-103
-140
-174
-233
-292
-353
-400
-445
-481
-490
-503
-497
-470
-437
-363
-255
-161
-62
33
143
242
330
400
421
437
440
447
447
398
367
314
238
179
140
83
24
-40
-103
-125
-177
-202
-206
-193
-172
-140
-88
-34
18
75
135
181
226
284
356
397
410
417
449
477
478
470
432
387
346
289
226
147
91
25
-40
-88
-142
-199
-275
-323
-364
-360
-343
-328
-282
-221
-172
-143
-110
-67
1
71
119
135
117
82
63
43
-17
-82
-146
-212
-261
-301
-345
-384
-414
-407
-364
-331
-291
-236
-194
-176
-152
-103
-44
-33
-4
30
47
78
85
53
1
-36
-74
-141
-199
-254
-334
-431
-496
-519
-525
-514
-468
-390
-285
-175
-72
30
141
242
342
438
522
632
668
675
708
757
817
839
843
821
800
786
741
671
606
548
486
421
349
249
168
67
-45
-123
-177
-218
-236
-253
-268
-252
-241
-245
-254
-225
-207
-184
-170
-197
-224
-266
-322
-346
-416
-479
-524
-584
-628
-685
-729
-742
-729
-719
-661
-565
-460
-333
-207
-55
99
254
392
503
584
618
632
634
606
533
438
338
231
81
-82
-250
-395
-516
-620
-680
-720
-726
-734
-721
-698
-638
-536
-421
-312
-194
-12
141
293
434
548
625
712
791
854
895
885
861
801
701
579
465
340
208
84
-25
-119
-226
-325
-395
-428
-406
-376
-331
-289
-246
-182
-98
-36
23
89
127
164
211
242
243
237
209
191
158
125
75
3
-67
-130
-162
-194
-238
-260
-263
-253
-210
-160
-67
53
180
327
475
604
680
742
775
791
779
715
637
535
387
190
-16
-227
-435
-626
-810
-975
-1111
-1212
-1280
-1323
-1344
-1318
-1234
-1115
-993
-855
-671
-459
-239
-10
203
394
572
730
882
1049
1185
1260
1303
1315
1280
1182
1042
881
705
520
329
99
-127
-338
-542
-732
-927
-1055
-1140
-1207
-1240
-1197
-1120
-1029
-910
-785
-619
-462
-311
-151
9
172
316
455
561
635
687
725
726
736
734
718
700
654
630
563
489
419
349
308
245
188
150
74
5
-71
-147
-218
-271
-287
-323
-370
-420
-470
-527
-577
-591
-594
-580
-549
-501
-446
-388
-318
-210
-62
80
222
328
447
567
671
766
793
829
859
902
916
903
904
869
822
723
624
491
343
183
46
-83
-229
-358
-511
-632
-758
-837
-889
-940
-956
-957
-921
-862
-765
-661
-551
-452
-346
-197
-58
56
153
258
338
409
471
484
485
495
515
533
557
559
530
497
457
408
348
293
233
156
88
29
-21
-83
-158
-255
-368
-477
-591
-706
-821
-939
-1046
-1127
-1199
-1246
-1249
-1250
-1206
-1144
-1073
-990
-903
-768
-634
-481
-291
-106
67
232
385
549
704
840
968
1060
1162
1242
1320
1400
1423
1430
1428
1382
1292
1183
1035
881
700
503
308
107
-79
-263
-428
-549
-664
-743
-798
-830
-838
-841
-821
-797
-760
-698
-612
-508
-399
-255
-115
33
206
383
548
668
779
862
924
982
960
902
835
743
658
552
447
326
220
109
9
-69
-153
-252
-339
-408
-451
-473
-521
-565
-598
-636
-673
-676
-664
-638
-627
-598
-548
-494
-450
-413
-363
-305
-253
-202
-138
-59
11
70
124
159
181
191
200
219
243
231
218
224
242
247
216
160
131
104
61
15
-41
-92
-186
-283
-353
-402
-444
-485
-483
-459
-429
-376
-336
-264
-186
-85
50
183
331
481
629
759
906
1039
1169
1256
1312
1387
1435
1463
1462
1430
1366
1266
1149
1006
829
650
454
250
49
-159
-357
-559
-762
-938
-1078
-1207
-1318
-1415
-1502
-1564
-1578
-1552
-1506
-1437
-1340
-1218
-1077
-907
-701
-487
-284
-88
107
295
456
577
679
748
803
857
865
821
748
673
575
497
419
315
239
161
88
16
-58
-131
-191
-254
-321
-380
-450
-504
-564
-635
-705
-768
-787
-766
-744
-730
-703
-657
-613
-574
-529
-481
-442
-391
-347
-300
-251
-202
-140
-84
-10
77
170
269
383
500
596
690
799
883
977
1031
1081
1117
1102
1103
1076
1053
1004
956
882
803
745
653
549
422
301
173
17
-145
-287
-400
-495
-593
-676
-711
-694
-656
-634
-604
-542
-458
-369
-263
-156
-45
56
176
261
347
438
482
537
598
670
722
753
779
803
797
782
736
657
528
349
177
-11
-224
-429
-634
-819
-980
-1108
-1188
-1263
-1304
-1315
-1297
-1241
-1171
-1093
-991
-875
-755
-619
-528
-441
-340
-270
-190
-122
-39
56
133
191
240
282
317
341
352
371
380
388
419
415
382
346
325
311
262
212
221
209
170
109
51
41
15
-35
-110
-187
-253
-331
-402
-446
-477
-495
-508
-489
-436
-378
-291
-187
-94
7
123
243
349
438
510
602
689
749
796
801
807
808
788
739
678
623
551
474
380
291
190
83
-12
-144
-261
-372
-476
-571
-653
-719
-756
-761
-781
-785
-784
-772
-738
-697
-623
-529
-452
-378
-280
-165
-47
74
206
342
489
614
749
853
923
1002
1040
1071
1094
1080
1043
998
898
780
662
522
382
210
27
-156
-338
-517
-668
-776
-868
-948
-992
-1010
-1008
-987
-959
-902
-834
-718
-610
-493
-354
-252
-132
-22
101
216
317
420
491
559
593
626
663
668
669
650
633
586
542
495
402
308
224
154
66
8
-61
-159
-248
-329
-414
-494
-567
-633
-658
-668
-668
-641
-626
-602
-555
-491
-400
-331
-266
-210
-159
-135
-97
-37
15
60
75
100
130
155
172
170
184
192
169
166
171
199
202
174
162
156
158
156
135
98
66
44
28
2
-36
-55
-99
-167
-209
-214
-251
-296
-329
-370
-395
-413
-412
-385
-354
-312
-236
-165
-85
-6
72
163
272
370
452
547
607
683
713
721
731
720
712
665
594
527
450
331
216
99
-35
-166
-292
-396
-474
-561
-652
-718
-780
-808
-827
-824
-809
-770
-688
-608
-540
-470
-344
-216
-114
22
154
270
386
483
586
685
771
847
897
936
934
928
905
861
812
751
657
559
466
348
237
103
1
-80
-189
-267
-334
-380
-410
-479
-495
-485
-461
-422
-398
-398
-373
-325
-289
-244
-200
-159
-112
-72
-61
-55
-36
-38
-45
-28
-14
9
24
39
54
56
53
55
84
121
135
137
119
102
93
69
18
-25
-64
-112
-168
-238
-309
-367
-439
-503
-526
-539
-542
-527
-506
-472
-429
-407
-347
-285
-246
-185
-109
-39
30
73
149
210
262
307
340
387
415
442
475
512
532
546
521
490
479
465
397
297
188
119
56
-27
-101
-170
-221
-281
-353
-426
-471
-486
-476
-467
-454
-412
-362
-294
-194
-116
-7
119
237
353
452
535
603
664
716
779
839
896
918
932
916
872
821
780
711
632
527
420
305
154
32
-104
-223
-344
-454
-535
-622
-701
-765
-830
-893
-938
-975
-991
-1010
-1004
-969
-942
-925
-894
-870
-823
-749
-666
-550
-466
-358
-250
-114
43
171
319
460
593
690
776
879
949
997
1016
1015
1015
991
933
820
721
612
500
413
304
185
71
-43
-147
-253
-362
-438
-513
-589
-670
-731
-774
-825
-860
-893
-903
-881
-831
-781
-709
-593
-490
-404
-273
-111
60
230
362
488
607
700
809
908
989
1067
1134
1161
1152
1118
1029
944
854
744
617
462
282
96
-96
-303
-494
-692
-882
-998
-1105
-1184
-1228
-1269
-1280
-1271
-1199
-1126
-1008
-849
-733
-570
-427
-261
-88
62
190
325
469
535
634
707
768
842
900
941
960
968
919
888
820
726
633
514
379
237
139
16
-71
-141
-258
-300
-323
-368
-396
-413
-398
-390
-377
-343
-316
-251
-173
-119
-39
33
68
128
148
158
210
212
239
264
270
294
287
314
290
275
289
262
269
232
176
126
25
-61
-132
-198
-250
-312
-366
-397
-433
-470
-512
-535
-545
-550
-573
-600
-602
-592
-585
-563
-509
-416
-337
-265
-181
-104
3
57
112
188
248
332
382
436
529
593
647
704
730
730
694
659
505
412
293
150
121
-49
-44
-40
-137
-143
-270
-370
-459
-652
-778
-906
-1002
-965
-1007
-944
-750
-692
-568
-388
-337
-197
-42
-36
83
171
342
481
597
807
892
1123
1285
1272
1466
1527
1421
1545
1426
1362
1383
1223
1196
1077
988
910
708
654
419
52
-37
-394
-722
-721
-1018
-1189
-1152
-1340
-1378
-1283
-1454
-1470
-1482
-1473
-1364
-1381
-1150
-1157
-972
-703
-692
-490
-244
-301
-216
-63
-269
4
21
24
320
427
541
785
878
890
1053
878
772
736
529
484
452
329
379
345
304
335
209
176
55
-159
-266
-555
-733
-843
-1094
-989
-1057
-963
-727
-729
-535
-515
-307
-395
-297
-306
-313
-188
-200
96
-46
572
634
745
1344
1135
1365
1543
1261
1315
1260
927
1007
826
719
635
536
463
344
273
264
-56
-290
-309
-909
-904
-1086
-1535
-1419
-1404
-1576
-1241
-1075
-1015
-604
-560
-349
-363
-162
-150
-257
-51
-19
-30
179
444
329
775
911
710
1070
991
656
814
571
223
319
136
18
166
191
88
242
260
182
-39
-71
-281
-799
-505
-983
-1087
-631
-965
-702
-376
-325
-226
-3
-11
-164
62
-240
-340
-191
-306
-161
-172
361
295
524
1116
507
1222
1038
623
950
485
427
376
384
311
522
554
557
514
571
407
120
111
-439
-606
-797
-945
-1135
-1039
-1145
-1100
-742
-950
-533
-515
-578
-260
-603
-466
-177
-461
-196
-96
-220
124
198
4
207
307
-26
342
179
128
506
307
491
572
654
656
728
756
662
605
672
422
367
577
130
435
416
40
373
177
-127
47
-395
-493
-437
-828
-808
-780
-775
-650
-315
-462
23
-83
-197
28
-573
-288
-754
-939
-669
-1030
-496
-317
-191
499
518
861
1175
924
1083
906
540
706
300
236
624
327
790
815
533
1034
303
74
-82
-1052
-1059
-1521
-1991
-1648
-1483
-1485
-637
-337
-110
907
396
789
998
196
553
-56
-323
-23
-489
1
179
60
716
501
593
734
218
42
29
-512
-440
-192
-593
291
171
501
1099
776
1265
731
586
498
-214
-309
-641
-919
-474
-714
-463
-61
-250
288
55
74
71
-331
-355
-665
-643
-701
-750
-654
-460
-364
-249
-119
-98
-146
-189
-129
-255
-68
-59
188
447
718
858
1068
1392
1162
1306
921
633
457
-4
-486
-460
-828
-1105
-811
-1369
-655
-893
-878
-278
-862
13
-135
-360
719
-20
631
1303
586
1739
1351
1258
1811
1137
1134
927
501
359
72
-343
-233
-575
-490
-388
-707
-172
-614
-697
-429
-986
-801
-893
-1233
-858
-844
-850
-518
-453
-315
-49
-61
89
157
-34
192
70
302
571
354
730
671
628
842
531
523
306
74
-16
-235
-130
-434
-319
-110
-359
-39
-62
-42
198
141
106
103
487
316
438
570
144
300
83
-307
-127
-326
-457
-534
-672
-426
-852
-183
-731
-747
-144
-1245
-416
-860
-1415
-935
-1662
-1708
-1309
-1778
-1413
-1058
-1263
-303
-180
236
1057
1038
1746
2144
2046
2840
2911
3420
4261
3931
4688
4374
3762
3318
1688
520
-879
-2797
-3966
-4713
-5439
-5014
-4875
-4413
-2996
-2514
-1787
-1165
-1150
-507
-376
-157
523
856
1818
2433
3077
3767
3863
3842
3233
2202
954
-118
-1558
-2558
-3042
-3466
-2948
-2455
-1747
-425
344
1151
1792
1760
2160
2091
1903
1728
1530
1373
1121
1215
947
919
555
-295
-467
-1552
-1836
-1351
-2913
-1403
-1703
-1643
807
-275
938
1764
671
1338
1031
-356
296
-605
-1115
-504
-1233
-293
-486
-410
364
-318
323
376
-347
616
111
-70
810
408
1069
1442
1557
1196
890
823
-78
-123
-814
-1652
-1650
-1740
-2169
-1571
-1186
-1312
-541
-388
-422
422
636
373
1013
392
599
342
-201
-100
-973
-689
-1288
-1641
-1316
-1435
-1404
-866
-968
-871
40
-362
-252
346
-159
632
1325
1115
2486
2247
2350
2499
1381
1126
-633
-2230
-3242
-5006
-5109
-4964
-5233
-3405
-2191
-503
2801
4570
7435
10318
10335
10876
9927
7694
6883
3573
568
-1336
-4217
-4826
-5510
-6234
-4757
-4631
-4367
-3147
-3701
-2798
-2074
-2806
-1191
-334
584
3353
4214
5740
7588
6879
6751
5131
2346
598
-2678
-4919
-6394
-7915
-7250
-6863
-6173
-4211
-3172
-1852
-359
-500
166
548
-255
820
1001
1188
2718
2370
3252
3957
2838
4569
2357
1222
1130
-3459
-2472
-4083
-6580
-4218
-5667
-5052
-1896
-2710
-542
1671
1174
3036
3111
2332
2381
1372
797
403
-269
-182
-601
94
842
746
1529
1441
883
773
173
-1259
-1571
-2036
-2587
-1821
-1584
-1238
-156
572
1317
1955
2314
2129
1532
1593
923
768
1239
128
643
1069
516
1604
890
565
440
-910
-1791
-3371
-4308
-5000
-5341
-5671
-5294
-4853
-3285
133
3398
7638
12484
14796
16611
17073
13971
12796
8510
2269
-1465
-6620
-9360
-9438
-10720
-9223
-6709
-5911
-3588
-3200
-3469
-2570
-4136
-4535
-4064
-4512
-1634
483
2926
7691
8979
10128
10794
8001
6472
3688
-1080
-3212
-6017
-7803
-7437
-7863
-6469
-4581
-3494
-1782
-1244
-790
-27
-730
-266
415
819
2357
2699
3360
4762
4802
4130
2820
532
-1736
-4174
-6732
-8385
-8908
-8481
-7797
-6134
-3723
-1523
897
2525
2967
4249
4222
3514
3649
2817
3187
3334
2690
3179
2564
3210
3212
824
2013
-1276
-1985
-1511
-5801
-3698
-4602
-5436
-2356
-2536
-1063
1670
1416
2847
4003
3095
3213
1922
715
-162
-1155
-1412
-1856
-1202
-232
119
1337
1956
1865
2184
1366
439
-118
-895
-1406
-1131
-516
-265
577
1001
1235
1388
1030
320
-676
-1229
-2136
-2785
-2650
-2652
-1481
26
1238
2954
3882
5326
5576
5073
4740
2084
508
-1375
-4799
-5069
-6786
-7991
-6665
-7909
-6969
-5773
-5518
-3816
-2596
-1957
327
2484
5265
9398
13053
18521
21440
21829
21188
17589
14320
9244
562
-6142
-12071
-16700
-17770
-18574
-16673
-12279
-9152
-5662
-2454
-763
921
588
-337
-337
-746
129
1241
3137
6898
9196
10346
10813
9315
7667
4740
-348
-4354
-7831
-10917
-12046
-12653
-11687
-8899
-6160
-2920
283
2641
4161
3982
3632
3583
2655
1841
709
411
1781
2097
2103
2210
1241
460
-1433
-4238
-6043
-7699
-8826
-8856
-8150
-5463
-2012
963
5033
7502
9715
10489
8309
6681
4244
1062
-1174
-3719
-5533
-4660
-4219
-2929
-655
471
2009
2993
3014
2594
1353
-174
-2111
-3148
-3677
-4104
-3093
-2247
-1052
622
1162
1204
1292
581
-322
-873
-1346
-1353
-775
413
960
2143
2792
2192
2775
2008
833
918
-679
-1362
-326
-1289
445
1854
1524
3697
2979
2619
2864
-489
-2245
-4716
-7974
-8356
-9807
-9388
-6632
-4901
-711
4333
9744
16507
20933
23036
23764
21377
17622
12311
5170
-638
-6757
-11380
-14196
-16084
-15097
-13982
-12736
-10893
-10257
-9186
-8133
-8025
-6579
-4748
-2752
612
3555
6869
10573
12410
13302
12824
10813
8255
4441
612
-2598
-5041
-6188
-7170
-7158
-6094
-5283
-4331
-3577
-3421
-2867
-2899
-3244
-2589
-1635
-261
1503
3395
5359
7622
9192
9529
9406
7854
5384
2321
-1748
-4886
-7669
-9716
-10379
-10829
-9967
-8264
-7012
-4915
-2620
-762
2023
3624
5311
8484
10050
11272
11706
10042
9056
6365
2238
-883
-4742
-7165
-8759
-9902
-8955
-7113
-4865
-2452
-237
1340
2749
3168
3032
3029
2419
1827
1370
1091
972
972
602
-77
-77
-439
-455
20
-533
-29
-234
-940
-895
-2312
-3040
-3836
-5015
-4383
-4023
-3508
-1275
-899
1042
2498
1635
3500
2031
1219
689
-2555
-3405
-4273
-6281
-5870
-4963
-5454
-2494
-2237
-533
3978
6056
9965
13188
14896
16615
16857
14659
12459
8914
3849
-965
-5806
-9335
-11302
-12590
-12179
-10467
-8206
-5551
-3288
-642
1749
3351
4510
4971
5083
5619
6007
5954
6214
5827
4858
3830
2042
77
-2014
-4726
-6657
-7716
-8385
-8347
-7994
-7087
-5562
-3844
-2457
-1450
-824
-456
-325
-237
227
427
983
1553
2437
3346
4079
4665
4184
3941
2471
655
-899
-3331
-5047
-6367
-8226
-8427
-8076
-7328
-5053
-3050
-748
2149
4175
6169
9791
9758
11974
10183
8315
8418
3772
3063
-1606
-4036
-5115
-6639
-6478
-5903
-4310
-2739
-59
435
2560
3702
3390
4300
3167
2643
2377
395
-276
-1510
-2504
-2877
-4105
-4476
-4590
-4188
-3735
-3102
-2224
-1051
321
361
1096
865
259
203
-1364
-2029
-2233
-2124
-1846
405
1411
2914
4666
3957
4856
3879
1497
-693
-3861
-6585
-7852
-8929
-9338
-7588
-5542
-1700
3100
6748
12695
16288
19676
21028
19344
18484
14365
10128
4137
-1431
-5768
-9551
-12368
-14507
-14368
-13804
-11695
-10391
-7870
-4990
-3588
-1112
-420
1205
3170
3428
4642
5632
6462
7634
7342
6150
5188
3198
585
-1708
-4253
-5931
-6976
-8262
-8568
-8171
-7513
-6684
-5764
-4840
-3735
-2526
-1851
-907
549
1980
3477
5151
6960
8962
10289
10623
10186
8942
7111
3964
129
-3642
-7412
-10238
-12412
-13838
-13665
-12278
-10199
-7115
-3771
-115
3949
6686
9104
10939
11773
11922
11047
8757
7487
5353
2496
892
-2722
-3756
-5054
-6318
-6195
-5931
-4944
-3455
-1860
-1160
1145
1600
2188
2913
1912
2285
1908
877
767
-305
-763
-1219
-1920
-2185
-2279
-2525
-2979
-2746
-3098
-2300
-2371
-2261
-1561
-1717
-618
-936
-406
152
656
2170
2153
3797
4182
4598
4324
2587
1005
-1074
-4109
-7359
-8978
-10224
-8800
-7504
-5749
-2222
1042
5263
8390
11018
15448
18028
20503
20952
19177
18294
15098
10415
5224
-822
-6798
-11291
-16683
-19386
-19922
-20542
-17832
-15686
-11706
-6259
-2784
1370
4654
7179
9961
11106
11317
12260
12377
12037
10992
8109
5524
2331
-1968
-5312
-8853
-11273
-12850
-14384
-14610
-14160
-13096
-12005
-9973
-7859
-4697
-2046
334
3319
5876
9025
10648
12223
12859
13011
12142
9988
7712
4159
932
-3549
-7980
-11133
-14259
-15418
-16026
-15299
-12538
-9502
-5225
-1256
3693
8037
12973
14029
15509
15291
12102
13015
6749
4571
1680
-3471
-3611
-7155
-8647
-8427
-9119
-8923
-6906
-5973
-3463
-16
1173
4640
6488
6797
8443
6570
6174
5589
2685
1938
-1137
-3006
-4291
-6981
-8126
-9138
-9339
-8880
-7599
-7218
-4904
-3141
-1998
1038
1258
3755
4716
4759
6253
5951
7077
6561
6464
5359
4620
3551
270
-966
-4630
-6214
-8368
-10480
-10259
-9652
-5980
-4985
365
2316
5240
10713
9170
15483
17464
18659
22395
18750
17539
15604
9608
4166
-1578
-9910
-13452
-17570
-22263
-19732
-20556
-16425
-10591
-8562
-543
2532
5522
9875
9139
10896
10846
8278
8511
7604
5496
5798
2531
-278
-848
-6310
-8063
-10763
-14104
-12113
-13283
-11954
-9335
-8433
-4651
-1969
137
3332
4667
5418
7175
6933
8081
9022
7562
8871
7462
6503
5676
1859
-123
-3756
-7263
-10414
-13898
-15489
-15621
-14846
-11915
-8525
-4095
2065
5557
10219
13219
13501
15049
12762
9895
8193
3542
864
-1626
-4891
-5567
-6397
-7667
-7521
-7363
-7762
-5129
-4784
-2356
642
2141
6130
7209
9008
9428
8670
7301
4568
2107
-820
-3248
-5339
-7100
-8319
-8885
-9428
-9421
-8624
-7891
-6662
-5253
-4452
-2539
-1369
329
2467
3386
7006
7475
9111
10237
8702
10018
7647
5654
3186
-285
-3344
-5892
-8530
-11438
-10506
-12604
-10741
-7591
-7105
-1090
1157
4304
9107
11372
13854
17924
19799
22105
25297
22052
21889
17611
11270
7261
-2174
-8142
-13720
-19691
-21631
-22957
-22954
-19169
-15392
-11500
-5037
-1533
2371
6382
6937
9175
9666
9001
10140
9520
9694
9472
7574
5530
2744
-1277
-4894
-8782
-12668
-14138
-15935
-15822
-14480
-13489
-10533
-7585
-5041
-1400
1026
3312
5929
7062
8937
10144
10644
11484
11152
10141
8378
5091
1467
-2727
-7076
-10625
-13640
-15373
-15323
-14203
-12112
-6783
-5502
1436
4228
5723
12383
8539
12668
11075
7995
8527
4663
2844
1379
-411
-2977
-2058
-5265
-5552
-5658
-8187
-5795
-6017
-4684
-977
54
3479
6453
6537
8838
7979
6294
5667
2518
311
-1339
-4006
-5368
-5648
-7613
-6677
-6854
-7481
-5770
-6064
-5304
-3541
-3222
-1161
2140
2737
7487
8279
9794
11625
9430
9686
6804
5453
1603
-137
-3311
-6945
-6739
-11482
-11217
-11737
-13324
-9493
-9902
-7146
-3453
-1213
3998
7413
11458
15665
20400
23269
26778
27299
24932
22793
14909
9430
1144
-7633
-13329
-20539
-22793
-24013
-23761
-20437
-16914
-11924
-6408
-2340
999
4383
5686
7357
8835
8376
10298
10728
10904
12161
10190
8728
5686
1277
-2772
-7649
-12074
-15298
-17000
-17275
-15761
-14162
-11270
-8257
-5303
-1794
228
2741
4850
6215
8226
9627
10545
11901
11927
11169
10274
6867
3077
-724
-5901
-9332
-12193
-15378
-14449
-14052
-10798
-6205
-2337
2096
5170
8263
8289
11124
8387
8367
7278
3708
4381
925
-110
-1865
-3122
-5020
-5435
-7170
-8248
-7536
-8382
-6273
-4441
-2481
1013
4203
6489
10134
10292
10372
9794
6991
5017
2337
-835
-3368
-4609
-7898
-7522
-9598
-10135
-9307
-10787
-8700
-8229
-6905
-3940
-1703
1141
6381
7016
11066
12956
11163
14741
10974
8871
8392
1548
477
-1414
-7311
-5290
-9062
-11442
-8643
-12966
-11940
-9632
-11355
-6040
-1959
-1125
7800
10565
14851
23839
24319
30127
31509
26533
25079
17723
9575
3322
-7136
-14953
-18020
-23841
-23828
-22357
-22428
-15330
-12657
-9213
-3460
-2478
1727
4191
4637
7865
8617
9116
11122
10991
11472
11487
7761
5091
1037
-4640
-8803
-14327
-17657
-18559
-19004
-17520
-14971
-12776
-8969
-5530
-2428
1444
3427
5906
7855
9653
11660
12260
12564
12539
11364
10115
6856
3173
138
-4335
-6910
-10061
-12793
-12093
-12979
-10210
-5766
-5559
2672
1765
4789
9689
4816
10692
7214
5932
8335
4630
4643
4562
1347
738
783
-3846
-2918
-5397
-8180
-5857
-8356
-7000
-4721
-4792
-659
1642
2942
5749
6059
6418
6281
4883
2684
1429
-1381
-3539
-4775
-7761
-7895
-10157
-10508
-10471
-10341
-8860
-7942
-4912
-2424
1444
4047
6247
8543
9342
10028
9795
7420
6458
4481
1086
1575
-2174
-2798
-2845
-6978
-4585
-8932
-9285
-9291
-11924
-7531
-7881
-3196
826
6015
12546
18017
23816
28644
32572
30757
29671
22996
16782
9823
-1177
-7516
-15249
-19913
-21599
-23596
-21724
-18622
-15714
-11804
-8414
-5560
-2412
-180
1486
4432
5731
7384
10190
11236
15025
15673
14464
13519
9113
5854
526
-5946
-10767
-15074
-17914
-18741
-18866
-17612
-14894
-12144
-8356
-4442
-1086
1773
4190
6458
9412
11172
11894
12671
12341
12111
10385
7263
3546
-584
-4457
-8311
-11515
-13509
-14706
-14316
-12565
-10784
-6814
-4976
-2397
584
1986
4656
5059
5464
5673
6311
5688
5333
4071
1978
1403
-1205
-2430
-3596
-5430
-6024
-6155
-5583
-3618
-2219
-712
1482
3586
6113
7298
8037
8368
8332
7483
5342
2171
-727
-3449
-6279
-8222
-10423
-10968
-10675
-10335
-8354
-6644
-4217
-887
422
4160
5759
7080
9139
7276
9245
7166
6924
6088
3939
4526
1940
1780
-753
-2376
-5383
-7845
-10399
-12776
-12880
-14476
-11631
-8726
-2896
4354
10925
19890
26163
31011
32276
29824
26871
20145
11325
1693
-7438
-13618
-18361
-21388
-21775
-19441
-16562
-13023
-10444
-8231
-5150
-4707
-3638
-2864
-1853
994
2711
5710
9154
12476
14186
13690
12679
9490
6165
582
-5342
-9674
-13561
-15440
-17218
-16698
-15077
-12513
-9149
-6747
-2862
-676
832
2680
3341
5772
6673
7822
9203
10277
12195
11187
10761
8452
5905
3324
-1725
-4377
-8014
-9354
-10201
-11221
-8392
-7521
-4496
-2093
-968
2471
3290
3768
4217
4256
4964
5671
4835
4851
5251
3962
3523
1198
-943
-1877
-4303
-5427
-5456
-5843
-4225
-3306
-2455
-254
937
2299
3222
4025
4227
4431
3416
1977
474
-1825
-3495
-5513
-6750
-7424
-7753
-7686
-6568
-5684
-3617
-2147
-1046
1817
1621
3437
3529
2610
3966
2794
2607
2632
1781
1812
2017
820
650
-408
-2288
-2955
-4631
-6340
-5836
-8133
-6854
-4292
-3486
3258
5932
13248
20127
23602
26288
25003
24194
18846
12758
2757
-4796
-10680
-16290
-18682
-21025
-17649
-14534
-10934
-7006
-4681
-1295
-667
-756
-1128
-1002
72
109
2514
5308
9034
11830
11881
12278
10329
7649
2866
-2929
-6991
-10821
-13536
-14859
-14496
-12979
-9486
-6832
-4268
-583
252
1283
1627
768
1974
1549
1602
3716
5402
8352
10163
10364
10646
9477
6708
3727
-560
-4348
-5618
-9662
-8554
-8752
-9102
-5000
-7093
-3432
-2170
-2518
-1046
-1777
-650
1153
3213
3159
6514
7116
8294
9224
6415
6162
2903
137
-2043
-4805
-5999
-7167
-7364
-6832
-5187
-3935
-3276
-1030
329
2661
4386
4117
5068
4754
4221
2973
1077
-1029
-2471
-3721
-5042
-4915
-5206
-4025
-3343
-2060
-739
-531
333
393
223
769
843
-511
864
831
852
3542
1901
3204
3778
1465
1600
-1395
-3334
-5208
-7253
-7952
-6995
-4168
-1345
4860
10951
18165
22760
23059
23295
20039
16123
9301
506
-6017
-10747
-13763
-15304
-13913
-11705
-7437
-4111
-3145
-826
-1347
-2506
-3209
-4921
-4039
-3309
-1664
1711
5835
10127
11955
12397
10953
8907
4746
-410
-5737
-10985
-13203
-15358
-15144
-12927
-10878
-6919
-3960
-1124
1106
1037
-288
-1814
-2811
-3756
-3227
-3074
-523
3457
6679
10190
11356
11910
11508
8765
4921
1069
-2595
-5612
-5985
-7091
-5402
-2108
-3343
451
-139
-931
667
-4384
-4571
-5047
-4972
-2403
-267
2038
5788
8655
8997
10536
7748
5879
3430
-1194
-2353
-5774
-8075
-7876
-8745
-6822
-4578
-3359
-781
1876
3453
5045
5832
4383
4592
3409
1787
1395
-420
-1061
-1704
-2447
-2545
-2446
-2701
-2731
-2671
-3556
-2593
-3658
-3848
-3168
-3760
-1083
-1383
824
1387
3548
5065
4708
7143
3448
6280
2471
1675
635
-3818
-2937
-6691
-4649
-5008
-1315
2154
9310
15651
18199
22054
17516
17745
12152
4592
-989
-9756
-12699
-15242
-15933
-12956
-9514
-5533
-2041
-182
815
1263
-714
-2029
-3466
-4534
-3106
-2653
374
4261
6794
9785
9433
8563
6913
2586
-819
-5084
-8771
-9848
-11098
-10417
-8219
-6572
-3336
-900
877
2331
1690
191
-1791
-3639
-4715
-5369
-5078
-3784
-1369
2094
5762
8254
9837
10426
8701
7744
4891
2403
1016
-1383
67
-1227
-500
-632
-3031
-2235
-5476
-7327
-9020
-10994
-9931
-7921
-5474
-1231
3204
6452
10228
11572
11690
11059
7980
5453
2523
-982
-2705
-5405
-6536
-6671
-7433
-6737
-5966
-4232
-2506
-278
1288
3061
5122
5050
6027
4988
4172
3645
1649
748
-173
-547
-800
-930
-2093
-2085
-3758
-4051
-5924
-6372
-6508
-7394
-4767
-5564
-2108
-739
-62
3486
3139
4235
5504
2334
3763
1984
-856
12
-3948
-2751
-2285
-1431
1782
8286
13303
17784
20475
18049
19679
14533
8879
1207
-7273
-10923
-15220
-16565
-15510
-12116
-7074
-1927
771
3413
4602
2621
1048
-1456
-3609
-3621
-4458
-3281
455
3134
6618
7376
7199
7225
4073
959
-3099
-6359
-7602
-8765
-8522
-7726
-5396
-2920
-880
1103
1754
1684
101
-2311
-4133
-4934
-5818
-6127
-5389
-3793
73
3443
5797
8030
8832
9042
7901
5513
2857
1349
-1281
-1637
-1472
-3439
-961
-4167
-4077
-3742
-7108
-6610
-9189
-9049
-7031
-4152
-1758
2858
6146
9203
12990
12050
12947
10963
7978
6095
2076
-183
-2498
-5261
-6849
-7340
-7777
-7556
-6255
-5799
-3426
-712
468
3005
3815
5043
5453
4726
4077
2247
1493
-49
-43
-998
56
-773
-944
-778
-4020
-4869
-7692
-9628
-9453
-9298
-8499
-5924
-3028
667
4276
7252
8654
9106
7996
5923
3187
1322
-1727
-3615
-3584
-4108
624
2930
9365
15881
18536
22569
20656
18623
15560
8607
247
-6302
-13034
-16481
-17318
-18891
-14471
-10159
-5824
-1101
498
2449
2745
856
-431
-2206
-2617
-1795
-823
1793
5254
7693
8764
9047
6740
4719
340
-4156
-7511
-10682
-11367
-11917
-10532
-7994
-5012
-2305
356
1282
2337
1502
-554
-1748
-3708
-4407
-5125
-4842
-3665
-1074
1160
3624
5592
7278
8119
7670
6781
4868
3414
1573
498
-1131
-1043
-2583
-3520
-4036
-5309
-5272
-7012
-7868
-8787
-7405
-6001
-3282
-60
2808
7029
9683
12152
12888
12630
11163
8792
5673
2498
-690
-4400
-6815
-9063
-10194
-9714
-9183
-7796
-5227
-3199
-198
2382
3400
5061
5208
5178
5515
4407
4455
4324
4069
4366
3444
3030
1653
627
-1767
-3975
-6116
-8540
-8846
-9468
-8307
-7340
-4725
-3273
243
3717
3968
6696
4207
3164
2577
-1087
-2275
-3752
-4956
-2695
-21
2483
10528
14714
18699
22183
18713
19156
15520
7905
2645
-5513
-11127
-12957
-16823
-16749
-13420
-11995
-6820
-4004
-3000
825
-36
-313
923
-764
1324
2649
2572
6463
8185
8940
10285
7835
6170
4175
-603
-3461
-7079
-9758
-9916
-10743
-9600
-7331
-5889
-3034
-1096
40
1202
278
-1620
-2273
-4112
-4959
-4946
-5666
-3060
-1262
1098
3620
4875
6967
7521
6866
6723
4588
3031
1987
-1356
-827
-2680
-4162
-3935
-6450
-5786
-5401
-6543
-6000
-5821
-5695
-2385
-1452
402
3779
4758
8445
10423
10455
11919
10820
9039
7973
4170
929
-1894
-6068
-8398
-10012
-11512
-10738
-9611
-7861
-4169
-1642
832
2706
3318
4014
3999
2871
1998
2022
1005
3359
3441
4010
6342
3070
4340
1721
-1518
-2422
-7273
-9047
-9263
-10582
-9211
-6538
-6385
-638
1680
2685
6725
4587
5333
5098
895
-257
-1875
-4090
-498
964
4963
13627
15088
21190
22334
20114
21394
14207
7485
1625
-6738
-10578
-13432
-17626
-15044
-13501
-11149
-5520
-5325
-1805
-6
-2176
-449
-2698
-3777
-1576
-2497
523
4369
5482
9026
9628
8563
8821
4578
1002
-2407
-7339
-8739
-10780
-11973
-9897
-8835
-6328
-2843
-1514
802
2470
556
2138
855
-1481
105
-4213
-2126
-719
-1485
2135
2036
3689
6358
4995
5044
5037
1484
2681
-1401
-3147
-2446
-6510
-5003
-6513
-7737
-5130
-5979
-6075
-3709
-4349
-1798
457
128
3356
4681
6304
8767
9329
9839
10672
9092
7707
6232
2002
196
-3260
-6333
-6906
-9331
-9318
-8197
-7586
-4887
-2631
-1770
403
1054
860
1656
388
427
808
738
1789
2799
4474
5087
6460
4698
4230
3426
-395
-534
-4562
-4861
-5403
-6366
-4626
-4892
-2115
-899
-521
906
528
108
703
-2434
-2894
-2686
-4695
-688
167
4284
12816
14431
20475
21939
19470
21482
14634
8007
3390
-5952
-9452
-12401
-17531
-14292
-13149
-11766
-5681
-5728
-2224
718
-1846
22
-972
-2833
-143
-1314
608
5354
5706
9235
10474
8887
9670
5668
1066
-1516
-6656
-8900
-10359
-12884
-10729
-9448
-7666
-3872
-2911
-5
1074
103
972
-861
-1186
-2184
-4046
-3350
-2717
-1170
1066
2631
4881
7704
7706
8832
7679
6031
5201
1791
-411
-3011
-5120
-7130
-7786
-8988
-8684
-7615
-7984
-5975
-4997
-3218
-1028
278
2187
4428
6105
7859
9330
9366
9805
9083
7036
5682
3139
599
-696
-3144
-4113
-4728
-5703
-4816
-4536
-3783
-2818
-2659
-2304
-2137
-2391
-2103
-1730
-1232
308
1440
2785
4409
4961
4711
4999
3406
2028
1227
-2041
-3148
-3463
-5099
-3212
-2972
-2738
6
-613
693
857
-173
-358
-1563
-3406
-3764
-4298
-4359
-759
1112
7859
13137
16210
20629
19634
19860
17278
11042
5514
-1739
-7242
-10755
-14441
-14889
-13725
-11816
-7954
-5472
-3649
-1634
-2118
-2402
-2143
-3722
-2621
-2004
-885
3768
6167
9588
11570
10976
11364
8491
4796
467
-5289
-8525
-11325
-13602
-13268
-13211
-11203
-7200
-4539
-987
1332
1222
1963
1350
-351
-868
-2828
-3593
-2426
-1994
10
2018
3105
5455
6456
6295
6002
4207
2470
1280
-303
-1319
-1872
-2867
-2981
-2914
-3170
-3054
-3741
-4199
-4067
-4167
-3521
-2881
-1861
419
2631
5197
7289
8268
8998
8725
7986
6841
5048
2955
1197
-232
-935
-1284
-1962
-1747
-1895
-1874
-1583
-2646
-3157
-3487
-4547
-3914
-3637
-3366
-346
521
3129
6360
6172
8649
7711
5569
5184
1094
-1814
-4287
-7700
-8635
-8150
-8230
-6252
-3226
-1755
1510
2762
2420
3277
1508
-333
-2081
-4496
-5489
-4446
-2496
1006
8409
12760
17769
21146
19179
20205
14811
8159
2316
-6297
-9736
-13175
-15309
-13584
-10917
-7037
-2356
-129
1125
2011
-1000
-2953
-5544
-8745
-7865
-8049
-4841
889
5320
11702
14842
16852
17372
13761
8720
2074
-5131
-10670
-14869
-18224
-18363
-17193
-14198
-9524
-6082
-1805
540
1311
1975
458
-413
-1814
-3324
-2454
-1532
715
3827
4982
7384
8600
7456
7201
3534
590
-1158
-4233
-4117
-4465
-4460
-2364
-1687
-375
786
-205
-501
-1470
-2924
-2896
-3728
-3744
-2142
-866
2109
5481
7183
9423
9767
8836
8065
5137
2664
269
-1965
-2491
-2276
-2030
-862
474
949
2222
1652
213
-563
-3092
-4124
-4731
-6255
-4758
-3927
-1796
2141
3897
7008
8892
9001
9501
7734
4523
2192
-2184
-5219
-6629
-9381
-8390
-8058
-7124
-3628
-2252
401
2270
1908
2626
1135
-1344
-2856
-5267
-5219
-3596
-206
5726
11065
16710
20177
21574
20970
16728
10446
2924
-4515
-10327
-14151
-16167
-14760
-11710
-7568
-2785
-138
1914
1634
-906
-3349
-7390
-9719
-10461
-10050
-5841
-409
5702
12128
16388
19080
19099
15807
10443
3157
-3486
-9869
-14023
-16767
-17605
-15350
-13165
-9003
-5714
-3286
-1528
-1652
-2129
-3239
-4330
-5053
-4358
-3113
127
4060
6834
10579
11752
12183
11801
7833
4464
-148
-4532
-6577
-8750
-8725
-7578
-5794
-3219
-1007
744
1194
986
-180
-1401
-2479
-3490
-3347
-2561
-528
2666
5631
8280
10291
10578
9981
8401
5112
2448
-842
-3515
-4006
-5097
-4248
-3329
-2548
-142
899
1351
1546
285
-319
-282
-2015
-1702
-1801
-1764
1049
1617
4058
6309
6563
8088
7059
5277
3844
419
-2376
-4446
-6713
-8191
-7535
-8406
-6436
-4377
-4414
-1011
-1476
-148
879
-444
606
-133
725
2913
6243
10618
14136
16550
16818
17368
14718
10852
5405
-1878
-6200
-11253
-13453
-13943
-13066
-9423
-6310
-2069
976
3075
3352
1744
-436
-3720
-5926
-8356
-8167
-5930
-2197
3184
6741
11120
13155
13434
11975
7029
2341
-3477
-8224
-11512
-13757
-13656
-12392
-9619
-6240
-2289
38
1508
1313
-574
-1401
-4659
-6101
-6916
-7199
-4172
-2401
938
3906
5915
7998
7807
6776
4082
883
-2545
-5316
-7166
-8361
-7687
-6892
-3746
-549
2654
5715
6063
7101
5482
3678
1625
-1977
-3003
-4348
-3413
-1149
1126
4116
5971
7724
7602
7576
5432
2899
1092
-2123
-2186
-3529
-3255
-1987
-1499
893
1336
2411
2320
2181
2034
1235
1323
111
849
934
1895
4009
4210
5913
5404
5075
4403
1911
188
-3773
-5469
-7880
-9334
-8944
-10591
-8318
-8133
-6467
-4487
-4489
-3158
-4082
-3421
-3642
-1114
1811
6944
14351
18444
24863
25720
25684
23801
15779
9056
-1395
-10047
-16099
-21122
-21217
-18842
-13904
-7988
-2003
1943
5150
5653
3143
1335
-3579
-5960
-6991
-7506
-2897
909
6111
10996
13340
15206
14158
10751
5267
-584
-7228
-11330
-14413
-16680
-14382
-13905
-8999
-4281
-1559
3820
3834
5032
4723
1930
597
-2395
-4298
-4443
-4366
-3620
-1463
-1136
1201
2683
1991
3163
600
-695
-1646
-4054
-4232
-5286
-5720
-4962
-3911
-2273
-242
1275
2423
3992
4219
4233
3545
1576
587
-1004
-1975
-2100
-2250
-1544
-278
1226
2760
4192
4596
4792
4740
4008
3177
2247
914
361
98
-386
179
-137
-601
-144
-1321
-1102
-925
-1868
-472
-160
1640
3882
5164
6115
6394
6157
4344
3321
-322
-2463
-4153
-6433
-4683
-5897
-3889
-2261
-3125
17
-2135
-2658
-3812
-7469
-7923
-9160
-7937
-4743
2594
10087
19129
26269
28656
32497
28646
24491
15703
3492
-4448
-15586
-20848
-24132
-24206
-19516
-14168
-7456
-1872
3595
4464
4696
2024
-2642
-4862
-9294
-8902
-7004
-3234
3961
8477
14640
18406
19248
18160
12766
6159
-954
-7529
-13807
-17475
-19477
-19230
-15721
-12060
-6906
-1506
2770
4802
6835
5400
3886
2581
-1368
-1775
-2438
-2976
-1590
-1127
-1000
1179
912
387
-312
-3240
-4505
-6542
-8540
-9010
-8979
-8621
-6112
-4605
-2011
1276
1930
4799
5657
6014
6269
4854
3759
3180
2757
1398
1337
-231
-362
-91
-949
-329
-1144
-1062
-637
-752
-475
-53
182
856
2164
2237
3272
3389
2472
3346
2546
2703
3277
2605
3925
3978
4608
4923
4053
4263
2865
2568
1444
-377
-568
-1793
-2017
-1290
-1421
-720
581
-9
687
1077
-1433
-1681
-4972
-7742
-7871
-10776
-9124
-7625
-3243
4819
10813
18080
21727
24270
25161
22199
17019
9678
1541
-6225
-11968
-16795
-17091
-15807
-12957
-7523
-4197
935
2295
1331
721
-3422
-5483
-7929
-10200
-8057
-4861
-219
5657
9580
13300
16124
15528
13534
9194
2943
-2065
-8770
-12898
-14839
-17567
-15755
-14645
-11351
-5770
-3376
-444
1061
976
1404
1036
-546
-240
-333
-731
1331
599
2536
3810
2724
4256
1716
586
-1260
-5008
-6522
-8987
-10053
-10361
-10185
-8753
-5856
-3102
-193
2759
4289
6545
6848
6902
6927
5140
4534
3010
2020
2041
859
507
-28
8
601
840
240
-511
-459
-1542
-1160
-1786
-1976
-365
-206
1756
3494
4777
6672
7177
7648
8643
8587
8602
7659
6177
5506
2884
955
-2199
-4627
-5371
-7542
-7100
-7554
-6823
-4398
-3824
-1907
-741
-869
698
-247
-1130
-889
-4054
-4655
-5004
-5855
-1308
3670
7794
15146
17068
19476
22724
18354
16426
9904
2443
-758
-8076
-11298
-12333
-13635
-9522
-6603
-4598
362
1139
1289
1797
-3141
-5096
-7580
-11291
-9214
-8524
-4903
804
3149
8534
11114
11364
12096
7927
4253
1945
-3935
-5893
-7701
-12252
-8890
-10852
-9078
-3935
-5984
-999
-1142
-969
2274
11
1010
824
-394
983
80
-896
-175
-1030
-840
-150
-1612
-1070
-1151
-2591
-2234
-4243
-5463
-6356
-8664
-8420
-8837
-7935
-6166
-4636
-781
2858
6392
8704
9940
10193
9737
8518
5596
3343
832
-883
-1372
-1782
-756
229
1224
2315
2356
2259
1093
-534
-1473
-2902
-3555
-3368
-3413
-895
1215
2552
5563
5958
8149
9416
8389
9017
7125
5921
4216
1510
-829
-2528
-4290
-6035
-5786
-6729
-4822
-3273
-3694
-840
-869
462
2609
923
1691
578
-1256
-1182
-2879
-1567
2603
5660
11006
14477
15831
19440
17614
14651
11374
3543
-1064
-6746
-12867
-13672
-15327
-14455
-10897
-8995
-3915
-92
1028
3113
1569
-92
-1329
-4922
-5537
-5200
-4053
-608
1986
4831
7104
8571
8675
7380
5408
1693
-1078
-4307
-7140
-9604
-11755
-12249
-12056
-9604
-8144
-5541
-3508
-1634
1287
1251
3126
1980
1975
2160
-160
704
-1691
-1481
-1918
-2963
-1945
-2774
-2062
-2277
-2703
-3040
-3489
-5179
-6455
-6994
-7759
-6360
-5571
-4321
-1091
1731
5101
7946
9062
10146
10514
9672
8587
6545
4156
1853
-602
-1951
-2388
-2353
-2304
-1743
-1186
-231
75
-380
-1023
-784
-690
-581
388
-442
2031
2561
4013
5806
5538
8334
7807
9859
9283
8143
6618
3325
1672
-1976
-3249
-7440
-8165
-8653
-8835
-6183
-6708
-4589
-2645
-533
1330
2540
2294
2938
1776
1452
455
767
6199
6185
12558
12646
14461
18116
14482
14805
9106
5919
771
-3762
-8653
-11439
-12158
-14328
-11109
-12670
-8291
-5742
-5175
153
-1214
646
221
-1799
-356
-635
438
976
1940
3543
5313
5425
5131
4166
1623
1558
-2259
-4089
-5150
-9275
-8466
-10033
-10497
-8239
-8734
-7417
-4581
-3481
-419
1259
1723
4632
4837
6009
5594
4155
3973
2360
67
-1623
-3802
-5349
-5036
-6823
-6489
-5871
-6761
-6165
-6787
-7178
-5916
-6250
-6183
-4712
-3719
-589
2012
3229
5846
6808
7846
9292
8186
7449
6067
3294
2017
485
-1407
-1969
-3102
-3749
-2772
-3141
-2599
-2379
-2150
-464
-430
1201
1284
2744
4909
4790
7084
7036
8050
9606
8974
10107
9024
8618
7531
5158
3770
395
-1603
-4494
-6402
-8234
-8934
-9200
-9848
-7444
-7758
-4195
-1869
119
4439
4485
6686
7372
6972
10350
9788
10528
11250
9178
11982
10349
9267
7816
4294
2495
-919
-4387
-7743
-8961
-11618
-11046
-11909
-11421
-8028
-8504
-4228
-3383
-2105
673
-548
1483
2064
2015
3202
2434
2370
2989
1607
742
632
-1710
-901
-1961
-4614
-2883
-5625
-5717
-4927
-7392
-5212
-4893
-5268
-3261
-3122
-1947
854
486
2561
3348
2967
4999
3304
3624
3031
843
-94
-1894
-3758
-4368
-5953
-7554
-7089
-8412
-7607
-7730
-8121
-6133
-6511
-5247
-4510
-3952
-1318
586
2208
4332
6095
7382
9301
9310
9033
8769
7039
6038
4403
2962
2037
670
-115
-1295
-2373
-2294
-3484
-3041
-2637
-3117
-1018
-1233
367
2269
2985
4945
5792
6410
7625
7772
7424
7680
6290
6639
4393
2895
1389
-2348
-2642
-6206
-8220
-8027
-10216
-8945
-7928
-7650
-4369
-2615
-1382
1387
1906
2780
5327
4594
9275
10882
12017
15705
12632
15731
13461
10335
8666
2971
735
-3203
-6316
-9100
-9332
-11084
-9882
-9720
-10178
-6322
-8071
-4774
-3988
-4031
-963
-1381
180
2814
3614
5018
6402
5292
6651
5202
3423
2129
-709
-1365
-3387
-4871
-5547
-6764
-6678
-6845
-6801
-5807
-5013
-4896
-3555
-3018
-2473
355
-1722
1940
1511
1907
5684
1339
5371
2598
1467
1832
-2447
-2539
-4756
-6272
-7415
-7175
-9092
-7536
-8144
-8268
-5329
-6857
-4540
-3932
-3414
-152
1001
2870
5479
6542
8899
10105
10431
10716
9625
8720
6717
5182
3122
1481
-459
-1756
-2803
-3829
-3980
-4959
-4092
-4146
-3231
-1975
-1755
-95
918
1734
3578
4588
5278
7254
6931
8025
8545
7351
7427
5707
4353
2613
616
-2031
-3470
-5907
-6563
-7523
-8669
-6798
-8054
-4673
-3986
-2248
573
64
3301
3165
5040
8008
8417
11187
11980
11285
12884
11406
8781
8058
3336
1000
-673
-6036
-6250
-8536
-10475
-8664
-11078
-9715
-8504
-9138
-6144
-6091
-4806
-2473
-2049
349
2441
3934
6358
6895
7673
8277
6268
6307
3347
1091
815
-3474
-3641
-5428
-8233
-6413
-8639
-8383
-6706
-7641
-5233
-3812
-3327
-671
399
753
2983
2243
3556
4509
3345
4999
3728
4006
4128
2092
2059
296
-1721
-2559
-5358
-6741
-7613
-9343
-8605
-8536
-7785
-6450
-5877
-4695
-3386
-2258
-924
571
1480
3665
4847
6271
7525
7435
8060
7180
6328
4986
3103
1710
93
-1160
-2315
-3597
-4029
-4627
-4892
-4173
-4146
-2759
-1482
-609
1500
2548
4058
5249
6199
7302
7578
7524
7183
6976
6016
5656
4284
2616
2151
-524
-2025
-3467
-6564
-6372
-7875
-8388
-6649
-6667
-4216
-1948
-311
2177
3814
4076
5817
5534
5641
8627
6503
9866
9497
8227
11624
7218
7816
5325
915
-164
-4197
-6881
-7951
-9706
-10300
-8526
-9290
-6705
-5542
-5593
-2371
-3486
-1739
-564
-1747
1287
1364
2381
5269
3938
5746
5608
3632
4105
696
-989
-1977
-4403
-4630
-5009
-6749
-5075
-5431
-5194
-2512
-4403
-2382
-2011
-2727
-389
-778
-78
1493
1867
3087
4358
4194
4800
4474
3808
2928
1010
-745
-2949
-4341
-5808
-6759
-7417
-7917
-7449
-7214
-6578
-5531
-5352
-3982
-2755
-2437
-264
500
2034
4387
5208
6923
7836
7651
7872
6969
5583
4588
2414
1469
54
-1153
-1172
-2555
-2603
-2882
-3951
-3099
-3112
-3604
-1430
-1412
-294
2562
1956
4774
6062
5610
7962
6341
6370
6417
4127
4772
2539
1709
1369
-1253
-789
-2283
-4029
-3687
-5368
-6572
-4618
-6250
-4655
-1671
-2716
2451
2994
3433
6392
3628
4819
4182
2405
4282
3712
4475
6461
6021
6698
7508
5108
4106
2251
-1964
-2918
-6316
-8516
-8028
-9892
-8025
-7382
-6477
-3672
-3423
-1624
-741
-955
-280
-118
-464
900
1771
1839
4111
3616
3944
4388
1877
1899
-272
-1830
-2638
-4651
-4455
-5616
-4925
-4546
-4196
-2440
-2427
-875
-437
303
1191
1447
2318
2047
2989
2539
3137
2927
2372
2588
630
390
-2206
-3235
-4381
-6224
-6021
-7762
-7046
-7169
-6838
-5504
-5196
-3645
-2953
-1694
-591
732
2106
3154
4702
5307
6558
6893
6749
7305
5996
5794
4755
3033
2480
514
-510
-1868
-2740
-3594
-3962
-3701
-3989
-2520
-2304
-945
615
1204
3231
3618
4332
4996
4856
5265
4817
4182
3548
3242
2208
1623
953
-509
-135
-1655
-2541
-2832
-4535
-4393
-4437
-4469
-3056
-1874
-1062
1281
1997
2714
3916
2554
3153
3066
1466
3754
3473
4165
6931
5044
7101
7013
4102
4205
510
-2174
-3085
-6843
-7724
-7212
-8447
-5791
-4848
-4751
-1458
-2504
-1959
-802
-3071
-1540
-1819
-2285
495
593
2501
4129
3581
4741
3857
2164
1244
-1250
-2743
-3249
-5271
-5131
-5041
-5878
-3773
-4136
-3359
-1269
-2220
-256
453
688
2963
2724
3561
4678
4250
4761
4152
2977
2540
823
-422
-1936
-3507
-4519
-5691
-6253
-6831
-6780
-6835
-6297
-5801
-4660
-3490
-2469
-728
72
1899
2898
3832
4778
5218
5566
5471
5526
4575
4498
3522
2567
2294
628
154
-922
-2303
-2440
-3405
-3302
-2948
-2674
-1526
-546
611
1814
3171
3689
5180
5320
5648
6404
4884
5969
4473
3659
3469
1137
979
-340
-1567
-2219
-2851
-3852
-3496
-3879
-4436
-2802
-3641
-2298
-1038
-1819
522
171
272
1825
402
1514
1817
1058
3207
3802
4275
6469
5671
6058
6892
3886
3413
929
-2341
-2467
-5767
-6597
-5893
-6973
-4625
-3649
-3265
-711
-1011
-902
-140
-1550
-1459
-1287
-2059
-367
657
1040
3196
3102
3795
4368
2240
1921
-224
-2205
-2585
-4740
-5037
-4927
-5420
-4464
-3463
-3483
-1548
-1146
-1059
1441
786
2606
3789
2806
5088
4404
4056
4494
2203
1811
667
-1570
-2330
-3756
-5467
-5580
-6721
-7208
-6260
-7169
-6075
-5331
-4518
-2438
-1695
160
1640
3061
4507
5039
5471
5375
5277
4490
3526
2689
1391
966
32
-778
-954
-1988
-2359
-3008
-3387
-3309
-3035
-2609
-1633
-53
818
2896
3536
4348
5524
4592
4908
4100
2991
2953
1812
1301
1338
550
690
665
-57
471
-61
-904
-133
-1095
-1150
121
-1268
539
1325
479
3009
2050
2175
3185
1288
1102
782
-1316
-1045
-1787
-2665
-592
-1498
838
2798
3006
5710
4765
5082
5303
2802
1796
-212
-2589
-2910
-4509
-4882
-3878
-4447
-2764
-2408
-2657
-1165
-2184
-1986
-1655
-2914
-1712
-1695
-1315
493
909
2651
3382
3691
4537
3718
3094
1895
-210
-1309
-2958
-4946
-5371
-6260
-6403
-5267
-4952
-3674
-1640
-969
716
2073
1816
3363
2840
2321
2619
992
805
50
-1058
-1387
-1763
-2866
-3093
-3768
-4788
-4344
-5666
-5276
-5007
-4750
-3027
-2376
-312
1340
2685
4216
4810
5254
5363
4771
3967
3369
2254
1356
799
-263
-677
-1233
-2015
-2009
-2750
-2774
-2669
-2623
-1531
-882
706
2175
3430
5019
5798
6197
6201
5529
4435
3648
1603
511
-375
-1898
-1182
-2058
-1331
-656
-517
961
908
2111
1937
2734
2708
2744
3296
2387
3291
2258
2025
1155
-94
-1122
-2533
-3800
-5301
-5326
-6436
-5382
-4792
-3527
-204
751
3799
5089
5781
7784
6371
6007
4774
2320
1586
-479
-2080
-2544
-3698
-4353
-4290
-5237
-5076
-4952
-6054
-4897
-5058
-4346
-2697
-2271
200
2050
3566
5571
6552
6905
7692
6421
4956
3732
439
-807
-3271
-5772
-6212
-7841
-7708
-6851
-6625
-4453
-2967
-1770
1073
1599
3053
4509
3338
4741
4054
2688
3389
1158
522
297
-1895
-2335
-3113
-5361
-4874
-6021
-6755
-5072
-6140
-3819
-2393
-1220
1577
2621
4115
5421
5703
5361
5397
3448
2773
1409
-333
-692
-2339
-2576
-3062
-3467
-3550
-3605
-3728
-3480
-2921
-2494
-1006
94
1495
3488
4671
6018
7248
6829
7029
6257
4317
3462
1047
-789
-1404
-3324
-3233
-2991
-3108
-1018
-647
526
1843
2048
2853
3105
2701
2508
2342
1158
1419
613
-338
-220
-1532
-2337
-2221
-4007
-3898
-4351
-5009
-3836
-3243
-2213
-263
2971
3356
7902
7139
8581
10627
6900
8703
4041
2769
577
-2390
-3814
-5224
-5763
-6869
-4900
-6568
-3349
-3430
-3246
-490
-1851
576
963
886
2581
3112
3344
4671
3916
3851
3762
1757
732
-1315
-3320
-4511
-5954
-6873
-6711
-6937
-5622
-4431
-3137
-846
-24
1448
2332
2776
3170
2732
2647
1840
1624
1211
-343
203
-1544
-2186
-1677
-4200
-3409
-4262
-5085
-3460
-3897
-3107
-1385
-1166
424
2010
1706
3112
2989
2391
3062
1566
974
660
-958
-1107
-1502
-2517
-1833
-2469
-2440
-1477
-1700
-834
-153
186
1531
2385
2516
3748
3392
3922
4495
3451
3632
2603
1674
1435
498
-479
-616
-1666
-2000
-1582
-1973
-1010
-626
400
1217
2941
3123
4268
5203
4191
5923
3665
3518
1877
-315
-1179
-2758
-3732
-4802
-3812
-5367
-2635
-2928
-2758
-229
-2479
-364
-661
-1351
-579
-580
-862
1592
3512
3237
7337
4941
6920
8262
4327
6093
1254
-313
-773
-4290
-4402
-5257
-5863
-4695
-3866
-4577
-2312
-3270
-2841
-881
-2665
-394
-1279
-1158
1303
896
2880
2998
2695
3519
3113
2489
1664
251
-977
-494
-1561
-1379
-1412
-2200
-870
-1657
-1375
-1851
-3075
-3056
-3847
-3780
-3583
-3757
-2222
-882
168
2289
2091
3615
4246
3442
4393
2559
2268
1852
603
674
-359
-917
-1144
-1825
-2088
-2515
-3681
-3575
-4277
-4079
-3439
-4188
-2571
-1742
-658
1154
998
1906
2858
2786
3310
3089
2903
3255
3547
3162
3339
3116
2411
2692
1438
1104
158
-830
-1134
-1758
-1853
-2582
-2764
-3078
-2367
-2044
-1381
-761
-713
1445
2138
3814
4594
4339
5855
5094
5757
3809
2932
1148
-1710
-1110
-5615
-4614
-6181
-7132
-4555
-5688
-3218
-2637
-1268
-1069
696
-435
-692
31
-2768
210
-1942
-1028
569
462
5385
6303
8734
9805
9654
10021
8276
5957
2518
-290
-3586
-5230
-7053
-8335
-7151
-7530
-5225
-3815
-3019
-568
-887
493
703
739
813
617
1190
1611
3007
2616
3594
3639
4003
4008
2531
1600
-114
-1038
-2162
-3389
-4778
-5093
-5735
-5386
-5263
-5638
-4400
-3930
-2835
-1177
-48
807
2900
3461
4629
6356
4630
5564
4648
2893
3630
1159
291
131
-1408
-1289
-1384
-2877
-2828
-3257
-4758
-4285
-5962
-6214
-5447
-5866
-4016
-3018
-1660
333
1578
2983
4239
4438
4586
4513
3610
3693
3054
2427
2380
1440
1542
1385
373
32
-1263
-2398
-2510
-3426
-3706
-3470
-3835
-2830
-1649
-1227
589
940
1884
3371
3123
4959
4497
4916
5875
4434
5403
3450
1759
1454
-983
-1890
-3234
-5444
-5675
-5385
-6074
-3952
-4052
-3414
-938
-1667
668
325
-165
720
-40
1174
1590
1855
3372
4369
6370
8306
8890
9746
9365
8568
7293
5175
2207
-36
-2948
-4981
-6014
-7842
-7161
-7616
-6049
-4759
-3959
-2264
-2130
-519
-61
845
1042
1516
2077
2405
3330
2959
3034
2494
1598
684
-474
-2285
-3388
-4825
-5521
-5418
-5886
-5418
-5200
-4919
-3801
-3474
-3263
-2356
-2374
-1323
-404
162
1178
2599
3287
4420
5785
5017
6355
5530
4622
4723
2432
1765
474
-1200
-2008
-3106
-4495
-4645
-5288
-5781
-4837
-5579
-4422
-3406
-3043
-710
-380
1099
2892
3377
4999
5130
5105
5417
4775
4171
3487
2158
1450
853
-355
-547
-1305
-1998
-1671
-2419
-2535
-2211
-2937
-2152
-1805
-1511
-163
50
1038
2087
2430
3540
3039
2991
2809
1415
1701
192
-637
-966
-2480
-2398
-2507
-3261
-2685
-3158
-3362
-2376
-2897
-1767
-1281
-1005
296
680
1528
2066
1901
2087
1589
1438
1205
227
727
-135
404
1108
551
2071
2578
3488
5337
5471
5985
6827
5688
5862
4792
2795
2304
-13
-1243
-1859
-3361
-3570
-3515
-4258
-2813
-2864
-2641
-1514
-2410
-926
-1213
-1191
-234
-787
367
859
764
1826
1679
1343
1772
450
136
-391
-2033
-1755
-2971
-3754
-3243
-5024
-4458
-4385
-5426
-3609
-4168
-3200
-1369
-1500
514
1475
1906
3827
3698
3922
4839
3135
4094
3019
1452
1848
-623
-931
-2111
-3604
-4412
-5350
-5982
-6327
-5832
-5740
-4359
-3226
-1567
90
1561
2941
3728
4562
4479
4540
3695
2953
2337
1306
1340
674
139
442
-327
-110
-469
-1363
-1362
-2094
-1747
-1953
-1632
-1070
-845
248
483
896
979
630
199
-287
-809
-1124
-1272
-1182
-423
-2
853
1629
1566
2346
2096
1440
1670
301
839
1165
1614
2733
3028
4154
3652
4284
2561
1525
599
-2463
-1946
-3854
-3613
-2143
-2426
179
1506
2531
3772
4507
4173
5358
5695
4764
7004
5281
6381
7038
4714
5998
2889
1208
-399
-4125
-5839
-7726
-9478
-9450
-8767
-8715
-5862
-4973
-3442
-729
-1383
629
423
-406
1407
-107
1149
2078
1169
3066
2465
1575
1574
-466
-2351
-3123
-5781
-6690
-7113
-8553
-6889
-6566
-5015
-2966
-2072
55
968
2082
2845
3572
4191
4385
5484
4582
5361
5099
3336
4402
1587
1035
-113
-2813
-2867
-4524
-5064
-5150
-5009
-5332
-3613
-3743
-2934
-1063
-1926
854
803
1463
3516
2790
4036
4060
3120
3401
2301
1270
954
35
-183
79
-305
250
972
745
1838
1267
1107
1363
56
59
-758
-1204
-1321
-1576
-1573
-1422
-1114
-1310
-790
-941
-767
-255
-504
256
448
778
1341
1498
1709
1966
2065
1597
1818
1008
772
449
-630
-577
-1480
-1530
-1762
-2372
-1088
-1801
-573
148
-11
2321
1889
3294
3764
4070
4745
4568
4694
3927
4281
2780
3146
2149
2002
2470
1008
2075
733
690
108
-1713
-2174
-3794
-4573
-5228
-5704
-5112
-4394
-3187
-1922
-673
2
1249
1105
1002
1159
-593
-295
-1785
-2240
-2125
-3135
-2477
-2916
-2430
-2028
-2104
-1977
-1908
-1918
-1779
-1393
-1659
-949
-656
-335
448
420
1235
959
1521
1681
1183
2393
896
1438
1621
240
1283
-54
-439
-200
-1090
-888
-1193
-1071
-741
-81
297
711
1205
981
1295
540
331
-379
-1106
-1244
-1967
-1396
-1543
-1031
-156
-172
952
850
621
897
74
61
-221
-620
-447
-106
-166
355
554
166
848
7
61
28
-643
-101
-264
-45
632
889
1319
2099
1964
2384
2358
1796
1914
1430
1164
1342
1060
1305
1839
1859
2207
2425
2286
2269
2242
1340
1472
886
683
924
203
610
-180
95
-635
-905
-1249
-2207
-1704
-2671
-1841
-1611
-1423
-320
-84
228
770
305
67
-151
-972
-1079
-1376
-583
-726
498
618
1202
1652
861
701
-957
-1238
-3338
-3489
-4563
-4651
-3692
-3825
-2152
-1958
-537
-401
-178
-160
-808
-785
-1385
-1423
-909
-824
152
706
963
1839
1443
1221
611
-139
-1095
-1394
-2199
-2145
-1578
-1707
-393
-152
651
1148
1453
1207
1616
1533
458
1989
223
1450
1934
553
2375
1366
1866
1490
1793
430
1267
1153
-547
2067
-881
788
92
-1445
-401
-2337
-2020
-2765
-2409
-2858
-1551
-1427
-698
1427
782
2944
2749
2659
3719
2448
2693
2115
1330
1535
871
796
735
150
175
-481
-936
-1469
-2360
-2757
-3203
-3045
-2954
-2386
-1914
-1067
-184
241
1053
989
1634
1761
1876
2266
2088
2610
2514
2818
2773
2276
2225
868
506
-348
-1730
-1509
-2780
-2394
-1808
-1873
-787
-476
229
649
1185
715
819
867
188
785
280
113
539
-205
-154
-579
-1600
-1710
-2811
-2516
-3032
-2401
-1050
-933
1573
1446
3357
3747
3344
3622
1811
1657
-418
-1010
-2612
-2554
-3009
-3055
-1903
-3063
-774
-2003
-1701
-1012
-3009
-1833
-2832
-3112
-1890
-2266
-1016
-12
729
2009
2710
3073
2895
3340
2202
2281
1662
434
867
-393
-163
-686
-717
-1003
-1383
-981
-1870
-851
-1468
-987
-73
-345
1724
1475
2850
3884
3387
5074
3825
4173
3293
2008
1426
-455
-740
-2958
-3094
-4447
-4770
-4583
-5214
-3964
-4091
-2163
-1457
-34
1769
2203
3916
4231
4471
4798
4067
3451
2723
1650
829
67
-743
-1369
-1452
-1949
-1695
-1635
-1789
-977
-1201
-529
-407
-319
-60
-139
-73
-265
-181
-593
-276
-636
-369
-265
-350
316
93
343
836
416
732
823
-65
845
143
54
391
-257
274
4
46
-157
-53
-573
-988
-1105
-2044
-1708
-2352
-2442
-2085
-2046
-1567
-969
-775
-475
624
-258
943
373
-307
795
-1008
88
-158
223
1227
1760
2404
3192
3834
2862
3529
1514
1089
-44
-1930
-2007
-3075
-2850
-2531
-1924
-1118
352
890
1807
2557
2195
2714
2267
1567
1853
1087
842
1278
249
1017
561
-97
303
-881
-545
-1064
-1480
-1211
-1295
-843
-550
-69
186
752
754
427
524
-79
-659
-562
-1341
-1151
-652
-1007
-238
547
138
1551
1360
685
2189
262
1143
783
-423
443
-555
-793
-590
-1326
-1759
-1327
-2705
-1621
-2195
-1944
-1066
-1251
206
208
1178
1116
1607
1254
1248
876
179
455
-514
-206
-470
-547
-445
-502
-697
-821
-880
-1641
-1529
-1887
-2210
-1771
-1965
-1714
-1048
-934
-311
245
350
1016
1340
1262
1683
1772
1308
1825
1101
732
1120
-424
-28
-635
-1699
-1128
-2248
-2356
-1802
-2473
-1594
-1134
-1363
120
-8
378
1409
829
1570
1752
882
1772
1009
601
1246
-113
428
-124
-511
-468
-565
-843
26
856
479
3273
1921
4010
4479
3389
5003
2934
2988
1969
1309
-104
396
-955
-781
-159
-1746
382
-1227
-659
-449
-1411
-711
-1163
-1074
-529
-53
449
1639
1901
2804
3441
2930
3320
2271
1581
1019
-523
-830
-1913
-2108
-2630
-2388
-2417
-2332
-1717
-2041
-1253
-1711
-726
-1253
-75
114
632
2134
1520
3356
2652
3041
2517
1920
556
382
-1325
-2215
-1794
-4446
-2357
-3997
-3664
-2509
-3674
-2379
-2025
-2363
-980
-716
-1155
1023
-137
973
1340
357
1017
305
-587
-684
-1468
-2544
-1865
-3298
-2680
-2858
-3266
-2439
-3013
-2383
-2512
-2339
-2295
-1916
-1704
-1308
-721
-531
257
441
870
1131
1145
1252
1384
1208
1410
1287
1282
1510
1393
1405
1437
1085
850
932
-160
498
-581
-474
-361
-992
-128
-437
179
53
1159
551
2059
1846
1971
3482
2136
4004
2841
3602
3276
3155
3213
2440
3174
1729
2945
1532
2575
2609
2461
3653
2680
4169
3070
3479
2803
1943
1872
408
394
-534
-681
-770
-879
-617
-515
-329
-573
-371
-1188
-952
-1500
-2257
-1418
-2482
-1468
-1250
-1285
-260
-217
-119
258
-50
-375
-93
-1131
-700
-1215
-1266
-1039
-1439
-989
-1195
-1314
-1466
-1756
-2196
-2322
-2839
-2914
-3005
-2778
-2560
-2173
-1534
-1450
-622
-492
-697
-7
-1158
-1083
-1333
-2561
-2002
-3075
-3055
-3052
-3045
-3052
-2382
-2348
-1972
-684
-1220
363
517
847
1900
1537
1848
1978
1390
1289
1051
60
251
-504
-952
-672
-1487
-1215
-1245
-1563
-1073
-1038
-998
-432
-388
-91
522
477
1085
1240
1552
2025
2099
2562
2633
2907
3107
3086
3188
2868
2869
2490
2225
1909
1159
1371
593
665
361
151
322
43
551
45
870
481
628
1120
350
1313
662
787
1165
575
1216
702
679
709
208
129
22
-187
-262
5
-93
416
1092
1768
2603
3369
3435
4322
4130
3830
3759
2402
2247
1100
294
-380
-956
-1789
-1767
-2179
-2923
-2218
-3483
-3106
-3171
-3760
-3222
-3517
-3266
-2616
-2254
-1653
-914
-688
281
529
708
1089
735
840
726
216
63
-303
-610
-818
-1214
-1171
-1749
-1643
-2040
-2239
-1956
-2663
-1924
-2349
-1967
-1340
-1654
-849
-595
-521
40
391
-194
541
-19
-497
-38
-1155
-1273
-1382
-2420
-1894
-2369
-2683
-1651
-2760
-1271
-1260
-1336
205
-393
488
1065
771
1111
1599
881
1375
1266
545
1466
598
734
1097
221
692
273
-141
142
-313
-337
-254
-328
-149
380
339
877
1424
1559
2370
2447
2887
3293
3330
3441
3614
3037
2932
2574
1658
1732
689
246
43
-678
-782
-871
-1253
-914
-894
-684
-131
-102
695
853
1335
1832
1700
2494
2130
2177
2468
1548
1827
1004
249
319
-1043
-1199
-1562
-2408
-1768
-2024
-2327
-884
-1186
-83
1131
237
2550
2077
2257
3504
1827
2769
2347
1006
1479
352
-687
-251
-1855
-2140
-1944
-3624
-3094
-3522
-4222
-3005
-3891
-3326
-2051
-2784
-627
-941
-599
1154
290
1535
1335
905
1395
775
190
140
-983
-1366
-1459
-2888
-2097
-3046
-3401
-2450
-3645
-2200
-2408
-2435
-969
-1674
91
-38
169
1378
631
1587
1458
653
1071
360
-315
-115
-1483
-1590
-1639
-2577
-1862
-2508
-2282
-1371
-1746
-530
-114
98
1459
1618
2151
2959
2814
3225
3468
3055
3314
2900
2419
2456
1719
1349
970
44
-99
-478
-1146
-935
-1272
-1288
-642
-629
-208
431
691
1310
1862
1942
2413
2553
2481
2753
2265
2086
1824
1182
1081
497
-169
-415
-997
-1377
-1555
-2006
-2159
-2035
-2060
-1645
-1285
-980
-61
173
1282
1708
2210
3053
2915
3748
3367
3413
3128
2387
2373
1475
889
416
-625
-895
-1480
-2402
-2451
-3222
-3495
-3329
-3883
-3462
-2981
-3336
-1417
-1256
-233
1700
970
3429
3543
3379
4504
3078
3116
2944
1169
768
-26
-1719
-1315
-2954
-3522
-3126
-4813
-4076
-4367
-4904
-3627
-4199
-3437
-2051
-2024
-346
48
601
2192
1903
2438
2725
1924
2587
1671
948
870
-561
-698
-1606
-2494
-2447
-3278
-3522
-3076
-3606
-2421
-2192
-2196
-468
-694
505
912
639
1855
1189
1613
1307
499
1441
89
282
225
-624
-29
-543
-983
-424
-419
-1015
-78
-635
-88
701
-53
974
1252
1269
2084
1915
1975
2784
2256
2259
2449
1786
1705
1527
361
510
125
-1015
-373
-1367
-1240
-615
-1398
-276
0
197
1364
1315
1866
2563
2329
2570
2850
2168
2330
2069
1279
1605
607
326
195
-734
-591
-1335
-1736
-1479
-2016
-1701
-1246
-1220
-239
270
720
1692
2132
2539
2948
2922
2930
2767
2388
1953
1273
984
-229
-571
-1244
-2499
-2419
-3769
-3869
-3826
-4719
-4008
-4203
-3752
-2598
-2860
-1634
-1006
-540
713
845
2038
2726
2941
3416
3682
3556
3513
2537
1781
1546
-39
-611
-1860
-2719
-2769
-3661
-3984
-4160
-4323
-3930
-4111
-3832
-3104
-3105
-2193
-1641
-1127
210
519
1008
2061
2169
2637
2604
1975
2256
1804
1032
836
-69
-168
-455
-1322
-905
-1785
-1463
-1584
-1894
-1137
-1540
-1018
-891
-512
88
305
528
1135
1226
1765
2072
1438
2524
1926
1811
2726
775
2087
1220
-294
1428
-1374
-455
-678
-2331
-397
-1788
-1245
-467
-731
349
629
629
1434
1474
1527
2008
1328
1817
1616
1001
1480
758
623
624
-235
125
-357
-701
-367
-881
-341
-305
-227
304
261
748
839
879
1134
997
1036
825
791
626
278
291
-171
-230
-335
-798
-521
-556
-755
-159
-296
-45
674
293
1027
1357
962
1586
1239
803
1303
242
-185
-59
-1313
-1053
-1627
-2467
-1910
-2588
-2744
-2329
-3072
-2518
-2442
-2976
-2050
-2331
-1892
-1359
-1360
-437
4
797
927
1826
2617
2467
3573
2499
3102
3204
1838
2352
934
737
495
-593
-845
-975
-1656
-1575
-1624
-2413
-1473
-2161
-2194
-1318
-2168
-1117
-1121
-1405
46
-618
135
415
-19
942
703
671
989
903
879
1198
725
883
780
502
445
160
168
-103
-238
-404
-403
-582
-556
-865
-505
-512
-490
16
-511
539
413
390
1280
694
1221
1646
714
1190
1261
20
1140
98
-168
619
-742
-55
-133
-638
-257
-245
-805
71
-305
-593
445
-330
367
693
189
957
884
415
1018
460
273
484
-300
-221
-131
-764
-616
-613
-1220
-615
-1076
-1278
-792
-1250
-1005
-761
-972
-520
-296
-325
90
121
371
442
515
522
667
836
712
1119
940
1299
1476
1288
1850
1487
1512
1525
1192
1112
870
362
68
-13
-646
-630
-1131
-1252
-1189
-1821
-1279
-1939
-1752
-1335
-2124
-1082
-1361
-1465
-535
-1119
-447
-91
-597
175
243
226
981
529
1296
1877
1307
2312
1882
1873
2504
1298
1381
1389
192
564
-179
-789
-130
-1295
-899
-877
-1458
-705
-1160
-1159
-366
-803
-549
-62
-603
236
277
-39
805
335
699
1084
234
1049
516
166
587
-233
-98
-413
-796
-863
-937
-985
-1376
-1110
-1080
-1223
-507
-1049
-534
-213
-437
140
79
179
514
557
224
1156
168
686
675
-480
941
-783
-492
-221
-1695
-386
-1340
-1507
-371
-1370
-318
-9
-334
877
593
710
1560
1089
1386
1744
999
1799
1455
878
1581
601
744
740
-406
39
-643
-1195
-1033
-1876
-1780
-1780
-2174
-1832
-1778
-1649
-1192
-1031
-675
-136
-25
381
724
726
1276
1118
1281
1678
1285
1734
1615
1456
1812
1358
1402
1349
944
1083
484
477
343
-211
-43
-947
-896
-1256
-1854
-1848
-2344
-2271
-2400
-2308
-2221
-1681
-1483
-1009
-607
-280
347
370
854
992
1147
1495
1393
1457
1936
1351
2011
2006
1484
2228
1239
1419
1463
572
669
369
-63
188
-158
-441
-103
-614
-478
-531
-1075
-606
-1109
-1270
-658
-1210
-675
-270
-546
538
492
588
1250
753
1125
956
562
568
248
88
-98
-193
-436
-308
-500
-471
-451
-562
-417
-534
-473
-288
-428
-254
-132
-337
140
-73
-6
168
-210
2
-284
-468
-419
-946
-680
-924
-1386
-881
-1558
-1483
-1100
-1858
-1224
-1069
-1496
-389
-718
-335
481
115
1023
1133
1220
1717
1621
1727
1960
1566
1509
1502
858
935
341
-90
-132
-824
-942
-1140
-1515
-1454
-1523
-1590
-1312
-1286
-1135
-857
-681
-387
-162
45
256
581
648
935
987
900
1213
780
999
861
471
920
513
495
809
471
777
884
638
888
835
606
774
707
125
671
40
-6
290
-657
99
-633
-654
-398
-1017
-512
-786
-834
-399
-671
-503
-297
-533
-126
-135
-5
123
508
305
961
1162
970
1777
1013
1741
1484
1246
1193
580
665
140
79
-557
-572
-860
-1049
-900
-1507
-1163
-1486
-1609
-1250
-1708
-1306
-1629
-1288
-1098
-1093
-674
-867
-460
-214
-94
-72
207
-147
501
165
369
443
93
547
166
656
272
585
288
630
486
468
647
-35
593
25
158
118
-442
-93
-251
-570
-23
-916
-233
-497
-546
-39
-776
227
-639
380
-282
283
347
74
977
34
1106
352
783
738
747
765
649
659
515
631
337
378
101
162
-214
112
-492
-12
-398
-415
-66
-683
-36
-523
-195
-199
-234
-193
-136
-200
-159
13
-312
9
2
-27
266
204
181
466
218
399
248
239
198
150
149
-17
293
18
243
212
118
320
171
28
106
-178
-166
-259
-526
-458
-325
-455
-277
-168
-405
158
-343
-153
-107
-695
-281
-756
-742
-663
-1062
-798
-783
-561
-567
-122
-308
123
768
91
1436
392
1267
1506
699
1746
648
1105
877
585
224
339
-360
-84
-126
-1025
-79
-1312
-841
-795
-1583
-821
-1475
-1442
-782
-1537
-554
-824
-648
397
-202
997
705
936
1324
1164
1438
1306
1048
995
930
599
724
31
193
-29
-184
38
-402
-242
-71
-230
-57
77
-371
347
-86
91
393
-261
382
68
224
133
76
197
-43
654
-338
525
242
-256
975
-628
436
134
-567
456
-624
-143
-127
-548
-389
-197
-634
-384
-305
-928
-159
-885
-667
-548
-1005
-537
-753
-683
-469
-347
-357
-20
28
176
434
526
670
889
916
942
1136
929
907
732
320
327
-81
-422
-451
-931
-750
-914
-907
-537
-558
-102
57
245
517
689
668
783
694
431
416
-67
-2
-433
-456
-693
-771
-570
-930
-221
-918
-64
-276
-356
553
-491
639
-67
-67
339
-548
-234
-713
-959
-1158
-1097
-1504
-1053
-741
-747
798
662
1877
2812
2758
4196
3674
4024
3853
2994
2991
1614
1171
38
-846
-1296
-2210
-2499
-2961
-3092
-3332
-2939
-3144
-2568
-2146
-1808
-593
-419
588
1294
1542
2172
2404
2023
2251
1649
1270
1172
177
138
-557
-843
-1023
-1314
-1499
-1654
-1572
-1801
-1269
-1662
-1181
-871
-974
36
-317
490
726
806
1482
1263
1606
1456
1536
1292
1415
998
748
799
-102
481
-489
-615
-543
-1430
-730
-1297
-1288
-998
-1151
-918
-579
-689
-466
-120
-377
114
-50
-110
181
-171
48
16
-361
-37
-314
-370
-68
-469
-249
-50
-340
118
30
-237
136
-345
-269
-353
-719
-624
-690
-720
-467
-333
-230
293
418
940
1200
1457
1961
1948
2239
2286
2131
2002
1729
1209
840
321
-283
-585
-1256
-1321
-1757
-1830
-1643
-1732
-1059
-979
-301
-34
436
879
763
1177
871
935
699
310
40
-307
-525
-993
-792
-1243
-1181
-703
-1195
-316
-279
-149
994
914
1584
2008
1931
2412
2581
2105
2265
1725
1039
1131
-69
-303
-769
-1696
-1444
-1964
-2284
-1715
-2123
-1767
-1192
-1318
-556
-306
-162
535
797
783
1247
1022
1166
1143
786
686
188
96
-256
-543
-684
-992
-1089
-970
-1116
-813
-903
-701
-538
-302
-84
-225
276
-190
384
58
36
223
-226
287
-351
133
-405
-252
-73
-448
362
-368
291
170
23
554
24
215
-6
-125
-231
-265
-461
-657
-291
-754
-428
-259
-893
-92
-483
-380
67
-467
145
148
82
366
288
50
327
-41
-268
-144
-828
-608
-713
-1088
-628
-879
-863
-388
-504
-55
162
198
688
915
972
1398
1446
1405
1797
1511
1596
1625
1260
1432
1096
967
881
576
535
275
192
125
-169
-147
-192
-312
-142
-384
-199
-190
-201
13
-88
223
11
264
136
210
303
-53
274
-301
3
-399
-705
-668
-1323
-889
-1525
-1487
-1322
-1475
-925
-961
-445
-239
90
479
791
1009
839
1230
813
969
744
119
410
-250
-141
-226
-759
-348
-514
-253
42
-106
450
427
655
1102
1035
1103
1055
1087
919
954
445
489
331
36
332
-177
200
-72
237
229
185
287
-69
234
-341
-263
-901
-1151
-1341
-1943
-1737
-2397
-2457
-1993
-2435
-1607
-1541
-1489
-221
-802
538
374
671
1237
706
1419
617
786
191
137
-339
-579
-726
-1240
-715
-1275
-724
-681
-580
1
108
434
776
901
1161
1203
1181
1245
961
803
586
449
44
7
-487
-373
-607
-776
-414
-836
-369
-524
-434
-250
-401
-158
-141
-228
-129
-184
-140
2
19
211
296
406
487
737
563
789
773
632
803
364
354
78
-298
-200
-713
-851
-771
-1020
-771
-692
-508
-16
374
477
1241
1237
1478
1926
1540
2032
1579
1445
1345
1017
770
429
146
-205
-405
-785
-952
-1193
-1185
-1127
-1016
-814
-350
-130
457
768
1062
1523
1359
1651
1684
1584
1432
1370
986
1078
840
344
513
-109
-129
-190
-680
-560
-561
-787
-439
-449
-617
-219
-664
-411
-166
-637
-377
-367
-356
-105
-90
-285
216
-103
24
167
-439
151
-673
-399
-563
-957
-838
-1116
-1262
-1268
-1099
-1747
-952
-1525
-1004
-736
-985
-134
-447
403
127
466
745
239
660
105
-158
-201
-854
-1013
-1084
-1562
-1628
-1617
-2049
-1622
-1617
-1635
-1069
-1128
-583
-221
-96
405
769
695
1117
1042
857
1106
540
526
437
-68
-60
-187
-513
-353
-431
-517
-286
-380
-240
64
-26
244
533
461
984
1019
1259
1485
1618
1702
1748
1737
1425
1463
980
891
631
324
190
79
-33
-96
-44
-219
172
163
423
804
870
1328
1679
1871
2074
2283
2248
2271
2274
1720
1623
1205
471
498
-357
-618
-715
-1416
-1206
-1317
-1621
-1125
-1116
-1084
-280
-566
-113
295
6
489
432
153
335
63
-335
-240
-799
-1083
-1206
-1602
-1758
-1494
-1781
-1601
-1125
-1336
-678
-388
-270
185
403
403
845
782
589
896
391
320
2
-316
-683
-974
-1275
-1674
-1570
-1969
-1495
-1526
-1162
-826
-668
28
-123
577
341
540
676
275
587
234
53
48
-280
-561
-350
-1062
-807
-806
-1259
-518
-914
-686
-154
-496
-3
210
-305
419
155
-185
570
-383
16
329
-482
340
108
-164
597
165
225
731
188
491
759
257
765
590
300
934
411
484
776
242
738
710
492
940
786
847
1110
893
863
1014
676
797
694
465
583
446
520
583
648
555
788
626
719
799
377
672
224
226
160
-287
-134
-462
-402
-373
-496
-318
-298
-135
68
168
326
375
483
475
442
375
226
182
16
-125
-264
-400
-562
-547
-660
-738
-684
-734
-633
-658
-610
-562
-508
-419
-453
-372
-461
-576
-678
-857
-1067
-1212
-1298
-1401
-1375
-1356
-1165
-916
-607
-271
146
329
630
855
790
1063
780
741
606
92
210
-301
-507
-429
-844
-645
-737
-902
-575
-599
-646
-195
-487
-314
4
-504
119
-167
-259
255
-172
56
268
-24
201
314
-78
402
192
102
608
222
474
649
382
645
731
409
801
744
441
1050
522
630
1031
288
837
689
197
769
277
163
408
-56
9
68
-316
-171
-207
-552
-212
-451
-472
-53
-337
15
256
171
560
599
600
909
751
720
864
542
585
437
136
155
-46
-222
-217
-362
-411
-371
-485
-378
-403
-379
-336
-342
-221
-282
-270
-385
-298
-324
-327
-287
-335
-233
-314
-222
-338
-246
-271
-286
-164
-248
-42
-7
29
154
207
246
232
266
239
213
137
4
117
-77
-41
-100
-241
-89
-300
-203
-286
-387
-381
-502
-561
-706
-790
-990
-950
-1179
-1174
-1131
-1358
-1086
-1185
-1035
-685
-609
-196
123
323
716
906
991
1238
1144
1062
1087
734
719
525
231
329
67
17
45
-80
-36
-60
-105
17
99
103
244
264
423
429
413
466
306
333
227
59
110
-27
8
170
95
349
453
374
676
618
677
858
653
751
740
625
657
608
401
529
334
194
334
-12
139
9
-162
-25
-189
-295
-263
-425
-508
-406
-726
-603
-630
-841
-662
-802
-796
-647
-743
-673
-549
-545
-429
-373
-323
-232
-53
-72
117
199
156
386
290
407
427
406
452
374
411
268
314
263
142
249
55
26
-31
-151
-154
-227
-237
-216
-146
-208
8
-40
4
116
66
237
155
167
178
132
119
144
88
136
106
40
123
-30
39
-30
-132
-78
-151
-148
-219
-237
-254
-264
-317
-302
-263
-334
-236
-278
-258
-264
-345
-290
-395
-382
-492
-525
-469
-604
-483
-491
-451
-313
-237
-109
35
105
210
398
282
484
510
496
581
532
559
526
483
381
408
294
242
273
233
195
376
251
281
355
125
261
64
-103
-48
-225
-374
-283
-513
-522
-466
-681
-416
-404
-424
-179
-99
-42
287
310
386
687
590
692
813
566
625
615
226
402
90
-118
65
-280
-152
-83
-267
-82
29
-101
50
-9
-104
16
-198
-252
-228
-412
-436
-455
-587
-552
-535
-539
-415
-352
-285
-156
-80
-23
106
86
102
151
86
119
77
24
62
48
-40
-50
-117
-239
-230
-356
-423
-386
-426
-405
-354
-299
-192
-57
49
177
278
358
398
474
531
550
584
556
547
592
591
547
558
466
455
385
277
284
231
232
207
166
194
232
270
324
276
235
231
245
186
157
142
-1
74
-68
-116
-173
-409
-354
-441
-500
-520
-508
-544
-476
-416
-416
-212
-200
-110
-30
-93
-54
-107
-104
-57
-129
-172
-262
-277
-301
-326
-335
-424
-294
-332
-316
-201
-227
-68
-52
-51
22
37
32
29
14
-16
28
-14
-9
14
-83
-3
2
-16
133
98
161
252
232
308
315
323
363
388
335
363
377
299
372
275
244
270
172
256
268
229
249
232
189
185
114
-23
-41
-171
-283
-314
-440
-455
-412
-474
-351
-316
-318
-149
-130
-36
39
16
60
104
88
85
89
27
36
2
-62
-32
-102
-114
-26
-82
-46
-17
-49
30
11
-37
2
-28
-66
-37
-78
-109
-87
-122
-96
-51
-79
1
25
12
42
-19
-44
-53
-109
-63
-70
-81
14
-11
53
97
85
163
213
248
314
362
372
457
422
398
328
222
172
-3
-119
-223
-310
-371
-468
-543
-560
-564
-517
-453
-424
-342
-221
-139
-52
55
159
287
348
339
374
384
368
417
384
407
427
401
434
389
389
319
271
228
110
90
-9
-113
-165
-244
-293
-364
-395
-431
-433
-425
-460
-372
-327
-251
-146
-92
-36
12
52
66
102
56
36
40
10
-11
-20
-15
-33
-11
-57
-70
-13
-43
-8
35
32
87
116
111
118
85
31
6
-13
27
75
82
109
134
146
150
112
48
39
-28
-94
-146
-240
-264
-347
-386
-390
-398
-391
-406
-374
-330
-278
-228
-142
-40
77
216
326
456
523
579
600
566
502
358
269
162
66
-12
-118
-158
-196
-251
-313
-323
-313
-352
-383
-394
-356
-288
-281
-244
-156
-115
-94
-85
-87
-59
-16
47
107
160
227
299
355
345
327
269
212
204
145
87
48
63
150
196
153
142
136
124
111
8
-56
-68
-61
-3
88
155
260
409
506
622
638
600
608
584
601
598
537
511
505
435
338
178
8
-72
-203
-301
-365
-469
-500
-495
-504
-501
-499
-479
-401
-353
-342
-351
-344
-346
-330
-338
-376
-372
-419
-406
-454
-526
-529
-532
-496
-442
-440
-396
-355
-344
-283
-345
-378
-358
-326
-261
-220
-181
-94
9
36
86
85
65
130
182
261
347
403
484
543
584
604
581
483
385
272
156
126
100
109
160
257
322
373
376
343
319
228
129
58
-7
-95
-109
-122
-102
-44
-73
-42
-2
25
125
165
192
238
255
254
243
183
64
-42
-202
-315
-413
-498
-539
-540
-515
-471
-385
-318
-210
-165
-106
-54
-60
-32
-19
45
95
119
180
222
236
228
263
317
374
417
446
481
506
524
448
333
202
89
11
-79
-132
-153
-99
-72
-46
-11
-76
-133
-245
-383
-474
-548
-569
-525
-454
-323
-210
-106
6
76
111
69
-4
-63
-132
-235
-291
-301
-265
-191
-105
-7
93
196
296
413
514
572
583
610
622
579
481
306
199
79
-85
-233
-344
-404
-392
-396
-413
-318
-245
-181
-146
-122
-117
-141
-197
-268
-306
-354
-358
-338
-273
-146
-5
146
357
582
743
855
875
873
799
644
491
338
211
89
16
-48
-115
-142
-210
-267
-285
-336
-330
-277
-230
-154
-70
3
107
178
170
117
41
-88
-276
-471
-619
-714
-739
-713
-607
-445
-307
-155
-49
40
124
155
162
231
314
382
471
552
603
598
476
322
166
-40
-230
-369
-451
-468
-411
-360
-286
-253
-284
-310
-389
-476
-507
-492
