SAMPLES:	17481
BITSPERSAMPLE:	16
CHANNELS:	1
SAMPLERATE:	16000
NORMALIZED:	FALSE
-84
-173
-258
-332
-389
-445
-508
-539
-545
-532
-512
-469
-414
-325
-216
-116
-11
94
231
369
504
632
736
815
877
913
941
945
929
894
819
727
631
551
442
334
244
147
47
-21
-68
-118
-191
-240
-259
-274
-268
-223
-183
-130
-60
-10
53
108
159
191
210
218
214
221
215
219
204
165
123
96
86
45
4
-43
-98
-143
-146
-134
-124
-97
-103
-87
-99
-101
-106
-115
-126
-174
-190
-232
-256
-286
-309
-318
-346
-366
-399
-411
-397
-374
-355
-344
-315
-277
-248
-221
-191
-189
-186
-176
-144
-102
-83
-48
6
49
107
160
226
287
325
346
330
321
293
288
260
210
154
79
12
-46
-91
-124
-149
-163
-160
-171
-172
-185
-144
-80
-18
63
143
216
251
264
324
382
404
408
367
320
265
199
152
112
63
31
-11
-80
-119
-126
-147
-152
-157
-150
-134
-134
-127
-99
-65
-43
-24
17
58
74
62
47
42
-2
-59
-131
-183
-208
-254
-272
-281
-277
-271
-274
-256
-235
-199
-160
-121
-57
-13
16
67
113
151
164
192
230
262
294
267
256
250
204
180
169
154
131
72
-9
-77
-131
-155
-174
-181
-163
-129
-126
-152
-169
-155
-121
-113
-71
-17
12
56
118
163
220
297
388
448
462
486
508
504
495
464
442
396
341
276
191
138
84
45
8
-11
-46
-74
-93
-111
-81
-78
-100
-123
-137
-105
-94
-80
-89
-103
-123
-150
-159
-174
-177
-199
-253
-290
-315
-348
-401
-465
-497
-509
-518
-527
-530
-527
-525
-538
-531
-498
-440
-368
-318
-287
-227
-156
-82
-23
40
94
137
192
228
236
235
249
241
209
168
141
126
108
71
62
59
44
54
88
89
86
69
58
88
86
83
82
95
124
164
215
257
286
311
313
302
280
247
239
234
214
166
107
61
30
44
68
89
107
124
127
115
114
126
146
145
156
169
161
126
90
73
55
15
-36
-80
-127
-172
-218
-261
-299
-312
-319
-327
-321
-292
-271
-279
-275
-256
-222
-210
-198
-151
-118
-92
-53
5
69
123
167
203
232
237
255
260
246
220
208
181
140
109
87
71
34
21
9
-20
-68
-124
-169
-197
-215
-239
-264
-256
-248
-226
-184
-151
-83
1
61
84
117
149
161
191
185
180
182
148
137
123
114
105
82
39
14
11
-8
-18
-35
-57
-63
-57
-77
-87
-92
-96
-103
-117
-119
-116
-120
-127
-108
-93
-68
-59
-51
-30
3
16
-9
0
4
16
18
30
36
19
19
2
8
13
25
39
27
25
61
99
106
115
124
144
137
118
96
84
64
33
8
-30
-39
-71
-89
-115
-157
-195
-236
-263
-293
-324
-323
-291
-260
-222
-188
-144
-75
-10
68
134
177
223
263
307
341
370
370
348
292
249
262
259
249
208
157
115
66
43
27
2
-38
-77
-143
-224
-271
-305
-307
-297
-269
-264
-263
-235
-209
-178
-119
-37
-3
24
37
46
46
18
16
-4
-16
-18
-37
-45
-63
-94
-110
-119
-99
-72
-63
-34
-5
2
21
36
53
110
137
170
189
186
179
170
182
187
192
168
126
61
-9
-66
-108
-127
-134
-163
-203
-195
-181
-143
-87
-37
-10
21
65
106
156
199
257
287
300
325
392
457
502
530
490
412
318
209
95
-8
-113
-205
-297
-393
-459
-518
-563
-572
-557
-548
-559
-560
-559
-566
-525
-432
-318
-207
-123
-21
47
82
139
168
190
182
211
258
270
262
226
185
134
119
103
89
74
41
14
-46
-66
-66
-55
-36
-19
10
15
2
2
11
43
80
123
121
123
134
147
152
132
106
54
37
17
33
65
104
127
104
92
116
162
183
215
238
223
192
162
164
161
162
179
203
200
195
187
155
108
87
82
51
29
-2
-42
-110
-157
-196
-230
-256
-276
-310
-355
-395
-458
-495
-488
-451
-402
-371
-367
-346
-301
-257
-215
-157
-101
-55
-7
16
27
54
84
88
80
97
115
161
161
146
144
99
67
30
0
0
10
21
5
12
26
41
67
115
174
207
231
227
220
198
182
187
186
156
110
89
48
11
-27
-64
-86
-79
-29
11
31
22
8
12
49
112
185
242
276
286
263
247
248
254
250
211
172
132
68
10
-32
-48
-75
-123
-160
-201
-239
-262
-291
-313
-319
-317
-320
-315
-278
-253
-217
-184
-153
-108
-64
-22
29
87
98
95
119
132
145
149
176
204
183
153
104
50
-23
-79
-139
-185
-202
-236
-282
-354
-407
-408
-375
-336
-280
-225
-194
-149
-93
-41
11
51
96
121
150
184
212
226
232
203
177
221
238
234
228
200
174
122
97
132
142
109
91
94
86
61
41
47
44
51
31
23
19
14
-10
-59
-76
-102
-147
-187
-201
-205
-233
-279
-314
-321
-313
-305
-281
-235
-186
-154
-135
-126
-88
-33
32
96
186
300
351
347
332
343
380
420
436
421
388
313
215
131
67
22
-25
-63
-114
-170
-219
-256
-251
-249
-228
-194
-167
-144
-127
-103
-73
-40
-23
16
51
89
120
147
135
126
118
122
125
119
111
82
51
8
-13
-44
-52
-62
-79
-86
-74
-65
-48
-15
7
47
80
103
152
194
217
226
230
240
245
273
271
226
175
110
41
-23
-79
-117
-153
-184
-202
-217
-221
-229
-237
-265
-248
-206
-164
-120
-83
-30
1
49
87
142
224
289
302
295
285
232
195
153
99
50
7
-54
-138
-181
-194
-242
-285
-305
-329
-317
-319
-319
-312
-309
-303
-308
-303
-273
-211
-177
-172
-162
-129
-125
-108
-105
-89
-73
-91
-92
-104
-124
-129
-114
-90
-73
-59
-53
-65
-55
-35
-9
12
32
60
101
147
179
200
213
262
297
340
365
357
342
298
265
227
198
177
159
137
100
66
18
-45
-94
-102
-65
-29
-13
12
60
64
83
140
220
288
314
358
382
385
379
356
318
288
255
238
202
158
115
64
24
-23
-79
-120
-156
-176
-176
-194
-208
-237
-250
-248
-229
-206
-177
-158
-163
-164
-170
-191
-171
-130
-100
-60
-41
-37
-67
-119
-178
-218
-249
-263
-263
-264
-267
-254
-223
-201
-149
-64
14
79
121
144
153
163
191
208
202
195
196
186
176
181
188
168
158
128
61
-12
-90
-194
-272
-335
-389
-436
-488
-479
-445
-405
-381
-318
-207
-96
19
150
291
391
446
495
531
552
562
543
492
408
298
190
101
21
-44
-111
-188
-284
-343
-384
-408
-406
-381
-362
-340
-299
-281
-249
-199
-134
-93
-61
-18
34
75
86
63
41
5
-58
-90
-126
-135
-121
-113
-136
-155
-139
-98
-33
48
111
179
236
244
273
295
330
354
380
396
375
364
367
382
382
403
411
402
405
390
353
290
247
153
41
-49
-116
-164
-223
-270
-336
-376
-372
-349
-317
-267
-229
-176
-157
-135
-67
-4
51
95
125
150
138
117
138
155
183
203
199
159
114
70
-6
-68
-117
-184
-224
-259
-255
-281
-339
-375
-439
-497
-528
-521
-499
-467
-469
-470
-459
-430
-403
-390
-356
-311
-241
-210
-168
-91
-4
65
118
184
270
353
415
487
524
551
585
620
636
638
655
632
601
578
556
515
451
400
379
334
282
224
146
64
7
-25
-69
-126
-159
-207
-257
-284
-284
-266
-252
-225
-192
-135
-102
-68
-33
20
58
81
126
135
146
144
119
86
79
66
43
29
-4
-46
-104
-191
-239
-281
-335
-380
-417
-452
-481
-496
-488
-466
-438
-404
-370
-304
-262
-242
-219
-185
-157
-137
-118
-115
-97
-89
-88
-88
-57
-24
42
103
128
193
221
235
267
293
357
389
393
425
405
361
320
284
277
252
190
154
101
39
17
-53
-85
-80
-89
-66
-65
-56
-49
-62
-47
-24
-44
-62
-69
-64
-52
-43
-26
-28
-58
-83
-78
-49
-39
-30
-19
-4
21
45
80
108
163
204
235
249
267
267
268
264
221
172
107
48
-30
-86
-124
-171
-196
-217
-250
-265
-290
-316
-327
-349
-357
-346
-308
-273
-233
-208
-201
-174
-111
-37
37
99
149
184
237
290
327
364
385
385
366
340
281
230
156
88
33
-12
-27
-44
-34
-46
-49
-55
-75
-61
-24
32
49
71
106
151
186
204
246
289
330
356
379
376
371
338
267
203
147
92
2
-108
-185
-247
-316
-384
-423
-411
-385
-367
-346
-312
-279
-238
-214
-176
-163
-156
-155
-161
-174
-187
-191
-205
-217
-213
-201
-211
-215
-211
-187
-148
-129
-117
-89
-69
-37
-17
-2
30
56
88
115
143
182
205
194
181
172
141
123
107
84
40
16
-18
-53
-79
-87
-65
-58
-37
-39
-28
-14
-9
12
38
74
134
176
202
238
285
333
331
334
347
336
306
274
240
202
155
73
-7
-81
-155
-217
-270
-292
-298
-314
-313
-288
-232
-149
-74
9
55
64
83
90
98
110
131
137
119
88
79
83
90
98
92
92
84
109
126
111
120
152
178
196
199
188
172
148
133
110
125
146
182
202
191
159
121
66
2
-54
-102
-137
-193
-219
-256
-310
-360
-378
-361
-335
-314
-305
-302
-316
-328
-352
-341
-335
-328
-336
-379
-404
-399
-362
-316
-268
-205
-141
-99
-79
-49
-23
-20
-21
-36
-34
-17
4
19
52
106
154
197
267
324
396
468
484
477
457
429
393
339
264
199
134
80
49
24
-2
-26
-34
-45
-61
-43
-26
-29
-46
-54
-48
-67
-96
-117
-104
-92
-95
-101
-108
-81
-38
28
69
119
152
161
178
183
233
266
268
258
221
169
100
62
48
41
42
43
37
3
-37
-72
-91
-109
-102
-106
-117
-100
-88
-76
-62
-40
-14
2
-2
-21
-45
-100
-155
-189
-200
-197
-207
-212
-216
-246
-271
-257
-229
-190
-173
-131
-83
-29
18
38
75
91
102
160
206
228
257
256
241
212
196
192
189
155
149
126
64
-1
-68
-116
-165
-209
-248
-266
-273
-271
-265
-266
-253
-233
-208
-152
-96
-49
-13
48
116
178
228
255
277
271
263
255
234
201
160
125
81
44
38
39
36
5
-34
-60
-52
-10
35
58
41
33
39
29
15
11
36
47
49
35
-11
-43
-67
-91
-112
-109
-110
-140
-168
-182
-171
-170
-176
-159
-142
-123
-108
-74
-57
-38
-2
14
27
34
41
29
37
34
47
70
91
123
130
145
167
173
158
129
134
147
117
78
51
-5
-32
-39
-89
-112
-116
-101
-111
-67
-15
-2
-9
-10
25
48
82
125
157
138
110
73
18
4
-10
-25
-24
-2
23
4
-18
-66
-121
-161
-195
-243
-291
-356
-391
-387
-385
-366
-345
-301
-259
-238
-211
-174
-122
-68
-3
58
101
136
161
181
190
181
146
109
93
90
84
71
60
38
14
-13
4
48
59
76
94
118
149
191
257
299
301
296
299
305
310
305
300
248
165
114
62
32
-8
-58
-91
-86
-84
-91
-90
-86
-54
-53
-61
-78
-70
-13
38
69
73
66
40
7
-12
-29
-52
-57
-45
-54
-79
-110
-137
-183
-210
-178
-148
-111
-83
-81
-65
-68
-71
-52
-37
-36
-22
6
10
55
89
110
141
176
232
258
262
216
179
142
96
57
-6
-58
-125
-205
-299
-339
-366
-370
-319
-271
-223
-177
-119
-62
1
58
117
184
224
229
250
271
231
180
130
82
38
-26
-48
-66
-88
-115
-157
-198
-227
-213
-205
-194
-175
-145
-145
-169
-195
-202
-195
-197
-194
-185
-195
-195
-177
-131
-86
-41
10
6
11
52
119
164
194
222
244
261
297
320
327
323
300
280
256
252
215
169
123
78
51
20
-1
-11
-17
-31
-62
-96
-149
-198
-244
-292
-339
-386
-406
-426
-447
-443
-428
-399
-357
-291
-181
-57
69
171
259
350
451
546
600
647
694
710
706
678
644
609
562
536
510
442
365
304
204
104
19
-29
-52
-64
-87
-133
-181
-254
-316
-376
-398
-390
-396
-425
-442
-418
-398
-371
-333
-290
-217
-163
-100
-11
55
82
121
153
183
205
202
201
194
182
143
101
75
43
-5
-50
-120
-189
-253
-314
-331
-344
-385
-419
-417
-402
-398
-382
-372
-334
-304
-263
-212
-165
-124
-82
-26
33
109
152
202
260
314
331
337
344
337
353
352
350
341
297
213
121
22
-79
-163
-210
-223
-238
-250
-254
-240
-229
-205
-169
-110
-34
9
40
40
19
-9
-16
-6
-13
4
12
8
6
8
24
75
129
152
177
198
225
239
216
218
242
267
282
278
285
296
301
291
301
326
358
372
362
352
343
304
251
202
141
75
26
-14
-58
-106
-162
-205
-234
-246
-247
-240
-214
-207
-187
-176
-182
-139
-101
-70
-49
-41
-47
-51
-60
-111
-151
-194
-246
-297
-353
-412
-487
-559
-607
-609
-580
-562
-503
-434
-369
-297
-249
-186
-104
-11
76
153
186
190
195
189
187
177
170
166
163
162
157
120
108
109
115
118
105
131
145
126
105
100
105
100
129
179
235
289
304
302
281
254
235
209
190
192
181
153
141
119
90
55
38
28
18
-1
-3
-3
-35
-52
-74
-105
-131
-148
-151
-159
-162
-160
-169
-163
-155
-153
-175
-203
-199
-190
-175
-171
-151
-138
-139
-104
-50
-3
37
94
159
223
280
316
351
374
350
317
289
275
255
190
127
31
-60
-133
-190
-217
-241
-223
-175
-134
-97
-68
-50
-57
-98
-135
-185
-216
-261
-282
-299
-335
-361
-380
-374
-364
-347
-339
-320
-291
-251
-189
-126
-34
48
133
208
271
343
370
409
445
460
467
449
405
355
301
241
197
134
79
33
-14
-37
-52
-37
-16
20
51
94
141
199
246
289
319
311
286
258
251
205
152
69
4
-73
-188
-269
-341
-364
-356
-327
-289
-269
-256
-238
-199
-140
-82
-24
59
125
192
251
283
313
309
264
197
102
12
-90
-189
-253
-305
-345
-373
-382
-366
-349
-360
-347
-324
-282
-218
-156
-93
-37
26
92
186
256
304
340
346
342
312
282
239
209
178
128
43
-78
-183
-275
-370
-452
-491
-511
-536
-523
-452
-369
-267
-178
-102
8
104
179
233
274
337
337
355
374
383
369
281
224
159
63
-67
-152
-201
-230
-247
-236
-174
-114
-42
13
70
151
212
254
303
336
370
382
381
382
335
260
189
101
-23
-139
-240
-316
-366
-406
-430
-416
-406
-366
-322
-276
-194
-142
-77
-7
79
187
255
288
326
383
417
448
454
428
389
306
219
131
26
-86
-185
-241
-274
-299
-318
-326
-306
-272
-238
-205
-181
-100
-34
6
85
134
204
219
210
234
219
175
114
44
-29
-53
-146
-175
-160
-188
-114
-136
-141
-102
-117
-74
-29
56
203
351
457
513
519
508
498
433
357
236
87
-40
-219
-373
-490
-572
-613
-623
-614
-595
-540
-507
-446
-362
-293
-217
-125
-12
90
176
240
315
371
395
376
329
283
227
205
159
115
103
52
-18
-98
-205
-289
-357
-426
-451
-475
-473
-430
-417
-372
-278
-226
-197
-126
-112
-78
-30
-7
57
91
148
223
266
288
326
376
485
564
587
673
652
640
630
454
381
305
172
130
7
-32
-6
-109
-153
-132
-187
-155
-136
-221
-187
-226
-289
-269
-306
-301
-240
-246
-183
-87
-32
98
169
248
363
365
375
402
355
318
236
130
114
49
-38
-91
-214
-235
-249
-322
-267
-226
-235
-145
-101
-74
-10
-69
-49
-7
-28
25
36
39
144
172
191
239
193
195
169
82
96
71
-22
-39
-146
-224
-193
-291
-251
-195
-216
-114
-75
-13
56
38
-7
-24
-89
-115
-153
-222
-192
-224
-222
-221
-227
-214
-234
-228
-170
-165
-122
-25
-28
11
-13
-126
-132
-149
-204
-186
-221
-255
-214
-234
-204
-181
-205
-149
-132
-119
-49
7
21
68
94
130
123
101
147
117
162
215
219
282
279
219
257
222
209
286
230
277
355
292
348
354
258
339
284
218
278
226
230
274
214
196
216
109
132
147
131
240
231
299
402
394
433
415
303
290
213
51
33
-44
-122
-102
-217
-258
-276
-400
-373
-398
-432
-382
-363
-316
-260
-222
-178
-73
-49
19
94
78
168
138
84
110
81
16
-44
-172
-214
-236
-376
-398
-454
-510
-440
-524
-557
-392
-445
-377
-267
-303
-118
-43
-85
50
74
15
47
-30
-13
100
44
87
109
84
183
49
-7
-24
-131
-87
-123
-147
-52
-203
-284
-284
-414
-276
-264
-291
-55
69
106
340
435
494
630
376
378
444
229
296
281
228
413
266
176
380
347
421
406
241
340
283
147
100
-8
-32
-59
-122
12
173
169
366
379
459
598
431
546
528
353
327
185
78
208
5
-190
-244
-591
-651
-779
-981
-828
-876
-944
-842
-1017
-917
-929
-1267
-1078
-1006
-959
-640
-440
-74
370
369
426
638
646
720
522
353
374
191
-141
-511
-629
-542
-671
-827
-597
-364
-8
346
309
766
1014
856
1191
1223
1336
1683
1495
1386
1557
1134
709
554
11
-19
-213
-656
-423
-224
-252
-224
-135
-94
-88
-300
-506
-403
-187
-368
-322
-36
-62
189
219
2
188
122
-403
-268
-335
-469
-279
-633
-444
-171
-530
-473
-119
-114
368
244
349
785
420
428
-200
-663
-925
-1580
-1844
-1639
-1692
-1370
-941
-755
235
415
476
1084
1218
1495
1663
1167
1448
1680
1062
997
651
286
179
-639
-1141
-1116
-1596
-1757
-1664
-1714
-1128
-1052
-1137
-675
-423
-162
100
390
1044
1642
1889
2195
2142
2193
2059
1475
1248
746
153
-265
-1067
-1462
-1476
-1884
-1615
-1333
-1366
-755
-665
-598
131
185
548
1084
1077
1788
2372
2286
2767
2750
2043
1943
823
73
-241
-1465
-1939
-2332
-2700
-2298
-2177
-2115
-1422
-1473
-1293
-983
-1079
-506
-455
-468
120
367
883
1576
1424
1810
1564
434
37
-820
-1594
-2093
-2993
-3333
-3045
-2896
-2351
-1747
-1456
-1227
-1354
-1534
-1841
-2256
-2713
-3171
-2726
-1562
-89
2807
6832
9616
11842
12230
11700
11957
9262
5452
1855
-1764
-3756
-5405
-7197
-6624
-5355
-4979
-3779
-3426
-2920
-2170
-3174
-3501
-3037
-3011
-1996
-567
1587
5001
7052
8061
9118
9220
8668
7002
4039
1637
-726
-3019
-4213
-5239
-5382
-5060
-5121
-4301
-3384
-2991
-2445
-2286
-2003
-1176
-1048
-529
778
1747
3004
3950
4328
4946
4885
3927
2938
1402
-511
-2319
-4022
-4981
-5380
-5718
-5840
-5581
-4932
-4167
-3410
-2657
-2063
-1206
-288
608
1728
2634
3227
3866
4304
4380
4234
3393
2478
1699
551
-470
-1332
-2133
-2333
-2351
-2385
-2033
-1684
-1237
-622
-199
118
340
312
388
544
529
431
236
359
711
1012
1233
1342
1495
1573
1425
1047
678
328
35
-270
-520
-436
-251
-53
190
500
825
1021
936
733
595
204
-343
-882
-1262
-1271
-1068
-815
-373
238
816
1318
1512
1306
1006
453
-233
-670
-1083
-1325
-1318
-1184
-944
-670
-649
-638
-706
-1085
-1329
-1482
-1467
-1098
-621
-37
812
1578
2166
2695
3029
3034
2720
2044
1282
701
116
-445
-833
-918
-854
-602
-333
-126
130
99
-104
-301
-600
-882
-963
-988
-703
-253
46
422
756
941
923
617
165
-187
-557
-888
-1039
-1032
-843
-642
-375
-16
172
173
119
116
121
-8
-384
-576
-481
-490
-498
-623
-683
-557
-683
-841
-864
-793
-564
-444
-337
-27
265
522
785
1001
1268
1395
1392
1387
1227
1023
707
283
10
-242
-485
-562
-752
-852
-818
-884
-810
-767
-812
-734
-513
-381
-243
-123
-79
140
222
158
161
165
241
207
95
103
33
66
112
-2
103
184
0
70
101
44
258
96
91
334
229
327
299
282
543
650
767
996
1098
1243
1281
1070
999
738
467
257
32
-119
-373
-593
-696
-910
-950
-1124
-1204
-926
-766
-403
-120
54
442
509
387
544
336
320
286
3
162
168
78
191
116
50
136
-183
-319
-253
-499
-488
-595
-673
-342
-139
89
397
648
897
1100
1146
1189
1207
910
666
343
-72
-267
-786
-1045
-1259
-1580
-1567
-1887
-1888
-1877
-1890
-1605
-1331
-885
-280
82
491
1054
914
1064
861
436
479
-49
-100
-215
-259
-53
-129
50
92
25
104
101
224
375
296
565
668
834
793
481
464
303
94
-172
-399
-618
-638
-866
-910
-1031
-973
-902
-1175
-510
-727
-604
71
-383
353
743
405
1458
1419
1487
2295
1645
1743
1783
755
793
97
-765
-560
-1443
-1241
-799
-1110
2
-51
74
803
85
419
178
-566
-63
-612
-595
202
-202
786
1066
640
1605
889
784
833
-274
-92
-611
-1158
-831
-1206
-952
-659
-713
-139
-125
21
356
79
514
321
148
659
186
579
681
315
997
447
574
921
194
729
150
-240
175
-614
-303
-346
-966
-20
-649
-603
312
-734
654
492
-67
1257
112
565
714
-407
70
-599
-1238
-828
-1537
-1338
-1341
-1957
-1354
-2047
-1940
-1865
-2617
-1850
-1754
-1510
-427
-110
648
1631
1500
2066
2112
1236
1388
568
142
355
-573
-291
-173
-188
554
259
506
392
301
-63
-544
-382
-705
38
137
672
1286
1627
1878
1745
1584
572
470
-692
-674
-1015
-1427
-673
-1064
179
71
470
981
595
1099
744
458
644
536
262
972
689
1138
1705
976
1262
755
234
-51
-937
-1677
-1779
-1978
-1702
-1249
-1035
-57
310
1138
1783
2297
2381
2041
1501
408
20
-1349
-2379
-2935
-3621
-3656
-3422
-3268
-2352
-1428
-1269
-490
-330
105
888
1083
1915
2588
3073
3786
3978
4509
4726
3974
3247
1810
462
-659
-2439
-3639
-4402
-4832
-4572
-4420
-3670
-2311
-1221
37
638
1165
1988
2013
2218
2085
1721
1707
1287
908
783
504
2
-474
-1117
-1521
-1817
-2169
-2583
-2754
-2444
-2339
-1421
-901
-443
690
720
1216
1515
916
1079
887
353
468
-153
-433
-181
-560
-554
-867
-1270
-939
-1009
-789
-39
98
1283
1738
2021
2805
2416
2887
2605
1698
1051
-285
-1297
-1736
-2515
-3142
-3638
-4531
-4283
-4336
-4362
-3493
-3175
-1853
-376
1367
4750
9524
12908
15006
15680
14807
14945
12306
7081
2124
-3254
-7049
-9804
-13046
-13465
-12086
-10889
-8951
-7601
-6359
-4473
-4371
-4395
-3607
-3522
-1902
-59
2475
6815
9560
11172
12408
12119
11129
8650
3887
-186
-3749
-7149
-9154
-10638
-10802
-9736
-8448
-6790
-4777
-3111
-1701
-531
947
2721
3951
5192
6060
7421
8789
8940
8051
6900
5229
3616
1728
-1465
-3103
-4829
-5886
-5722
-6305
-6060
-5262
-5336
-4735
-4069
-4163
-2924
-2497
-1593
543
1857
3409
4967
5665
6664
6941
5808
4969
3269
1682
582
-1124
-2382
-2959
-3353
-3079
-2639
-2724
-2343
-1907
-1334
-1220
-969
-759
-438
688
677
680
806
371
547
917
770
1232
1901
2353
3610
4208
3853
3636
2497
1174
-423
-2570
-4429
-6186
-7307
-8256
-8196
-7550
-6443
-4481
-3006
-1477
-320
-495
243
130
-122
819
1495
3375
6783
11031
15156
18747
18883
18145
16460
12326
7505
608
-5653
-9877
-13090
-15150
-15499
-14265
-11645
-8813
-6660
-5000
-3986
-3199
-2291
-1436
-383
1042
2642
5437
8969
11729
13485
13710
12331
10609
7637
3341
-697
-4964
-8315
-9754
-11240
-11596
-10513
-9608
-7353
-5100
-4145
-2936
-2312
-2156
-1299
-801
-519
665
1753
3500
5556
6095
6545
6551
5711
4978
2911
448
-1716
-4016
-5131
-5951
-6361
-6074
-6448
-5672
-4579
-3491
-1482
-1320
700
2586
3310
5214
5638
4485
6291
5095
3318
4984
977
1455
1589
-861
1137
-347
-1839
-376
-1621
-1976
-1558
-3771
-2644
-2595
-2872
-1850
-2232
-616
689
957
2342
2533
1763
2208
1017
713
695
-483
-757
-625
-263
-368
-480
-957
-1373
-1222
-1989
-3093
-2861
-3050
-1979
54
945
3072
4874
5750
7012
6108
4316
2470
-779
-1880
-3112
-4358
-3609
-3886
-3015
-615
-641
112
-104
-1233
-712
-1176
-595
-757
135
1232
1514
4077
5035
6257
11777
12949
14362
15260
10462
10583
8492
2112
-1432
-6839
-11060
-10557
-12739
-12535
-9422
-9359
-6593
-4366
-3869
-1720
-2353
-3173
-2270
-3099
-2775
-2502
-2246
1290
3831
4980
6246
5774
5236
4491
1818
-1284
-3994
-6344
-7609
-7423
-7095
-6581
-4923
-3098
-770
2082
3165
3537
4447
4226
4287
3830
2150
1692
1646
1563
1317
702
-42
-719
-1510
-2740
-4305
-5609
-5319
-5060
-3258
-208
81
3153
4065
3915
6647
4270
3614
2886
400
953
259
-1115
-911
-975
-53
1106
1024
1885
1507
1920
2058
627
262
-1164
-2817
-2388
-2530
-2817
-1689
-2183
-1716
-499
-888
-1160
-1102
-1751
-1789
-1260
-1879
-2127
-1801
-1811
-1165
58
644
2122
3872
5056
5755
5776
5222
4135
3256
1299
-323
-1718
-3536
-4375
-5023
-4449
-4055
-2872
-1666
-894
1239
769
548
-196
-1053
-510
-1425
-1404
-758
883
3628
4972
5277
4688
3436
2604
2157
5210
6685
7445
7426
5852
8270
7426
3752
-212
-4724
-6782
-7802
-10707
-10519
-7547
-5516
-2320
-716
1158
3875
4232
3362
2147
-53
-2082
-4165
-4848
-2801
-1222
180
1603
3632
6009
6181
3914
1419
-698
-2425
-4572
-7632
-8852
-8563
-7295
-5631
-4231
-2096
-786
487
1803
1189
1325
-382
-2696
-1876
-1848
-513
1504
1560
4224
6099
5561
5663
3312
1458
242
-2090
-3324
-3735
-3917
-658
-382
334
2050
-896
2454
1467
-521
1269
-1246
-304
1806
573
2778
4430
3479
5729
4350
3666
3541
1037
151
-1582
-3569
-4500
-5990
-6256
-4601
-4850
-3722
-3342
-3535
-2160
-1455
-1005
-930
-78
305
1475
2806
2651
3212
3483
3011
3108
2589
1538
956
-57
-1474
-1755
-1607
-2045
-1032
-304
-314
776
285
-397
115
-1050
-1304
-1443
-2169
-68
120
472
1930
1556
2887
3348
1825
2231
2432
1471
1540
26
-426
305
-635
-993
1290
4698
6933
8328
7168
6900
8151
5869
2333
-326
-3642
-4878
-6181
-7698
-5915
-4686
-4229
-3687
-2928
-1748
-1592
-3538
-5286
-5569
-6263
-6524
-6996
-4654
-565
2266
5401
7241
9242
10781
9214
6186
3430
281
-2619
-5016
-7495
-7942
-8154
-8105
-5930
-4209
-1964
-514
-370
1734
3006
3480
3952
2656
3631
4589
4529
5296
4709
4669
4789
3586
2917
1873
-1016
208
-4106
-3826
-3504
-8761
-4705
-7606
-7470
-3741
-5922
-3781
-155
-1166
3215
4900
3715
8797
7598
9329
9716
6586
6515
3253
984
-1266
-5221
-6510
-6782
-7859
-6126
-5458
-5060
-2378
-1665
-602
798
468
244
96
-94
-443
-730
-1293
-2425
-1427
-839
-819
776
1175
1873
3623
3252
2692
2977
1401
211
-571
-2720
-3323
-3860
-4323
-3126
-2401
-1133
315
973
1924
2008
713
332
-831
-1849
-1343
-2169
-1706
-135
386
2390
4299
4673
5519
5596
5883
6842
9663
10237
10134
10652
7840
6923
4812
108
-3028
-6228
-10326
-11515
-13024
-13226
-10250
-8293
-5464
-2324
-17
2021
3717
4527
4207
3156
1948
159
216
601
798
1721
2235
3234
3758
3791
2273
660
-1559
-3801
-5479
-6965
-7642
-7430
-6221
-4628
-1574
412
2709
4519
5082
6217
5313
4704
4141
2168
1949
249
-1235
-1394
-2333
-2012
-2245
-2430
-2374
-1773
-1025
1541
318
1924
840
-1373
945
-3561
-3537
-4675
-7572
-5954
-5708
-6361
-2572
-2142
-818
3109
2783
5992
6856
6601
6890
5734
4435
3221
1312
247
-350
-1626
-1364
-1972
-1302
-807
-559
-998
-1451
-1761
-2920
-3091
-4476
-5141
-4663
-4657
-3912
-2821
-1943
-416
2132
3908
5488
7500
7193
8097
8518
7582
6700
4332
1580
-393
-2120
-4501
-5114
-6227
-5419
-3969
-3181
-1664
-1157
-457
-426
-573
-1516
-2128
-2454
-2626
-1151
-51
1013
3134
3877
4828
6191
5242
5421
7652
8309
9518
9614
6489
6257
4700
888
-1424
-5590
-8693
-9009
-10464
-10427
-8127
-7307
-5551
-3132
-2507
-1158
-191
-1071
-815
-834
-1921
-1549
-1377
-402
2252
2953
3965
5433
5704
6353
5472
2870
1212
-853
-2595
-3651
-5530
-5926
-5620
-4939
-3151
-1672
-597
878
2110
3093
4021
3690
3387
3033
2768
2640
1985
1173
1267
961
645
1139
-584
-359
-832
-2136
-1634
-2992
-4247
-4063
-5545
-5946
-5309
-6519
-5243
-4392
-3506
-1284
349
2212
4221
5663
6953
7719
7755
7569
5961
4511
2420
237
-1506
-3288
-4541
-5324
-5140
-4718
-3828
-2205
-1766
-1084
-154
-986
-679
-1124
-2421
-1795
-1691
-2028
-980
-904
-586
1358
2147
3880
5662
6540
7964
8169
7590
6481
3803
1664
-958
-3948
-5611
-7651
-8611
-7214
-6459
-4690
-2454
-2389
-63
597
351
343
-1071
-1383
-1326
-730
237
2094
4199
6696
7743
9213
9939
10486
13135
12474
12229
10480
6614
4253
629
-3971
-7446
-10734
-12626
-12545
-12767
-11229
-9124
-7029
-4024
-1879
-72
1465
1440
2284
2932
1905
2050
1097
230
2495
2626
2192
3694
2543
2522
4185
1236
-621
-1593
-5800
-6229
-7543
-10564
-9647
-9142
-7852
-3799
-1764
416
3571
4815
6812
7471
6636
6182
5603
4673
4476
2775
969
1015
-1144
-1412
-1748
-3478
-3103
-777
-2058
-146
875
-2987
275
-2469
-5080
-4360
-8019
-8144
-5483
-5909
-3077
488
1194
5527
6728
7745
8128
7277
6623
4941
3461
1008
-832
-1951
-2166
-3025
-3308
-3209
-3073
-1946
-799
-675
-883
-516
-1660
-2071
-2299
-4133
-4311
-3717
-3710
-1844
-3
755
3170
5288
6232
7938
8740
7861
8392
7420
4883
3488
1078
-1584
-3192
-5122
-7199
-6827
-6175
-5015
-2876
-1106
275
1334
2121
1395
567
-690
-2692
-3595
-3903
-4344
-3756
-1963
-573
1413
3252
4516
5816
8745
10861
11094
12675
10086
8304
7445
2457
-1003
-4354
-8742
-9249
-9506
-10451
-7741
-5831
-3377
231
1535
2385
2593
1641
1115
-900
-2748
-3797
-5291
-3853
-2156
-1495
1367
3004
3768
6419
5595
3953
3338
-217
-2778
-4389
-7869
-9258
-8698
-8915
-6311
-3171
-1568
2168
4934
6282
8162
7748
6693
6141
4222
3411
1433
-410
-665
-1870
-1516
-1331
-2532
-918
-142
-926
2015
-312
-446
324
-3065
-2304
-3996
-6353
-5455
-6153
-5821
-3463
-3614
-576
1418
3111
6527
6692
8273
9416
8174
8019
5996
2203
1527
-1968
-4686
-5084
-7830
-7557
-6346
-6168
-4127
-2582
-2432
-1222
-1210
-1849
-2263
-3356
-3882
-3699
-3002
-2017
-694
892
2950
4886
6504
7637
8364
8407
8207
6567
4512
2821
-381
-2074
-3389
-5554
-6069
-5824
-6293
-4177
-2345
-1958
327
1086
1240
2715
1588
630
937
-481
-233
-428
-930
743
1514
2721
4609
4909
7311
9482
9812
11625
9899
7573
6916
2522
-856
-3355
-8146
-9089
-9558
-11118
-8709
-7282
-5987
-2234
-913
235
1796
767
433
-137
-1781
-2371
-2802
-2447
-606
1025
3031
5123
6540
7814
7572
5990
3575
470
-3003
-5937
-8644
-10546
-10546
-9883
-8011
-4999
-2790
-92
2614
3670
5381
5675
5438
5839
4726
4874
3856
2425
2483
701
99
-693
-3160
-2947
-3416
-4973
-1453
-3070
-2406
1001
-3072
194
-1016
-4848
-2456
-5973
-6516
-4014
-6270
-2780
353
789
6264
7067
8639
11101
9102
8721
6546
2539
914
-2282
-4830
-4394
-5835
-5074
-2931
-2219
-235
1439
1315
1766
1806
136
-480
-1736
-3195
-3111
-3203
-3518
-2533
-1841
-1024
955
2245
3689
5375
6267
6883
6826
5854
4616
2440
597
-1237
-3191
-4741
-5302
-5500
-5318
-4070
-3706
-2589
-1493
-1768
-1640
-2154
-3369
-2995
-3743
-4157
-2936
-2576
-859
1055
2679
4607
6089
7485
8822
9688
11218
10921
9985
9207
6433
4766
1814
-1591
-4094
-6650
-8300
-8898
-8855
-8067
-5519
-3209
-1177
1278
2298
2776
3106
2035
883
-18
-1295
-1166
-738
-163
1715
2642
3879
5221
4769
4002
2214
-685
-3139
-6007
-8244
-9441
-10108
-8994
-7059
-4670
-1342
1676
4424
6690
7721
7806
6925
5068
3291
1363
-1072
-1816
-2728
-3409
-2145
-2674
-2256
-1101
-2049
-812
-597
-2316
-65
-1475
-1616
561
-2851
-769
-979
-2879
-685
-2934
-3196
-1749
-3195
-1232
14
40
3313
3828
5524
6628
5610
5863
3918
2356
1457
-1096
-2088
-2654
-3873
-2516
-2324
-1944
-787
-560
-356
-735
-1707
-3255
-3929
-4789
-5329
-4487
-3711
-2443
157
2302
4519
7151
7816
8790
8886
7372
6582
3946
1993
223
-1980
-2623
-3643
-3866
-3431
-3100
-2390
-1434
-922
-550
-72
-248
-706
-779
-1051
-2195
-1502
-1818
-2138
-48
-931
-462
1136
-397
1313
2206
1763
4086
4937
6921
8628
9035
8426
7973
7073
4319
2020
-1705
-3653
-4651
-5519
-4964
-4666
-3268
-1827
-1837
-1289
-1993
-4249
-4804
-6531
-7839
-6724
-7057
-5303
-1210
1023
5088
7637
8395
10277
9377
7905
5383
1877
-597
-3393
-5622
-6902
-8229
-8324
-7082
-6549
-4763
-3248
-2939
-723
496
964
2348
1985
2116
3675
3961
4230
4696
4097
4507
4673
3756
3417
2450
1347
1389
-162
-1893
-2998
-6443
-6816
-8399
-10539
-9713
-11253
-9897
-6827
-5712
-1721
2180
4614
9355
11414
11833
12562
10957
9101
7563
4461
1544
-347
-2883
-3674
-4820
-6326
-6497
-6941
-6439
-5787
-5592
-4181
-3130
-1705
126
152
855
740
304
758
319
436
432
1374
3082
4431
6427
6901
6870
6843
5032
2722
369
-3383
-5023
-6056
-6649
-5321
-4621
-2027
12
1849
3275
2030
2081
549
-2227
-2732
-4601
-5332
-3272
-3250
-1264
1659
2201
4284
4988
4397
5028
3978
3543
3342
3552
6576
7087
9037
9761
8449
10019
7611
4124
2000
-1814
-4350
-5643
-8271
-8754
-7418
-7445
-6184
-5085
-4586
-3649
-4011
-3814
-4006
-3357
-1952
-2129
743
3016
4361
7145
7072
6855
6773
4501
2018
-100
-2683
-4455
-5603
-6093
-5977
-5825
-4160
-4180
-3050
-1679
-3290
-1837
-2304
-3342
-1352
-2570
-1302
486
566
2946
3336
3916
6082
5071
5869
8461
2699
5640
2022
-3575
1318
-7764
-8721
-7742
-13899
-9347
-9349
-11341
-4908
-4065
-1404
3593
3925
6750
8396
8055
8622
7383
6048
4671
1682
2093
972
-740
-552
-2020
-1719
-1323
-2025
-3267
-2809
-2813
-3305
-2597
-3411
-3637
-2807
-2416
-2059
-574
-476
-256
1760
2638
4366
5726
5939
7114
7900
7862
6945
5398
4274
2940
1041
-677
-2104
-3402
-3097
-2980
-3517
-1739
-2254
-2280
-1539
-2474
-2758
-2894
-3939
-5131
-3460
-4420
-3783
-1487
-1554
825
2675
2787
4341
5881
6089
7027
8898
8718
9866
10062
7709
8130
5696
2969
652
-3023
-4831
-6997
-8523
-9164
-8927
-7968
-6900
-5912
-4527
-2867
-2549
-1068
-629
-533
952
754
1503
3284
3730
4718
5224
4795
4825
4054
2384
811
-542
-2007
-3148
-4283
-5216
-5467
-5296
-5047
-4222
-3307
-2601
-1608
-770
113
1282
1735
2093
2897
3093
3746
3772
3149
4090
3426
3184
3925
1042
1685
421
-2304
-1537
-4999
-6226
-6705
-9171
-8398
-8602
-8803
-6486
-5436
-2951
-332
1045
3875
5240
6656
8270
7055
7532
7107
4833
5095
2994
880
650
-1703
-3169
-3510
-5194
-6009
-5763
-6251
-5769
-4496
-4263
-3360
-1852
-1259
-614
416
127
712
1916
1841
2890
3845
4551
5734
6176
6304
6136
5374
4578
2693
1217
-70
-2222
-2612
-2861
-3267
-2412
-2546
-1783
-868
-1411
-862
-2104
-2210
-1652
-3393
-2709
-2353
-2769
-359
475
514
3667
3875
4236
6955
5760
7144
8804
7541
10037
9981
8966
9221
6607
5718
3526
-204
-2500
-5809
-7394
-7984
-9803
-9099
-7396
-7101
-4513
-3179
-2938
-289
-514
-635
144
-781
-229
109
207
1422
1681
1885
1902
1367
1288
-134
-1627
-2405
-4069
-4314
-4454
-5397
-4118
-3370
-2823
-1396
-1157
-432
410
280
369
303
292
663
353
695
803
98
1230
479
453
1287
-737
160
101
-878
271
-987
-1146
-585
-1839
-1795
-2592
-3494
-3068
-3196
-2736
-1825
-1104
656
2082
3308
4913
5070
5818
6038
5434
5405
4005
2989
2234
1105
705
-655
-1857
-2209
-3312
-3715
-4248
-5189
-4747
-4543
-3838
-2727
-2172
-1024
-429
679
1515
1390
2218
2124
2892
4322
4147
5186
5721
5382
6457
5584
4195
3654
880
-877
-2060
-4290
-4765
-5185
-5423
-4151
-3435
-2939
-2026
-2576
-2300
-2494
-3791
-3845
-4802
-4659
-3270
-2984
-1259
691
1880
4619
5886
6330
8233
8222
9211
11274
10227
10445
9625
7564
7488
4826
1435
-1170
-4339
-6159
-7395
-8911
-8754
-7633
-6588
-4345
-3167
-2130
-765
-627
-184
-435
-1099
-851
-711
476
1713
1823
2464
2682
2739
2423
807
-1293
-2752
-4163
-4668
-5120
-5803
-4569
-3795
-2264
-558
-320
783
1110
1215
1766
1140
948
1020
1246
2275
2351
2193
2222
2214
2203
1589
391
-374
-1073
-1074
-1160
-2497
-2338
-3628
-4040
-4058
-6279
-6768
-7543
-7527
-5864
-5082
-3656
-1552
424
3144
4962
5959
6678
6961
7622
7143
6310
5492
3777
3426
2519
556
-464
-2603
-4077
-4641
-6072
-6573
-6727
-6390
-4649
-3081
-1605
64
1310
2908
3885
4226
4423
3928
4579
4682
4502
5317
4261
4636
5112
3355
3307
1892
-441
-15
-946
-2236
-1333
-2643
-2546
-744
-1782
-1147
-1595
-3077
-2533
-3574
-4375
-4435
-4610
-3408
-2316
-1370
315
1158
2927
4264
3921
4881
5047
5290
7768
8558
8772
9990
8547
7809
7082
3063
263
-2979
-6739
-7646
-9134
-10151
-8641
-7623
-5796
-2908
-2205
-1137
-151
-902
-861
-1664
-2759
-2591
-2378
-1108
389
1169
2508
2869
3410
3671
1978
731
-1390
-3353
-3516
-5232
-5562
-4334
-4424
-1862
-287
-269
1909
1974
2194
2951
1538
1143
669
-176
-13
-781
-1253
-1327
-1585
-650
-775
-796
267
43
1891
3313
1751
3447
2176
1038
2025
-2144
-3118
-3892
-6159
-4944
-5093
-4999
-2163
-437
1839
4378
5061
6499
7421
7431
7139
5663
3987
2367
1083
-351
-2103
-3462
-4346
-4371
-4387
-4059
-4113
-4010
-2815
-2610
-2037
-1898
-2688
-1913
-1900
-1888
-1328
-1458
-279
1426
2393
3750
4941
5679
7568
7844
7274
6927
4649
3265
1505
-1157
-2589
-4149
-4725
-4444
-4018
-3189
-2211
-1668
-607
-526
-1757
-1884
-3491
-4133
-3592
-4846
-3594
-1788
-1159
1824
3371
4291
6840
7095
7390
9183
9057
9425
10223
8326
8096
7292
4160
2256
-1026
-4079
-5648
-7839
-8721
-8196
-7659
-5978
-4499
-3441
-1555
-1198
-1068
-912
-2348
-2332
-2964
-3400
-1616
-867
888
2922
3522
5060
5751
4697
3716
1501
-745
-2121
-4441
-5834
-6409
-6940
-5427
-4565
-3713
-1617
-826
1042
2282
2133
3122
2785
2620
2603
1069
681
74
-738
-331
-961
-933
524
-272
1767
2198
535
2354
-1057
-1586
-2092
-6703
-6296
-8400
-9342
-7173
-8079
-6290
-3173
-1617
2128
4275
5605
8797
9399
9941
10285
8386
7725
6233
3562
2458
-72
-1891
-2492
-3895
-3790
-3787
-4278
-3667
-3082
-3185
-2574
-3032
-3206
-2318
-2760
-2405
-2078
-1698
96
1389
2974
4724
5820
7711
8894
9036
9105
8094
6315
4591
1382
-1375
-3445
-5612
-5933
-6890
-6120
-4738
-3826
-1530
-1436
-629
-87
-1848
-1897
-3034
-4391
-3417
-4355
-3361
-897
-405
1792
2774
3582
5655
6204
6740
7448
8530
9281
9029
8088
6716
5573
3345
190
-2853
-5063
-6354
-7668
-8110
-7478
-6274
-4703
-3722
-2743
-1832
-1390
-1934
-2315
-2365
-2497
-1890
-1793
-257
2072
3304
4989
5714
6230
6786
5060
3579
1600
-635
-2069
-4412
-5387
-5873
-5611
-4751
-3818
-2057
-868
545
1433
1878
2343
2219
1511
914
224
-776
-1047
-1595
-1761
-1235
-1102
-101
302
994
1431
1077
2155
-148
-253
-2091
-4762
-4321
-7842
-7683
-7853
-8342
-5628
-4512
-1867
1619
3787
6760
8861
10012
11232
10162
8999
7602
5318
3477
880
-1712
-2503
-3736
-4866
-4733
-5400
-4410
-3652
-3787
-3395
-3147
-2849
-2812
-2855
-3164
-2898
-2848
-2411
-1745
-449
1277
2427
4588
6624
8008
9263
9511
8788
8968
6693
4213
2393
-1071
-1947
-3752
-5240
-4576
-5016
-3859
-2719
-2914
-1984
-2270
-3001
-2781
-3931
-4618
-3983
-4736
-3212
-1415
-1150
2241
2652
4361
7074
6545
9018
8821
9142
11355
9814
9633
7921
5491
4870
1503
-1827
-4220
-6586
-7331
-7681
-8380
-7133
-5372
-4553
-2690
-2126
-1920
-1243
-2301
-2524
-2458
-2807
-2480
-1467
219
2571
4441
5136
6519
6873
6200
4732
1203
-974
-3548
-6292
-7415
-9705
-9370
-8218
-7618
-4536
-2864
-915
1514
2235
3498
4091
3278
2684
2050
992
944
30
-654
366
148
1186
2036
1327
2965
1721
1990
1714
-1161
-718
-4584
-4851
-6243
-8852
-7954
-9427
-7353
-5721
-4022
-781
2228
5533
8354
9974
11087
11396
10127
8455
5962
3403
946
-1464
-3194
-3545
-4257
-4073
-3402
-2842
-1345
-1084
-1191
-1145
-1038
-1794
-2493
-3498
-4108
-3690
-3974
-3558
-2628
-932
1217
3298
5425
7838
9472
10588
10742
10044
8593
5253
2106
-1329
-3065
-5215
-6833
-6517
-6091
-3354
-2585
-2171
-837
-1078
-887
-2344
-4567
-4938
-5515
-5803
-4892
-3518
-1811
1460
3106
5114
8385
7809
10091
10077
10162
13033
10080
10410
8885
6498
6093
911
-2629
-5316
-8141
-9612
-10887
-11807
-9638
-7051
-5797
-2663
-1506
-684
876
-524
-864
-1410
-3064
-2687
-2089
-275
2028
3799
5783
8056
8664
8019
6145
2472
345
-3419
-7177
-9344
-11974
-11559
-10577
-9693
-6270
-4278
-1848
1621
2265
4021
4128
2584
3640
2438
1698
2109
155
1600
2457
1154
3202
2541
2445
4684
1696
3008
1959
-1497
94
-4992
-5121
-6762
-10755
-8634
-10204
-8674
-6386
-5693
-1475
2599
4741
8297
9634
10889
12674
10708
9094
7047
4379
2426
100
-2403
-2990
-4200
-4356
-3648
-3648
-2628
-2616
-2535
-1969
-1856
-2491
-2927
-3788
-3563
-3269
-3867
-3165
-2542
-677
1885
3491
5933
8442
9927
11779
11555
10369
8876
5102
2395
-505
-3725
-5685
-7074
-7081
-5181
-3835
-2830
-1480
-672
187
-7
-2230
-3093
-4435
-5695
-4254
-5893
-3894
-1453
-753
3477
4356
4689
6786
6803
7158
9307
7442
7618
9260
6467
7686
5063
1177
1117
-3251
-4764
-6150
-9191
-7878
-7416
-6776
-3903
-3566
-2601
-433
-1506
-1292
-1567
-4351
-3347
-3873
-3634
-1165
-1258
1799
4227
5484
7718
7189
6270
5326
2672
2
-2312
-5861
-7343
-7524
-8566
-6831
-5920
-4922
-1308
-82
873
2625
1461
2169
2719
596
979
-276
-999
840
-401
752
2490
1154
5127
3860
3362
5538
768
2206
344
-3518
-3144
-7424
-9059
-8127
-10131
-9465
-7950
-7270
-2715
212
2281
5983
7707
9993
11438
10353
9648
7956
5599
4329
1412
-940
-1859
-3709
-3552
-3417
-4368
-3042
-2954
-2803
-1462
-2520
-2763
-2682
-4102
-3700
-3675
-4874
-3523
-2982
-1642
1601
2731
5502
8262
9476
11876
11671
10641
9878
6488
4145
854
-3206
-4450
-7344
-7476
-6538
-6796
-3608
-2834
-1600
824
346
592
79
-2167
-2153
-3044
-4326
-3683
-3439
-2283
17
1081
2809
5097
6155
7857
8951
9871
10060
10086
8524
7350
6337
2872
1169
-2469
-4494
-5621
-7608
-7679
-7814
-6345
-4724
-3541
-2579
-1902
-1580
-1628
-2191
-3434
-3909
-4369
-3940
-2289
-1297
1216
3335
5177
7355
7608
6815
5451
3173
389
-1922
-5129
-7209
-8092
-8381
-7463
-6349
-4653
-2912
-508
694
1739
2331
2204
2316
1649
1200
335
-273
40
-454
604
822
317
2317
1351
2105
2474
1608
514
340
-2861
-4300
-4884
-9715
-7772
-9952
-9466
-6761
-6614
-2706
676
4136
6957
9506
10690
11935
11426
10105
7998
5465
3741
1004
-665
-2104
-3137
-3563
-3024
-3385
-2901
-2463
-3124
-2731
-2973
-3475
-3768
-3924
-4225
-3807
-3490
-2914
-1980
79
1359
3593
5891
6246
9646
9285
9841
10325
6803
6855
3018
139
-1160
-4547
-5038
-4893
-5509
-4234
-1668
-2673
940
999
-537
2305
-2069
-2066
-2819
-5848
-4662
-4961
-5054
-3212
-967
-514
3378
3463
4767
8266
6237
9471
8601
7766
10224
6597
6468
5355
1653
1282
-1732
-4722
-4284
-5750
-6349
-4422
-5104
-3628
-1575
-3151
-1496
-1967
-3651
-3052
-5205
-5307
-4653
-4364
-2744
-89
1345
4212
6029
5967
7981
5517
4167
1844
-2127
-3517
-6422
-8366
-8125
-7853
-7011
-4093
-3423
-907
1814
1579
3618
3336
2376
3156
1345
518
981
-690
441
1140
-96
2270
2163
1366
5039
2528
1628
3788
-2717
-497
-2841
-8598
-5612
-10760
-10221
-8074
-9896
-6091
-3170
-946
3860
6226
8074
11193
10767
11460
10752
7732
7172
4276
1921
1416
-1447
-2655
-2339
-4045
-3705
-3234
-5030
-4049
-3748
-4581
-3540
-4478
-4945
-4412
-4691
-4202
-3923
-3322
-2420
-657
1134
3111
5023
6998
8399
9998
9777
8988
7810
4862
4026
66
-1826
-3650
-5390
-3776
-4913
-3018
-1709
-1469
1710
841
705
933
-1373
-1877
-2303
-4356
-4348
-2884
-3648
-334
778
816
4435
3717
5311
6935
6431
8397
9454
8965
9774
8938
6732
6401
2474
-93
-1964
-5891
-6364
-7248
-8412
-6498
-6066
-5448
-2905
-2992
-2581
-1698
-3473
-2985
-3176
-4235
-2279
-2177
-186
2417
3334
5388
6124
5402
4896
3040
-41
-1156
-4246
-6084
-6006
-8218
-6982
-5956
-5747
-2857
-2029
-953
941
1585
2171
2822
2338
2217
2658
2390
2183
2163
2212
1321
2405
822
699
370
-1602
-769
-2816
-2841
-3808
-5394
-5334
-6532
-7614
-6939
-7871
-6670
-4307
-4230
-71
1878
4419
8123
9160
10854
11717
10734
9931
7974
5283
3375
724
-757
-2200
-3083
-3119
-3083
-2976
-2313
-2355
-2490
-2353
-3635
-3531
-4171
-4718
-4460
-4811
-3807
-2549
-1072
1378
3643
6211
8722
10005
11147
11175
9928
7972
5649
2223
-695
-3043
-6672
-6963
-7613
-8525
-5330
-5608
-3119
266
-1310
1996
502
-454
563
-3651
-3021
-4305
-4761
-2826
-2632
-315
2801
4425
6675
9469
10926
13384
12393
10157
9455
7041
4104
586
-3353
-5068
-5993
-8002
-8279
-7770
-6067
-4591
-3407
-2251
-1002
434
-373
269
49
-702
-1047
-1860
-1416
-246
92
113
1567
2417
3153
2733
1462
1063
220
-1421
-3394
-4993
-5868
-6233
-6749
-6067
-4889
-3343
-1406
28
3002
4359
5209
5805
4760
5461
3310
1377
165
-1294
-1672
-2430
-3294
-2338
-243
-1700
1838
173
1507
3417
-1356
1345
-1973
-3093
-3196
-6458
-6333
-5801
-6617
-4941
-3454
-2499
1367
1673
4168
5981
6767
7617
7792
7177
6848
5904
3407
3438
1337
316
-749
-2411
-2622
-2789
-3692
-3849
-3665
-4318
-4075
-4706
-4777
-4355
-4560
-4802
-3718
-3268
-1652
-284
676
4648
5818
7981
9862
8365
10319
8808
6015
6261
1341
325
-953
-4711
-3261
-5122
-5261
-3220
-4355
-2753
-1541
-3248
-713
-1823
-3176
-1287
-4826
-3240
-2707
-4295
-1934
-2051
-1124
1209
2019
4175
8350
9129
11233
12778
12179
13791
10943
7738
6032
1649
-1007
-4350
-7701
-7284
-7591
-7471
-5840
-4637
-3075
-1003
-1266
-476
210
-2061
-1525
-2720
-2843
-933
-1594
219
2279
2885
4172
4430
2836
3110
888
-1917
-3049
-6466
-7062
-8262
-8848
-7303
-6808
-4714
-2914
-936
1702
2989
3932
4987
5519
4978
5193
2962
2718
3147
-557
1461
-2039
-2254
-72
-5493
-1270
-3855
-4200
-1068
-5702
-2778
-2992
-4879
-2792
-4648
-4919
-3016
-4716
-3269
-1543
-1467
1271
1939
3026
5708
6004
6571
7448
6410
6673
5758
3791
3100
2067
507
234
-551
-1765
-727
-1962
-1786
-1372
-2455
-2225
-2423
-3023
-2844
-2728
-3767
-1813
-1964
-1328
795
444
4021
5122
5637
7877
7190
8205
8622
5913
6508
4511
1762
2321
-2151
-2292
-2799
-5875
-4321
-5486
-6151
-3945
-4834
-4151
-2386
-3779
-2309
-2315
-2669
-1216
-1102
-1267
581
694
1456
4490
2744
6732
7387
6454
9737
6569
7009
6457
3100
2231
418
-2457
-3261
-3858
-5867
-4282
-4794
-5050
-2307
-3638
-1993
-1135
-2342
-199
-1572
-1466
-417
-1197
-39
730
475
1759
1997
1084
2092
779
-36
-227
-2319
-2432
-3577
-4713
-4244
-5215
-4447
-3447
-3378
-1417
-475
285
2385
3034
3418
5056
3870
4521
4801
2319
4315
226
1794
409
-3149
445
-5316
-2160
-2361
-5796
-1693
-3836
-3980
-1462
-4261
-3473
-1790
-4958
-2735
-3825
-3945
-1890
-2529
-709
565
1594
3064
4388
4912
6335
5813
5554
5554
4480
3512
2428
976
298
107
-1445
-1792
-1728
-2367
-2389
-2248
-3682
-2502
-3183
-4197
-2444
-4018
-2286
-2371
-2282
517
158
2626
3435
4370
6873
6898
6940
7439
6980
5897
6038
2780
2104
1606
-1416
-643
-2947
-2763
-2518
-3312
-2132
-2878
-1827
-1925
-2101
-1564
-1499
-1595
-1564
-272
-817
1014
1651
432
4057
3200
4069
6113
3989
6306
5628
4911
4709
3351
2649
1006
459
-1599
-1715
-3122
-3559
-3094
-4065
-2293
-3695
-2588
-1434
-2638
-1196
-2304
-2793
-1800
-2451
-2707
-1832
-1991
-1134
-93
-521
241
435
-19
-446
-1036
-2005
-2586
-3203
-4063
-3497
-3879
-3232
-2681
-2029
-252
-2
1204
2174
2616
3539
3481
3240
3733
3047
2484
2368
950
737
673
-1786
-174
-1782
-2526
-240
-3837
-1079
-1989
-3298
-1226
-3667
-2947
-2914
-4082
-3550
-3256
-3699
-2229
-1933
-1046
935
1470
3025
4484
5068
6191
6568
5693
6193
5164
3792
3183
1483
133
24
-1793
-2270
-2035
-3425
-2274
-2951
-2805
-2420
-2581
-1976
-2379
-1389
-1669
-1195
-161
-382
1139
2156
2222
4364
4458
4792
6364
4619
5640
4738
3010
3543
487
365
-1061
-2780
-2568
-4114
-3492
-3767
-3269
-2826
-2385
-1432
-1688
-349
-799
108
556
-76
1435
1025
1750
2084
1622
2893
3092
3214
3588
3037
3684
3432
2537
2141
1348
852
27
-778
-1505
-1383
-2005
-2055
-1949
-1967
-1284
-1682
-1405
-1325
-1016
-1538
-1584
-1444
-1462
-428
-975
-435
166
305
668
46
-218
-592
-1146
-1619
-2516
-2558
-2431
-2799
-1832
-1714
-1358
-315
-593
301
684
529
856
1027
1269
1414
1753
1146
1924
1517
894
1192
-192
531
-765
-989
-1359
-1814
-1499
-2611
-1933
-2623
-2148
-2251
-3035
-2578
-2786
-3039
-2590
-3393
-2508
-1891
-2049
-558
-547
853
1504
2090
2722
3358
3409
3312
3644
2786
3046
2159
1675
1434
1160
597
324
277
-313
50
-467
-635
-469
-684
-918
-473
-938
-704
-225
-615
493
517
834
1690
1814
2590
2944
3047
3351
3263
3305
2511
2291
1319
356
408
-1597
-1176
-1710
-2385
-1348
-2526
-1255
-1199
-755
-310
-659
560
-270
705
8
134
790
41
910
344
1452
1689
2006
2528
2263
3187
2483
3015
2167
1894
2057
444
1149
-347
-643
-519
-1685
-1474
-1696
-2327
-2106
-2105
-2890
-1968
-2902
-2733
-1960
-2872
-1427
-1805
-1699
-378
-1370
-325
-493
-1152
-355
-1494
-1100
-1430
-1835
-1428
-1742
-1155
-1232
-884
-556
-392
-97
251
287
514
873
702
1258
1561
1382
1600
1766
1097
1894
876
750
1646
-396
1695
-233
-192
993
-1948
127
-1651
-2351
-1228
-3031
-2590
-2127
-2926
-2039
-1898
-2059
-823
-819
-293
352
684
1364
1572
1672
2150
2017
2106
2093
1667
1849
1378
1064
925
481
162
172
-513
-424
-520
-1242
-633
-1343
-990
-766
-1322
-357
-687
-123
678
214
1674
1722
1576
3180
2260
3098
3555
1807
3536
2144
1372
2402
-712
658
-394
-2045
-197
-2832
-1727
-1641
-2540
-1589
-2254
-2175
-1833
-1490
-2209
-1145
-1560
-1007
-228
-792
618
-3
876
1794
1480
2924
2721
2826
4073
3298
3392
3446
2487
2356
2001
726
686
33
-944
-203
-1788
-953
-1419
-2137
-699
-2349
-1274
-1204
-1771
-486
-584
-341
435
388
417
957
343
59
-200
-864
-1066
-1706
-1894
-2004
-2154
-1845
-2068
-1841
-1365
-1752
-1429
-1088
-1793
-841
-1136
-1405
37
-917
11
594
-254
1235
272
435
1307
-772
1611
49
-483
1720
-2035
1000
-214
-2127
422
-2376
-1396
-1080
-2568
-1300
-1376
-1470
-215
-689
487
901
759
2350
1282
2044
2390
1398
2354
1730
1299
1687
993
900
643
530
34
-192
-34
-842
-566
-964
-1136
-1079
-1203
-1210
-1435
-795
-1303
-816
-299
-550
510
667
1172
1899
1983
2635
2628
2768
2798
2321
2581
1776
1348
1202
474
98
-224
-844
-1024
-651
-1787
-1051
-995
-1803
-571
-1087
-807
47
-428
-148
672
275
635
826
469
1036
1001
1367
1707
1724
1844
2680
1832
2477
1972
814
2371
265
457
795
-942
-96
-91
-1442
-537
-973
-1951
-698
-1862
-1837
-1348
-2218
-1510
-1477
-1516
-793
-1360
-804
-489
-1191
-578
-1153
-1499
-752
-1414
-1656
-644
-1499
-779
-105
-860
446
-142
267
593
146
597
-215
299
153
-401
87
-246
-708
310
-381
-557
430
-888
-35
401
-965
268
-375
-1176
-61
-1813
-1230
-1518
-2452
-1358
-2196
-1647
-1180
-1217
-460
308
61
996
1503
1166
2128
1902
1727
2315
2096
1545
2343
1559
1396
1990
776
1146
772
29
222
-614
-616
-936
-1351
-1037
-1718
-1209
-1369
-1494
-855
-1119
-538
-323
-13
544
1004
1291
1996
1878
2483
2703
1861
2900
1392
1607
1822
48
886
-43
-468
-356
-967
-893
-1483
-550
-1787
-1647
-488
-2410
-452
-1086
-1766
191
-698
-216
610
311
461
1561
673
1404
2064
1301
3172
1986
2553
3306
1926
3082
2011
1411
1847
580
55
114
-547
-880
-365
-1513
-1004
-389
-1694
-398
-1200
-1177
-515
-1483
-890
-1101
-804
-1072
-896
-851
-1268
-1061
-1633
-1611
-1764
-1898
-1828
-1868
-1440
-1220
-1033
-444
-448
94
347
56
622
383
366
562
56
429
138
-257
968
-375
250
1084
-1098
1730
-22
-1079
2181
-1739
125
598
-3219
392
-2063
-3343
-628
-3801
-2567
-1509
-3376
-1008
-888
-1560
921
310
937
2534
1186
2760
3083
2033
3576
2579
2120
3371
1682
1609
1778
-15
476
-269
-1802
-1244
-2051
-2583
-2254
-2620
-2332
-2155
-1911
-1348
-1081
-458
-43
366
1526
1639
1913
3099
2898
3001
3583
2675
2884
2935
1169
1812
936
226
831
-930
266
-109
-1063
107
-1145
-832
-234
-1737
-1431
-677
-2332
-1258
-989
-2548
-436
-861
-1536
461
-309
-311
1636
310
1122
2563
1422
3301
3193
2714
4180
3175
3221
2978
1791
1997
816
-78
-328
-1023
-1466
-1947
-2168
-2291
-1926
-2258
-2211
-1488
-1667
-1225
-811
-892
-468
-77
-110
-15
156
-228
-12
-162
-676
-509
-773
-822
-974
-737
-832
-1015
-534
-823
-535
-134
-639
-250
280
-263
102
75
-387
332
-477
-488
-35
-1133
-264
-778
-1276
-157
-1801
-1124
-709
-2224
-792
-1530
-2183
-1241
-2207
-1827
-1462
-2013
-1471
-891
-589
-327
309
781
1203
1841
1881
2136
2662
2536
2863
2831
2574
2814
2321
2322
1910
1251
1096
281
-333
-614
-1459
-1922
-1835
-2531
-2535
-2070
-2568
-2034
-1424
-1647
-577
-38
110
1592
2005
2389
3513
3478
3701
4376
3666
3644
3604
2137
2548
1636
664
1308
-662
-287
-279
-1777
-613
-2232
-1963
-903
-3155
-1495
-1970
-2789
-403
-2492
-1469
-298
-2329
-33
-706
-1399
602
-1031
-10
882
-521
1717
1624
1596
3986
2627
3917
5238
3107
4902
4041
2288
3577
1170
324
776
-1606
-1739
-1748
-3531
-2872
-3199
-4078
-2945
-3517
-3278
-2405
-2952
-2129
-1626
-1724
-931
-1101
-1005
-149
-649
-714
33
-839
-513
-230
-1306
-220
-800
-1260
129
-878
-237
464
-300
1355
984
938
2395
1291
2296
2406
1184
2762
1505
891
2291
-24
525
423
-1912
-348
-2012
-3452
-2221
-4124
-3857
-3138
-4551
-2903
-2726
-2590
-860
-979
394
896
1341
2406
2164
2889
2943
2749
3284
2664
2434
2511
1537
1682
991
121
312
-736
-760
-1080
-1875
-1341
-1954
-1867
-1487
-1891
-1247
-1303
-935
-435
-309
315
447
1016
1536
1622
2253
2453
2176
2851
2565
2123
2666
1458
1577
1831
169
894
175
-705
280
-1386
-793
-930
-1890
-1072
-1910
-1640
-1554
-1829
-1577
-1239
-1458
-881
-505
-633
398
-286
153
386
-63
432
-236
111
177
210
800
997
2210
2834
3256
4217
4458
5129
5215
4445
4384
3831
2775
2086
989
98
-467
-1363
-2003
-2560
-3031
-3584
-3944
-4178
-4762
-4870
-4918
-4906
-4401
-4121
-3424
-2599
-1945
-851
-475
351
865
738
1477
1098
919
1254
393
387
508
-372
160
-302
-640
19
-827
-330
-338
-573
306
-72
247
1125
425
1363
1077
363
1216
-249
-493
-531
-1921
-1755
-1990
-3088
-1952
-2682
-2576
-1301
-2145
-685
-542
-375
879
817
1390
2248
2018
2738
3224
2406
3285
2637
1993
2285
867
439
345
-1090
-1219
-1706
-2563
-2099
-2606
-2607
-2069
-2196
-1624
-1078
-1082
51
157
622
1806
1349
2448
2946
2529
3659
3484
3163
4026
3176
3019
3354
1926
2011
1424
293
631
-742
-1045
-834
-1988
-1318
-1586
-2146
-935
-1510
-1210
-46
-884
-156
550
-141
725
782
87
1029
533
111
531
-353
-326
-355
-945
-822
-988
-658
-87
560
944
1371
2152
2177
2646
2118
1918
1640
889
725
-281
-461
-913
-1237
-1252
-1680
-1816
-1999
-2153
-2479
-2546
-2928
-3098
-2892
-3079
-2455
-2137
-1855
-768
-693
147
544
359
1129
646
662
826
168
307
200
-154
84
-66
-370
-65
-168
-255
-119
-369
-183
-139
7
107
26
693
255
764
662
-95
677
-634
-407
-680
-1780
-1164
-1914
-1855
-1239
-1763
-1135
-576
-859
235
263
347
1313
1396
1678
2213
2206
2336
2673
2366
2171
2038
1599
1051
835
221
-364
-511
-1074
-1310
-1140
-1597
-1523
-1246
-1444
-936
-969
-835
-331
-92
283
585
824
1228
1445
1498
1800
1574
1569
1788
1227
1192
1210
245
733
-6
-614
-153
-1315
-1233
-1348
-1971
-1677
-1548
-1879
-1091
-1177
-749
-62
-434
870
607
1029
1756
1079
1869
2002
1239
2131
1444
1028
1806
333
713
448
-450
-61
-371
-541
258
230
285
1470
1008
1829
1984
1109
1903
1343
612
946
-124
-332
-99
-1280
-1046
-1515
-2025
-1983
-2594
-2951
-3144
-3584
-3570
-3429
-3374
-2574
-2342
-1511
-470
-79
890
1463
1555
2354
2098
2058
2264
1478
1585
1053
694
416
1
-250
-581
-745
-1038
-1183
-1498
-1291
-1517
-1388
-952
-1114
-575
-60
-505
432
380
-219
426
-92
-425
-257
-669
-1811
-603
-1629
-1908
-711
-2153
-757
-502
-842
387
623
883
1749
1532
2076
2252
1736
2192
1521
1513
1332
610
547
413
-87
-149
-397
-767
-782
-979
-1143
-1121
-1033
-1144
-702
-359
51
390
851
1449
1690
2405
2361
2416
2879
2499
2399
2144
1474
1272
676
-66
5
-1000
-1350
-1119
-2362
-1496
-1856
-2857
-986
-1834
-1676
23
-1347
181
1197
-67
1725
1906
1432
2680
2002
1980
2696
1421
1299
1006
-105
-13
-1312
-1833
-1528
-2694
-1995
-1703
-1666
76
-154
866
2129
1907
2736
2514
2259
2671
1822
1142
1388
173
177
-236
-1579
-963
-2227
-3357
-2634
-4013
-4419
-3891
-5355
-4010
-3474
-4097
-2270
-1699
-1006
586
760
1576
2697
2297
3075
2877
2627
2811
1546
1644
1295
127
-37
-742
-1601
-1203
-2141
-2641
-2074
-2532
-2325
-1687
-1488
-893
246
326
1658
1983
2184
2851
1915
2960
1882
872
1373
-506
-407
-627
-2462
-1428
-1787
-2314
-1087
-1301
-707
99
214
921
1495
1430
1834
1783
1901
2071
1340
1421
1333
787
835
486
1
358
-79
-598
-294
-704
-1121
-1004
-1474
-1521
-1307
-1551
-1226
-840
-485
-8
475
1142
1402
1556
1963
1722
1465
1313
310
106
8
-1256
-952
-982
-1982
-714
-1255
-1337
267
-995
-53
600
-207
1013
542
577
1521
1049
1221
1790
1241
1737
1455
628
1410
-14
-268
-265
-1491
-1108
-1455
-2314
-1234
-1245
-1801
209
-282
627
1914
943
2708
2660
1862
2770
1929
1986
2213
534
1017
568
-566
-171
-1805
-2217
-1707
-3566
-3181
-3184
-4443
-2841
-3568
-3326
-1635
-2231
-911
118
302
1699
1848
1758
2919
2334
2123
2272
841
1430
576
-809
77
-1628
-1763
-1264
-3034
-1888
-2309
-3397
-1644
-2306
-2477
-773
-1789
-541
1047
-370
1646
2627
1469
3788
2783
1854
4030
1215
1110
1811
-1239
-248
-817
-2972
-1112
-2123
-2909
-781
-2169
-1236
113
-1113
850
1088
474
2276
1840
1861
2890
1816
2184
2562
1348
1475
1225
293
259
-279
-912
-889
-1299
-1644
-1573
-1495
-1559
-1509
-938
-814
-275
398
365
1411
1811
1603
2541
2089
1993
2469
1087
1433
986
-271
508
-813
-1269
-595
-2060
-1521
-1254
-2625
-1611
-1631
-1926
-429
-1225
-362
1075
664
2115
1993
2259
3380
2506
2545
2379
1182
1449
300
-1036
-674
-2325
-2450
-2387
-3375
-2730
-2444
-2401
-809
-332
-390
1885
1532
2359
3530
1986
3461
3128
1536
2752
1203
157
1171
-1221
-1212
-949
-3445
-2668
-3246
-4579
-3181
-4657
-4432
-2453
-3575
-1666
-850
-856
1759
1382
1847
3294
2209
2898
3212
1488
2155
1358
-168
633
-1009
-1678
-1439
-3264
-2639
-2910
-4270
-3150
-3584
-3430
-1945
-2585
-1089
227
7
2241
2320
2798
4463
3524
4308
4678
2686
3980
2335
893
2144
-1413
-849
-988
-3364
-1792
-2865
-3472
-1377
-2261
-1700
135
-833
872
1577
984
2444
2236
2308
3213
2388
2644
2749
1701
2113
1176
526
457
-831
-867
-1407
-2265
-1941
-2437
-2506
-2056
-2175
-1524
-871
-820
83
730
870
1698
1797
1846
2366
1837
1798
1782
707
728
-13
-737
-790
-1962
-2108
-2220
-2640
-2189
-2421
-2239
-994
-1378
90
226
210
2436
1236
2545
2885
1912
3387
2448
1833
2333
853
489
443
-1094
-1089
-1752
-2375
-2181
-2353
-2494
-2283
-1741
-1115
-128
-264
627
1593
1509
2558
2041
1680
3213
1605
1808
2026
-241
1497
-23
-1248
-199
-2394
-1923
-2053
-3434
-2477
-3096
-3362
-1954
-2441
-1795
-630
-1347
484
921
167
2010
992
1437
2136
599
1354
731
-34
249
-576
-937
-793
-1757
-1435
-1284
-2052
-1017
-1389
-1095
141
-554
613
1387
1084
2352
2210
2347
2928
2244
2535
1449
1987
1039
220
901
-1078
-110
-638
-1433
-763
-1094
-1145
-589
-452
-668
225
290
400
781
1092
759
1301
1158
615
1196
418
145
152
-720
-1033
-1188
-2260
-2105
-2740
-3064
-2645
-3008
-2367
-2042
-1635
-966
-247
225
687
1323
1453
2072
2238
1890
2422
2143
1888
1884
1043
1041
251
-206
-718
-1671
-1531
-2632
-2415
-2219
-2960
-1697
-2025
-1320
251
-528
1431
1718
2105
3888
2612
4140
4299
3485
4435
3161
2959
2773
1350
739
23
-1124
-1943
-2535
-3553
-3707
-3892
-4548
-3833
-3615
-3333
-2258
-2081
-521
697
1024
2739
3115
3876
4925
4115
4575
4365
3084
3382
1674
800
663
-1564
-1217
-2372
-3664
-2818
-4696
-3929
-3604
-4893
-3023
-3483
-2912
-1394
-1726
-402
555
677
1604
2197
1829
2618
2141
1704
2217
682
1161
309
-616
250
-1412
-856
-811
-1913
-685
-1204
-1474
-358
-1153
-671
-28
-735
269
-55
225
911
474
1536
1366
1809
2281
1951
2546
2357
2290
1991
1359
1298
576
48
-155
-1006
-682
-1034
-1414
-797
-1119
-1031
-833
-817
-768
-701
-889
-888
-708
-678
-773
-608
-319
-409
71
13
89
521
300
582
615
490
677
404
566
389
221
67
-202
-181
-532
-571
-1016
-941
-1139
-1355
-1221
-1637
-1262
-1256
-1215
-698
-618
-164
330
713
1180
1554
2013
1939
2682
2535
2317
2917
2009
2263
1865
1170
1116
406
-123
-608
-1040
-1609
-1879
-2466
-2743
-2728
-3232
-3127
-3166
-3233
-2580
-2567
-2266
-1282
-941
-346
814
661
1640
2795
2271
3589
3283
3096
3866
2661
2748
2288
1367
1378
735
260
76
-491
-621
-592
-1043
-1263
-1090
-1465
-1257
-963
-1482
-883
-654
-923
-102
-30
-301
585
225
298
910
89
463
640
132
650
309
-53
431
-142
-207
-211
-1080
-847
-1038
-1596
-1213
-1443
-1440
-685
-809
-364
185
61
802
994
975
1486
1704
1578
2182
1791
1627
2001
1013
1104
724
-261
-188
-680
-1335
-1023
-1637
-1731
-1313
-1839
-1267
-1190
-1336
-481
-634
-336
492
95
842
1108
862
1704
1370
1295
1524
1008
944
651
124
-21
-616
-842
-1318
-1754
-1719
-2210
-2176
-2295
-2227
-1999
-1941
-1467
-1392
-1017
-528
-530
-36
298
236
851
947
988
1457
1469
1494
1797
1670
1521
1734
1589
1402
1299
1209
977
1193
921
582
919
416
557
210
-76
-112
-621
-474
-1183
-1248
-1386
-1874
-1640
-1883
-1870
-1584
-1540
-1277
-812
-944
-473
-195
-218
834
630
1043
1783
1390
2177
2111
1792
2088
1565
1445
1271
855
616
396
-123
29
-294
-833
-201
-1174
-902
-543
-1585
-717
-1110
-1238
-412
-771
-341
22
58
409
410
235
332
167
-194
-68
-557
-600
-281
-849
-544
-520
-899
-500
-627
-881
-584
-723
-602
-144
-370
304
259
520
1346
668
1563
1379
944
2152
886
1214
1401
176
1368
156
-156
275
-1110
-567
-942
-1735
-1204
-1595
-1827
-989
-1237
-1040
-357
-452
171
622
639
1048
1337
1288
1578
1481
1261
1425
978
821
553
-86
-76
-647
-1264
-1257
-1780
-2108
-1911
-2264
-2164
-1870
-1971
-1548
-1140
-947
-686
-232
40
503
881
1003
1260
1497
1628
1730
1838
1623
1638
1752
1557
1634
1184
653
1001
302
336
400
-657
62
-315
-884
-192
-1071
-1034
-465
-1338
-1059
-811
-1409
-957
-953
-1384
-794
-1017
-1154
-409
-904
-756
-280
-633
-152
243
-238
528
1022
740
2065
1562
1890
2775
1986
2646
2202
1686
2101
1424
1097
999
227
325
148
-506
-455
-863
-1241
-1104
-1460
-1566
-1444
-1814
-1201
-1019
-658
-189
-97
596
866
1084
1065
1092
887
927
658
345
37
-461
-436
-971
-995
-1165
-1690
-1302
-1449
-1699
-1068
-1523
-1173
-428
-832
-196
102
-10
642
931
311
1125
1355
301
1725
23
-71
1009
-1515
-286
-939
-2115
-757
-1815
-1779
-730
-1412
-858
10
-399
462
816
650
1593
1581
1626
2269
1840
1966
2224
1414
1369
1116
174
238
-430
-1210
-1031
-1857
-1869
-1839
-2042
-1994
-2073
-1609
-1756
-1243
-1039
-927
-141
109
323
896
1172
1203
1820
1380
1736
1771
1173
1652
1100
828
1062
387
245
713
-409
-144
-28
-1228
-364
-492
-1384
-126
-452
-836
865
-702
298
835
-246
1036
127
291
426
40
-207
30
-443
-681
-227
-943
-456
-522
-779
-456
-148
-572
216
117
159
1208
770
1674
1685
2003
2340
2102
2261
1848
1678
1310
761
331
-196
-561
-970
-1235
-1448
-1579
-1732
-1738
-1514
-1900
-1299
-1789
-1423
-977
-1474
-560
-914
-254
-157
170
90
374
600
-120
1009
-337
277
391
-547
512
-153
-348
254
-160
-575
207
-779
-469
-58
-1000
-90
-316
-466
194
-95
152
361
515
345
966
519
351
1214
-153
806
424
-103
614
-2
15
259
-54
-211
233
-414
73
-258
-162
100
-269
253
-117
203
107
12
14
-155
-201
-402
-386
-430
-635
-571
-441
-594
-335
-293
-446
66
61
42
519
377
356
888
713
636
1192
534
818
1128
153
860
414
-149
491
-397
-324
-16
-832
-388
-413
-1002
-287
-440
-746
200
-281
-78
880
-61
847
855
344
1205
524
570
441
217
87
-254
-346
-666
-858
-878
-1036
-1162
-1070
-1158
-1087
-709
-705
-747
-144
-311
108
342
408
917
877
1410
1356
1568
1854
1421
1782
1590
1140
1256
795
476
402
103
-316
-464
-420
-1184
-539
-1167
-1499
-634
-1777
-843
-1003
-1204
-433
-625
-569
179
45
-211
893
-320
661
615
-340
954
47
41
538
-340
-124
174
-831
-186
-358
-1096
5
-688
-692
302
-655
143
460
-150
487
799
-115
1394
1034
-20
2492
-523
1534
1296
-947
1662
-819
-169
108
-1148
-755
-479
-1468
-881
-859
-1678
-603
-1534
-1051
-821
-1252
-696
-761
-751
-260
-392
-372
162
-62
70
274
85
147
484
-18
363
391
123
517
241
494
476
317
501
383
236
561
26
426
368
-17
444
-174
159
14
-198
54
-170
5
267
111
334
633
442
1082
921
1030
1446
1050
1506
1082
1135
1087
609
954
368
251
277
-264
-246
-306
-1036
-646
-1051
-1382
-756
-1566
-904
-943
-1294
-383
-894
-514
-273
-516
184
231
418
757
1002
1130
1635
1537
1356
1805
1105
1293
904
174
182
-573
-871
-1257
-1377
-2104
-1859
-1857
-2661
-1411
-2426
-1863
-974
-1887
-281
-494
-484
951
326
665
1559
511
1205
1463
64
1320
531
-234
892
-412
-219
241
-822
-326
-41
-951
-40
-326
-675
526
-327
278
822
226
1148
1322
709
1797
1643
912
2632
1167
1405
2363
164
1547
674
-630
378
-1262
-1359
-942
-2263
-1624
-1340
-2084
-894
-1133
-1116
149
-512
49
753
-2
677
711
88
743
248
-198
233
-505
-657
-529
-1328
-979
-1177
-1645
-1118
-1437
-1323
-808
-1196
-764
-401
-830
37
-255
-278
467
-152
456
505
222
710
572
521
816
664
579
819
694
421
790
636
128
1193
-13
721
1173
-437
1538
363
404
1497
28
1003
1032
-20
866
480
-276
656
-603
-624
44
-1398
-620
-758
-1467
-330
-977
-939
-82
-643
-186
532
128
978
1469
1001
2213
1988
1804
2353
1540
1459
1420
385
184
-123
-1191
-863
-1568
-2154
-1691
-2407
-2293
-1980
-2366
-1908
-1628
-1642
-888
-601
-433
458
636
998
1735
1333
1844
1960
1393
1647
1272
658
674
375
-449
-143
-663
-1203
-733
-1359
-1277
-944
-1209
-719
-430
-464
274
229
444
1271
473
1209
1393
283
1560
903
74
1237
-41
-236
636
-1049
-572
-549
-1885
-810
-1690
-2027
-1154
-1990
-1226
-978
-1518
-386
-474
-584
442
-174
174
741
-26
597
548
16
433
122
-117
198
-414
-312
-143
-697
-165
-512
-643
-39
-448
-275
102
-217
250
596
290
977
1027
874
1512
1203
1291
1594
1092
1346
1237
830
983
693
512
595
217
215
332
-260
180
1
-199
219
-369
9
120
-378
4
-83
-445
247
-139
-394
325
-245
-64
116
-440
-251
-150
-581
-497
-458
-699
-482
-384
-615
-180
-63
-276
505
268
597
940
467
1092
1069
589
861
495
140
512
-380
-555
-282
-1069
-890
-1084
-1373
-1053
-1336
-1302
-1005
-1048
-821
-706
-696
35
162
60
756
611
885
1275
607
818
988
546
417
485
47
-32
64
-593
-213
-330
-819
-507
-631
-614
-452
-796
-404
-140
-568
167
-276
-108
601
-319
328
571
-67
834
524
288
1182
306
683
690
-28
390
-333
-495
-348
-1065
-911
-805
-1390
-641
-843
-1087
-259
-664
-431
115
-291
68
504
78
576
644
395
865
542
547
647
310
261
290
171
136
164
8
338
368
139
493
324
330
661
108
430
601
78
542
212
73
317
-200
-10
-32
-313
74
-142
-159
280
-54
197
195
-18
219
-154
61
-323
-57
-44
-722
311
-441
-269
187
-862
111
-272
-808
-31
-782
-361
-163
-834
145
-462
-318
278
-653
295
-38
-325
399
-147
458
494
490
731
730
1041
808
924
629
599
589
16
141
-166
-314
-343
-600
-568
-562
-597
-806
-390
-503
-699
-360
-418
-157
53
-89
144
430
214
368
295
117
493
-231
124
260
-417
312
-205
-143
390
-18
-31
156
-21
-88
-151
-465
-338
-490
-303
-527
-454
-78
-446
-56
-124
9
138
-61
385
134
558
425
132
733
638
-55
360
-28
-613
110
-1451
-1125
-803
-1818
-1066
-1400
-1376
-642
-872
-654
-98
-203
151
313
335
791
822
762
1065
1134
1119
1127
887
883
655
629
144
2
226
-344
22
-278
-370
66
-411
-138
-68
-216
-7
-292
-54
249
-14
311
332
664
894
574
940
788
856
854
350
743
339
103
178
-469
-38
-380
-795
-94
-618
-152
314
-370
801
642
419
1229
436
622
776
-221
-3
-330
-970
-745
-1434
-1335
-1315
-1771
-1392
-1571
-1231
-944
-1100
-143
108
730
1412
1388
2458
2340
2320
2521
1659
1636
1010
8
-136
-915
-1522
-1442
-2047
-1886
-1755
-2167
-1492
-1727
-1413
-924
-1413
-288
-358
-236
827
125
1040
1125
597
1332
525
733
646
66
502
52
134
322
44
659
443
204
627
139
363
223
-297
195
-103
-167
19
-249
-100
-225
-276
-272
-359
-256
-338
-316
35
-210
-175
209
-336
-86
203
-700
-19
-333
-1005
12
-1150
-665
-552
-1172
-207
-845
-292
-36
-287
502
320
437
847
446
813
732
470
616
220
289
-3
-165
-82
-295
-134
25
-47
227
337
289
634
453
537
533
361
523
267
396
274
229
340
231
339
299
211
381
264
260
466
133
240
322
-221
175
-55
-754
-23
-947
-765
-444
-1493
-230
-855
-641
317
-646
611
412
-111
1012
-22
-54
455
-909
-195
-551
-1443
-587
-1417
-1271
-963
-1453
-867
-699
-653
465
247
1096
2061
1708
2874
2696
2596
2824
2236
1631
1530
674
-163
-52
-1235
-1009
-1166
-1883
-1156
-1459
-1371
-781
-1047
-613
34
-366
316
712
190
1120
748
307
1166
-90
131
419
-1050
-79
-668
-1305
-254
-1205
-917
-283
-1314
-337
-389
-972
128
-758
-246
150
-732
131
-285
-501
252
-446
-55
213
-302
506
176
214
729
226
668
756
72
760
84
-186
468
-753
-57
-418
-714
187
-625
-89
23
-182
549
162
287
666
392
663
604
345
419
153
-43
-265
-580
-759
-1057
-1103
-1028
-1082
-830
-650
-528
-45
125
281
427
605
760
660
745
691
639
873
721
542
846
518
595
661
418
699
468
610
722
547
728
514
261
436
152
-7
-136
-432
-442
-512
-576
-853
-582
-532
-376
-274
-154
266
112
641
474
339
717
71
75
255
-450
-397
-607
-1027
-669
-1216
-1269
-1117
-1329
-796
-1097
-885
-123
-343
211
605
483
1017
1020
830
995
1002
735
490
662
379
263
454
36
-78
275
-5
-391
-98
-344
-537
-223
-488
-614
-228
-311
-430
-24
113
-44
174
455
267
335
549
304
426
657
227
274
404
-85
-107
-174
-494
-608
-598
-582
-676
-591
-430
-398
-272
-18
-34
-4
390
252
296
591
150
298
396
-14
-71
-286
-387
-520
-919
-699
-890
-1052
-557
-1068
-369
-102
-671
140
131
190
480
358
574
787
630
770
653
458
642
-22
-72
-67
-711
-699
-699
-1109
-813
-625
-982
-338
-157
-212
174
237
477
667
671
730
751
820
856
474
604
545
135
274
0
-78
7
-341
-289
-265
-255
-239
-552
-236
-218
-448
-127
-342
-176
253
-62
301
432
416
1025
636
1053
1258
753
1485
860
576
1159
-85
16
-13
-1177
-581
-1438
-1754
-1195
-1898
-1408
-1470
-1479
-545
-999
-553
59
-376
668
432
484
1516
1026
1511
1781
1542
2019
1704
1479
1667
1128
1140
935
333
613
117
-175
133
-568
-430
-393
-1162
-642
-1046
-1266
-903
-1354
-726
-856
-642
-227
-294
399
291
348
597
599
293
437
273
-58
76
-511
-471
-666
-1025
-1089
-1359
-1233
-1366
-1433
-1143
-1051
-911
-574
-466
-219
192
6
331
510
316
644
440
350
701
402
336
519
225
138
537
-213
-205
392
-1068
206
-619
-834
492
-938
535
91
291
966
367
1247
793
787
926
497
499
341
-112
-111
-199
-342
-459
-447
-426
-491
-205
-439
-182
24
49
379
348
577
667
518
685
418
459
594
153
438
319
296
331
124
236
104
141
-157
-227
-293
-403
-316
-777
-319
-401
-673
69
-830
-69
15
-1045
265
-674
-303
174
-873
297
-159
-416
153
-743
-99
-170
-1187
-315
-961
-776
-300
-1275
-187
-349
-490
-118
-635
-137
-443
-727
-449
-498
-294
-214
158
577
1173
1301
1542
2095
2255
2358
1864
2259
1887
1760
1681
935
1263
767
464
56
-88
-428
-981
-742
-1493
-1014
-1104
-1482
-565
-695
-266
67
-158
451
627
145
683
336
137
897
-243
110
586
-690
111
-319
-912
-122
-1148
-887
-560
-1255
-546
-1057
-1009
-157
-1130
-448
-289
-916
170
-257
-220
513
115
721
486
773
909
35
1270
59
26
692
-1088
284
-544
-1080
-133
-1258
-397
-448
-773
169
-287
-11
484
-142
347
121
-118
120
-189
-148
-371
-254
-387
-434
-348
-422
-203
-154
73
102
200
618
455
683
929
725
983
843
694
876
659
550
638
514
628
519
448
670
364
333
419
125
175
53
-178
-109
-207
-365
-326
-489
-366
-451
-925
-269
-657
-903
-126
-1032
-472
22
-969
-125
-223
-787
-217
-616
-707
-588
-786
-848
-858
-732
-850
-809
-579
-671
-526
-458
-514
-142
-283
0
116
-8
877
571
1064
1862
1422
2467
2433
2362
3220
2707
2786
2885
2370
2462
1946
1380
1325
628
112
-143
-765
-1059
-1181
-1669
-1624
-1550
-1946
-1523
-1447
-1516
-892
-1115
-661
-367
-685
-96
-520
-423
-166
-806
-497
-741
-1005
-840
-1154
-1099
-1190
-1254
-998
-1285
-1101
-792
-1091
-613
-384
-575
-51
102
37
549
662
607
1068
1098
1098
1308
1083
1519
1163
1139
1514
469
1328
703
2
965
-272
8
333
-415
202
86
-85
312
69
217
168
-61
67
-203
-389
-371
-628
-747
-557
-767
-737
-582
-692
-538
-446
-477
-302
-251
-202
-52
-187
-20
-167
-262
47
-340
-223
-206
-364
-37
-253
-177
31
-181
93
85
4
382
232
364
649
490
624
896
680
942
1011
710
1054
781
622
835
249
298
468
-293
203
-125
-676
71
-676
-701
-219
-934
-660
-465
-1089
-740
-647
-1102
-597
-508
-644
-158
-327
-112
122
-14
238
-23
150
187
21
271
204
290
566
610
588
970
808
899
1176
711
984
833
540
735
296
254
192
-108
-53
-237
-362
-371
-500
-535
-393
-728
-383
-353
-671
14
-369
-198
246
-240
188
231
-118
271
71
-11
339
-125
148
224
-239
240
-213
-321
-16
-554
-324
-391
-579
-363
-618
-499
-576
-661
-605
-664
-503
-540
-411
-238
-227
88
111
171
540
254
442
441
254
534
289
475
479
408
620
430
498
515
341
339
254
147
64
136
53
-38
195
16
28
176
20
29
38
-64
-137
-8
-195
-261
-61
-364
-294
-239
-445
-297
-365
-432
-329
-418
-404
-376
-444
-337
-347
-422
-288
-325
-257
-86
-137
-32
155
158
250
342
333
520
515
550
550
395
510
373
334
382
74
221
187
-116
289
9
34
249
-297
24
-114
-358
-148
-378
-378
-230
-386
-270
-81
-164
-27
-209
-95
-34
-198
77
-26
-216
264
-112
115
302
77
472
393
567
447
555
590
500
437
386
158
92
72
-272
-179
-241
-502
-360
-510
-648
-472
-703
-718
-615
-621
-485
-383
-300
-76
95
204
383
381
675
369
625
764
310
682
252
356
296
-139
-139
-151
-340
-527
-446
-667
-516
-490
-528
-246
-318
-209
67
-88
216
284
211
538
366
372
558
358
369
325
81
145
17
-55
-32
-86
-79
-77
10
-53
-19
-17
-125
-87
-117
-178
-149
-218
-277
-312
-419
-420
-439
-467
-424
-377
-385
-241
-254
-239
-4
-30
121
219
216
357
390
381
440
406
342
393
187
180
190
-54
9
-95
-204
-190
-396
-373
-351
-406
-370
-371
-226
-57
22
166
311
373
537
515
592
668
661
663
541
621
336
414
454
136
379
75
0
57
-276
-176
-319
-250
-166
-86
8
39
184
203
260
174
206
81
1
-44
-165
-218
-304
-362
-478
-412
-451
-470
-424
-420
-346
-416
-221
-238
-172
79
-31
205
267
203
409
313
249
334
273
218
222
40
-19
57
-222
-148
-348
-607
-343
-710
-658
-440
-653
-419
-350
-448
-197
-281
-341
-141
-382
-276
-300
-483
-205
-356
-297
-93
-255
-97
-18
-58
98
200
245
329
482
469
611
654
691
855
751
901
774
755
761
527
481
324
195
62
-79
-218
-287
-411
-489
-412
-418
-312
-259
-263
-73
-84
-49
91
82
157
238
245
272
417
378
396
427
309
345
324
272
250
250
182
145
140
63
40
-49
-139
-246
-363
-492
-618
-687
-826
-912
-1008
-1035
-940
-914
-745
-577
-482
-174
-33
89
273
335
450
498
529
520
514
420
398
321
192
144
29
-22
-124
-176
-205
-173
-132
-176
-128
-101
-56
93
156
167
343
338
292
440
270
239
304
38
100
22
-211
-107
-307
-390
-325
-507
-398
-295
-371
-92
0
54
370
479
638
795
896
782
893
868
571
672
413
313
308
174
46
-105
-93
-360
-397
-419
-642
-565
-558
-564
-348
-224
-123
51
214
205
201
242
67
18
-134
-367
-463
-692
-793
-860
-981
-940
-887
-844
-659
-453
-361
-36
133
258
569
560
616
819
719
709
772
568
594
574
362
378
268
106
23
-196
-354
-450
-615
-663
-682
-755
-633
-560
-508
-260
-169
-37
182
256
455
632
627
799
896
754
756
623
404
331
154
-42
-69
-170
-290
-161
-148
-141
38
-51
-108
-14
-275
-379
-404
-761
-727
-731
-971
-718
-718
-797
-453
-455
-302
26
-37
175
439
365
467
614
489
629
688
399
615
591
402
506
400
278
322
250
72
162
117
-30
178
118
52
196
45
167
218
214
364
379
466
564
513
477
496
276
181
47
-281
-353
-545
-861
-874
-1031
-1121
-1039
-1087
-982
-880
-787
-667
-423
-244
-86
265
586
810
1079
1207
1254
1349
1163
946
881
512
220
160
-193
-269
-291
-453
-534
-505
-552
-579
-277
-257
-76
202
164
419
501
383
422
138
-47
-156
-483
-543
-614
-836
-678
-658
-758
-460
-491
-486
-262
-274
-265
-93
-107
-93
89
-38
-70
76
-38
-89
5
-158
-62
84
-19
149
145
55
102
-7
-95
-158
-266
-278
-274
-216
-48
56
186
389
472
628
754
759
873
872
761
732
586
423
310
157
19
-106
-140
-226
-237
-171
-220
-131
-107
-182
-121
-285
-415
-397
-546
-558
-602
-760
-709
-710
-716
-579
-526
-411
-312
-220
-94
34
147
226
329
323
382
462
461
429
472
535
447
490
648
451
547
571
218
457
270
-42
173
-85
-238
67
-96
-65
291
179
287
501
426
513
629
545
520
589
355
256
188
-144
-133
-386
-556
-371
-561
-427
-251
-438
-207
-106
-350
-52
-131
-387
40
-88
-113
291
-25
63
342
-31
81
133
-180
-83
-129
-280
-173
-143
-227
-124
-51
-138
-141
-106
-152
-127
-46
-139
-55
29
-64
-116
-200
-279
-402
-459
-480
-540
-401
-261
-270
-7
187
132
347
462
426
521
489
302
456
458
146
340
134
-129
74
-192
-325
-201
-431
-506
-372
-580
-628
-530
-732
-664
-512
-642
-500
-334
-281
-80
-9
50
177
193
226
233
228
313
312
370
433
401
425
374
306
319
213
108
98
118
150
188
272
321
411
435
433
425
386
335
275
263
150
121
206
124
112
96
-141
-184
-236
-528
-510
-538
-716
-567
-556
-576
-378
-344
-407
-315
-294
-397
-322
-333
-422
-197
-161
-92
131
178
208
259
384
333
369
496
436
502
612
503
558
554
337
314
166
-43
-101
-247
-437
-507
-521
-489
-446
-345
-379
-440
-323
-395
-316
-89
-211
-115
149
84
270
459
311
547
628
447
604
586
457
583
601
466
582
509
347
306
40
-168
-306
-398
-548
-627
-596
-686
-551
-472
-454
-290
-225
-154
-114
34
61
83
225
123
113
127
56
28
30
-12
-72
-50
-63
-74
-26
-69
-148
-69
-13
-12
66
62
32
113
95
42
51
-68
-177
-183
-243
-281
-194
-206
-208
-128
-101
-40
46
42
17
57
32
73
169
172
167
128
77
18
-53
-60
-93
-103
-27
44
142
312
363
390
493
452
433
405
273
175
168
69
13
76
2
4
-22
-184
-210
-301
-486
-491
-636
-793
-703
-705
-659
-462
-474
-375
-147
-162
-7
130
105
265
301
316
417
463
494
487
492
425
345
294
170
133
111
2
12
61
53
143
177
139
218
171
89
118
-61
-92
-86
-229
-148
-228
-301
-240
-335
-310
-243
-285
-201
-101
-119
-21
68
91
229
278
262
323
319
243
284
245
182
248
143
111
176
73
20
35
-79
-69
-45
-171
-149
-170
-214
-180
-206
-215
-154
-117
-87
-20
-13
34
155
211
248
241
169
150
58
-63
-127
-242
-329
-332
-379
-385
-321
-345
-321
-216
-172
-103
-29
-78
-78
-17
-77
-69
26
-19
-31
9
-47
25
121
59
110
135
59
81
90
43
37
-17
-103
-114
-160
-228
-260
-318
-322
-318
-336
-347
-331
-280
-232
-161
-93
-44
22
71
137
184
248
365
433
519
518
460
454
429
450
472
448
448
396
313
249
169
82
19
-27
-103
-158
-240
-292
-255
-217
-162
-142
-101
-43
-20
20
90
178
205
216
224
180
193
180
160
186
129
70
65
19
-30
-76
-150
-202
-180
-183
-221
-187
-233
-264
-285
-345
-338
-318
-372
-405
-379
-398
-364
-256
-176
-92
-10
-6
49
163
234
290
340
337
356
426
448
510
586
518
526
501
423
410
305
261
275
238
225
248
211
186
162
73
36
10
-85
-164
-253
-346
-364
-368
-381
-361
-396
-422
-411
-406
-354
-316
-321
-300
-257
-255
-207
-206
-184
-91
-69
-9
85
115
140
176
213
274
349
382
449
486
435
401
335
236
138
11
-120
-214
-305
-355
-411
-485
-544
-580
-624
-659
-694
-700
-643
-600
-505
-399
-305
-214
-131
-12
96
178
230
280
370
439
529
615
650
687
689
646
571
492
384
343
280
168
127
67
-29
-134
-214
-311
-346
-381
-440
-480
-528
-556
-532
-466
-433
-310
-202
-107
52
141
254
372
440
517
568
546
537
553
515
477
458
432
459
463
419
363
315
253
181
116
-11
-135
-226
-320
-371
-355
-394
-429
-416
-446
-481
-475
-486
-463
-387
-326
-271
-196
-117
-89
14
57
59
83
69
111
152
160
187
254
302
323
381
383
390
380
337
287
211
151
106
52
-40
-104
-223
-304
-351
-417
-474
-527
-555
-527
-473
-454
-407
-290
-219
-150
-83
-68
11
43
100
153
163
172
216
245
257
290
276
288
327
363
376
359
340
317
304
238
158
109
20
-29
-67
-107
-132
-192
-252
-306
-380
-416
-392
-346
-285
-248
-219
-210
-165
-81
-40
-24
-2
51
66
82
79
70
78
67
52
51
35
-7
4
-38
-78
-75
-67
-50
-42
-54
-67
-16
19
51
74
45
7
9
32
5
20
-3
-52
-40
-102
-62
-43
-109
-98
-102
-94
-45
6
2
12
46
79
103
120
124
132
152
181
254
303
271
232
182
153
180
176
144
119
82
41
20
-57
-120
-203
-285
-311
-345
-369
-377
-349
-295
-250
-186
-70
71
162
216
261
327
450
505
518
516
465
467
475
446
424
397
362
368
395
422
448
396
317
174
34
-76
-157
-208
-315
-388
-404
-405
-390
-374
-386
-376
-368
-337
-291
-273
-237
-218
-203
-159
-160
-171
-181
-237
-251
-258
-265
-275
-284
-311
-333
-285
-270
-267
-240
-219
-220
-190
-178
-168
-120
-118
-70
-1
57
137
191
217
266
318
345
312
271
212
142
103
58
61
47
20
28
-23
-80
-98
-101
-78
-65
-41
-29
-29
-9
-14
-1
12
32
63
100
134
151
186
201
173
110
42
-25
-71
-118
-156
-192
-249
-289
-274
-241
-207
-176
-171
-145
-94
-26
43
75
74
96
121
136
161
218
267
289
292
307
312
297
276
219
182
168
143
129
92
28
-32
-93
-133
-207
-261
-303
-353
-373
-391
-370
-328
-263
-202
-146
-103
-58
-10
23
95
172
256
329
360
413
459
458
444
412
330
258
158
51
-7
-47
-57
-59
-54
-39
-28
-16
-5
27
89
116
155
212
196
170
161
143
133
132
135
124
106
38
-4
-18
-37
-52
-87
-112
-122
-126
-170
-210
-226
-260
-299
-320
-319
-310
-310
-339
-342
-309
-294
-276
-284
-306
-326
-332
-307
-243
-187
-143
-115
-65
1
27
58
47
75
118
127
144
138
170
173
133
79
64
94
91
110
113
114
127
104
82
60
46
92
145
149
162
135
85
27
-11
-48
-60
-61
-95
-69
-45
-8
23
66
103
75
88
94
113
162
203
244
257
292
282
227
170
137
110
84
55
25
-5
-70
-93
-82
-75
-98
-151
-207
-242
-241
-228
-212
-189
-169
-147
-153
-148
-101
-26
50
67
68
68
71
63
55
42
32
16
-19
-48
-61
-44
-26
18
79
90
79
98
142
156
158
151
141
142
81
37
9
13
-3
-5
-10
-46
-43
-65
-51
-59
-94
-120
-139
-120
-110
-69
-26
-14
0
-21
-28
-12
19
69
120
147
181
217
261
296
284
251
230
204
157
156
97
27
-37
-132
-182
-257
-333
-374
-417
-447
-449
-457
-449
-419
-407
-411
-409
-420
-408
-351
-266
-163
-74
26
151
237
340
422
460
522
531
541
526
491
459
414
342
248
165
66
-21
-74
-115
-131
-143
-157
-182
-213
-210
-190
-146
-112
-60
-47
-22
25
73
179
281
404
486
529
558
566
527
462
413
318
225
145
69
-5
-102
-168
-232
-275
-294
-291
-279
-277
-249
-252
-273
-253
-190
-178
-193
-225
-245
-229
-234
-233
-183
-148
-119
-102
-114
-131
-156
-180
-219
-214
-198
-204
-216
-220
-202
-180
-168
-142
-108
-97
-75
-59
-9
-3
3
53
86
154
222
220
179
196
228
269
292
292
286
253
183
107
71
8
-51
-117
-175
-228
-223
-209
-199
-188
-159
-66
21
127
190
261
331
356
372
384
364
306
275
252
258
274
271
285
265
232
194
158
139
124
109
69
36
20
10
-24
-57
-108
-163
-198
-220
-227
-234
-183
-106
-35
5
30
29
16
29
39
70
60
5
-57
-139
-215
-286
-346
-419
-468
-498
-506
-487
-504
-486
-438
-392
-363
-307
-265
-221
-178
-153
-96
-30
55
131
182
190
211
243
272
290
307
303
268
234
188
157
135
99
75
75
60
72
78
53
38
29
54
69
91
120
155
195
238
294
350
382
393
366
296
274
267
255
203
128
60
-37
-91
-145
-161
-185
-226
-231
-264
-263
-271
-278
-295
-286
-246
-195
-147
-149
-130
-136
-158
-155
-136
-112
-96
-75
-83
-85
-82
-82
-73
-99
-136
-137
-77
-19
34
76
93
99
99
125
171
200
169
122
72
49
53
66
81
70
27
8
-26
-69
-103
-150
-178
-181
-138
-121
-112
-149
-198
-199
-230
-228
-196
-185
-195
-171
-106
-57
1
48
87
133
143
141
187
192
174
178
172
174
163
139
120
83
40
28
51
75
70
79
43
39
48
72
123
138
149
147
177
214
238
213
184
162
149
156
148
132
100
75
44
0
-9
15
23
4
-30
-61
-73
-95
-148
-212
-266
-271
-221
-165
-152
-139
-135
-127
-87
-40
19
38
17
-21
-43
-49
-29
5
26
22
-10
-48
-96
-132
-114
-106
-109
-114
-132
-140
-206
-237
-229
-218
-190
-193
-198
-191
-171
-135
-78
-2
45
80
63
54
73
89
110
138
182
230
250
251
233
218
219
211
203
163
103
54
21
22
48
50
24
13
29
41
65
91
98
85
64
85
72
27
-5
-57
-60
-79
-123
-145
-175
-185
-171
-132
-82
-40
-32
-35
-39
-42
-34
-14
10
-10
-9
-10
-11
-3
-6
-25
-45
-62
-83
-83
-110
-106
-115
-117
-96
-92
-108
-161
-247
-318
-330
-298
-267
-249
-225
-241
-240
-225
-178
-79
6
84
124
158
242
314
391
464
541
593
638
661
659
650
611
579
530
440
342
229
139
97
40
6
-66
-165
-234
-286
-283
-286
-288
-319
-349
-357
-349
-343
-351
-322
-288
-250
-230
-221
-205
-212
-222
-205
-155
-84
-4
19
19
24
39
50
33
54
52
32
17
20
22
-30
-99
-159
-198
-217
-213
-190
-180
-195
-168
-110
-91
-29
6
-13
14
37
86
120
153
207
224
250
310
382
439
463
455
466
468
487
479
446
381
281
173
77
19
-45
-116
-185
-234
-253
-274
-317
-335
-339
-324
-296
-261
-231
-218
-196
-156
-137
-97
-45
-2
48
85
156
215
236
266
295
313
318
310
305
270
221
148
51
-17
-72
-139
-196
-223
-265
-299
-320
-331
-316
-309
-302
-292
-293
-272
-258
-239
-217
-181
-131
-82
-44
-18
15
21
38
60
85
91
117
152
156
152
121
101
87
66
57
67
74
45
44
66
68
74
49
25
15
12
14
-15
-22
11
41
71
89
99
113
109
107
105
118
125
140
183
203
193
170
141
134
140
144
139
120
58
-12
-66
-110
-129
-116
-85
-84
-106
-125
-158
-190
-232
-273
-314
-372
-415
-459
-461
-438
-395
-304
-256
-227
-155
-61
62
176
272
351
399
448
485
507
501
474
430
393
360
355
373
361
326
280
231
186
132
64
-8
-71
-108
-152
-186
-252
-302
-333
-355
-324
-325
-329
-316
-307
-248
-178
-109
-57
-39
12
95
162
177
195
180
118
76
44
22
-6
-78
-156
-214
-231
-225
-228
-227
-246
-268
-277
-285
-290
-266
-252
-249
-194
-133
-74
-42
-26
2
44
94
150
227
276
315
345
360
371
352
308
261
209
151
124
107
82
51
9
4
38
62
37
5
-40
-47
-31
-38
-45
-100
-134
-165
-172
-91
-4
61
107
150
149
113
94
77
97
122
135
139
158
153
100
53
51
82
80
56
25
34
37
58
87
95
67
5
-22
-39
-74
-111
-132
-175
-224
-255
-287
-323
-329
-312
-296
-281
-289
-285
-294
-284
-258
-209
-136
-59
15
38
91
143
213
282
312
334
336
332
336
353
355
346
330
302
297
261
221
167
97
49
11
-44
-81
-80
-83
-76
-69
-44
-18
-21
-33
-30
-27
-26
-2
6
2
-27
-45
-53
-84
-69
-31
13
36
33
-2
-74
-146
-180
-202
-196
-204
-251
-288
-301
-298
-294
-287
-288
-287
-272
-228
-186
-143
-96
-49
-20
10
39
65
94
106
86
132
197
222
226
193
173
173
193
218
245
215
178
160
145
144
117
52
-2
-16
5
24
39
60
35
14
-21
-36
-16
-29
-60
-80
-82
-110
-149
-182
-210
-240
-230
-191
-149
-124
-116
-101
-85
-43
1
24
31
35
63
111
136
191
207
226
261
259
267
224
168
128
76
52
64
54
2
-49
-70
-83
-75
-123
-178
-230
-288
-294
-278
-240
-243
-253
-249
-216
-155
-107
-108
-114
-71
-8
83
139
162
179
182
196
227
262
261
242
203
140
89
75
74
34
-6
-29
-39
-19
-14
-45
-63
-76
-70
-18
33
60
77
100
117
145
191
234
216
170
143
145
197
221
196
165
122
93
85
95
79
29
-6
-53
-51
-49
-72
-101
-152
-187
-205
-206
-194
-178
-205
-219
-221
-209
-212
-221
-226
-268
-256
-215
-128
-26
34
51
30
31
43
38
28
24
42
24
-1
-14
-35
-65
-115
-143
-154
-139
-128
-113
-92
-96
-105
-103
-90
-76
-55
-14
0
-9
27
55
67
88
67
25
1
22
32
38
81
109
164
206
241
257
234
218
193
179
171
175
199
199
194
153
92
33
-16
-27
-32
-27
-27
-23
-50
-111
-158
-152
-156
-147
-118
-116
-101
-104
-103
-117
-119
-85
-68
-12
34
78
102
103
92
43
6
-27
-59
-84
-92
-66
-30
-3
-8
-35
-100
-203
-241
-246
-254
-251
-264
-235
-190
-162
-126
-156
-165
-158
-133
-34
72
185
267
306
339
349
392
406
393
404
422
461
469
461
374
232
127
31
-5
-29
-58
-87
-137
-163
-167
-183
-238
-295
-310
-298
-256
-209
-189
-148
-119
-98
-23
30
34
5
-27
-17
14
59
98
139
166
152
140
129
121
125
123
130
132
130
101
77
50
41
71
84
96
70
26
-5
-15
-15
-52
-113
-183
-222
-181
-145
-143
-185
-236
-248
-216
-169
-127
-74
-77
-99
-119
-126
-106
-113
-123
-126
-132
-107
-57
-15
11
31
68
82
94
95
68
40
2
-26
-6
48
84
78
104
148
167
178
139
87
45
26
35
67
115
99
62
42
44
92
148
181
163
115
75
74
87
68
22
-35
-90
-111
-89
-60
-19
-7
-27
-62
-137
-214
-277
-324
-355
-383
-399
-359
-317
-261
-184
-124
-58
8
57
111
172
204
246
266
241
207
192
169
119
109
123
177
191
188
194
185
173
124
89
33
-32
-78
-122
-128
-121
-149
-195
-245
-248
-199
-147
-107
-104
-129
-127
-78
42
169
229
255
241
215
188
127
70
25
-35
-102
-141
-109
-44
-21
-35
-40
-71
-89
-81
-69
-75
-107
-82
-23
17
35
33
23
8
2
34
98
152
192
227
273
335
377
377
347
291
245
193
157
107
20
-52
-93
-120
-155
-183
-204
-208
-194
-182
-165
-154
-188
-209
-219
-202
-162
-141
-122
-132
-104
-34
1
47
38
-12
-35
-41
-18
9
16
34
47
42
28
-6
-39
-115
-165
-160
-152
-132
-125
-117
-103
-52
14
111
221
263
292
297
313
332
311
271
209
135
97
84
83
116
88
27
10
9
34
58
46
-15
-90
-151
-202
-205
-178
-176
-203
-231
-232
-205
-165
-149
-161
-175
-210
-232
-224
-208
-189
-158
-153
-166
-138
-128
-98
-62
-48
-41
-17
2
21
13
1
26
52
98
156
205
247
259
262
238
199
200
179
150
172
203
205
212
185
149
123
115
110
114
109
94
82
48
36
7
-31
-47
-45
-24
-21
-3
-11
-29
-39
-50
-54
-94
-125
-177
-209
-228
-250
-274
-303
-308
-303
-285
-240
-176
-149
-151
-161
-160
-124
-75
-33
2
30
48
82
138
191
212
174
132
115
136
184
220
249
304
355
386
425
450
486
506
524
560
563
544
528
474
418
378
299
219
132
55
27
-17
-62
-106
-178
-246
-295
-324
-359
-391
-418
-450
-488
-502
-487
-484
-485
-487
-488
-495
-460
-394
-373
-381
-406
-394
-383
-360
-326
-297
-280
-224
-136
-76
-22
35
121
207
283
332
362
342
293
256
224
187
138
130
115
85
53
32
-15
-77
-129
-165
-160
-125
-51
-7
25
38
38
68
131
180
190
164
157
190
209
235
247
237
170
109
80
50
24
4
-10
-42
-65
-93
-115
-150
-172
-168
-138
-104
-81
-65
-90
-106
-97
-98
-103
-80
-48
-28
4
10
26
69
111
176
219
253
271
286
280
268
238
205
198
179
156
119
99
84
87
83
53
10
-36
-68
-111
-148
-167
-184
-197
-219
-233
-205
-183
-129
-115
-133
-120
-98
-30
20
61
90
83
103
152
219
295
346
353
351
361
375
342
289
223
156
78
6
-7
-36
-72
-142
-221
-297
-346
-362
-375
-389
-414
-412
-393
-384
-368
-376
-387
-383
-386
-353
-307
-265
-231
-201
-162
-129
-69
-13
5
1
40
88
127
185
206
220
197
173
163
140
111
65
13
-48
-98
-102
-95
-71
-62
-90
-89
-95
-62
-1
48
100
160
223
291
389
448
491
522
528
549
577
569
543
543
522
473
404
342
259
176
115
58
5
-85
-180
-278
-382
-447
-476
-513
-540
-576
-627
-649
-667
-662
-627
-579
-537
-497
-443
-402
-377
-343
-273
-217
-188
-131
-43
41
107
182
268
323
349
394
426
445
432
406
385
348
327
300
252
185
103
53
-5
-62
-88
-115
-151
-195
-259
-290
-288
-274
-256
-227
-190
-165
-126
-90
-25
48
87
154
205
239
306
381
457
491
516
506
475
441
392
333
264
202
149
96
65
28
-47
-96
-155
-195
-216
-236
-262
-293
-292
-316
-322
-285
-256
-252
-267
-264
-225
-162
-53
52
116
139
160
165
146
156
165
170
162
126
97
77
40
-5
-65
-74
-60
-42
-2
17
21
18
12
9
42
73
78
82
75
52
57
77
111
107
95
95
105
140
144
149
106
60
17
-45
-84
-136
-206
-305
-380
-396
-390
-400
-407
-405
-387
-365
-366
-360
-359
-320
-267
-201
-145
-107
-76
-79
-67
-43
-4
73
164
239
301
337
381
383
365
360
353
370
353
337
285
194
146
112
69
38
-9
-44
-59
-79
-90
-95
-106
-141
-136
-149
-164
-123
-80
-44
5
39
58
70
65
46
62
68
55
30
-24
-86
-146
-165
-162
-144
-141
-158
-131
-102
-105
-119
-131
-119
-105
-111
-141
-138
-128
-107
-64
-30
43
112
161
202
246
299
329
370
417
450
475
470
456
422
331
260
226
194
168
130
95
63
34
-2
-24
-45
-78
-113
-154
-196
-259
-324
-375
-441
-480
-465
-479
-486
-492
-487
-465
-441
-375
-317
-255
-182
-122
-64
-9
31
66
94
114
152
186
211
210
191
185
192
210
239
246
218
179
121
79
87
109
131
150
157
163
156
144
139
145
168
181
172
180
174
161
170
171
176
171
161
145
133
126
130
135
105
77
41
20
5
-2
35
34
6
-36
-93
-131
-160
-169
-163
-199
-237
-272
-291
-295
-325
-371
-422
-444
-453
-435
-409
-384
-346
-317
-279
-216
-127
-53
-8
36
85
137
173
196
215
226
262
307
305
287
261
212
176
145
124
99
40
-23
-91
-125
-127
-111
-81
-76
-76
-96
-74
-43
-49
-62
-71
-29
30
94
125
135
148
148
161
196
267
331
348
335
298
278
277
271
257
185
138
95
39
23
-33
-82
-129
-214
-295
-350
-358
-361
-368
-368
-374
