SAMPLES:	17533
BITSPERSAMPLE:	16
CHANNELS:	1
SAMPLERATE:	16000
NORMALIZED:	FALSE
-309
-252
-181
-133
-94
-82
-28
-19
-44
-67
-63
-73
-106
-96
-111
-110
-141
-171
-169
-182
-168
-178
-204
-184
-157
-167
-180
-157
-166
-160
-161
-147
-119
-111
-91
-69
-24
24
65
110
193
275
320
348
367
377
369
371
376
366
347
307
279
232
192
174
162
145
139
124
107
113
91
88
78
86
102
98
109
92
75
74
67
8
-16
-26
-43
-54
-87
-98
-156
-182
-194
-200
-232
-303
-317
-315
-303
-300
-281
-232
-180
-124
-70
-31
8
52
81
65
48
73
109
112
108
146
187
188
188
217
234
240
223
197
182
172
157
150
173
202
224
237
231
217
221
176
155
168
134
129
99
72
70
55
47
9
-54
-97
-158
-209
-251
-306
-339
-354
-365
-373
-361
-357
-361
-374
-350
-311
-280
-252
-241
-214
-185
-160
-120
-77
-47
-37
-32
-4
3
32
60
65
79
83
89
105
113
98
114
115
117
121
93
78
61
17
-25
-48
-47
-48
-60
-52
0
17
-6
-29
-55
-40
-51
-76
-90
-109
-130
-180
-209
-236
-244
-240
-250
-213
-182
-143
-94
-42
4
32
54
55
80
94
101
114
127
152
155
152
155
171
189
200
224
267
286
288
284
270
271
260
226
207
182
152
152
118
79
77
84
94
101
90
92
110
121
133
152
137
112
79
55
42
11
0
-40
-94
-153
-189
-198
-217
-251
-245
-229
-226
-218
-236
-195
-136
-116
-88
-37
15
64
101
152
180
187
221
252
259
233
230
217
196
165
142
143
119
91
75
80
98
55
28
48
63
66
17
-21
-49
-87
-145
-196
-217
-270
-300
-318
-327
-327
-345
-342
-333
-331
-318
-317
-362
-376
-352
-342
-316
-295
-270
-239
-227
-206
-186
-167
-139
-106
-84
-43
16
54
72
76
77
76
87
69
63
68
48
44
17
20
22
28
36
37
75
107
131
173
240
268
284
299
263
243
229
208
181
153
130
103
57
17
3
-26
-38
-64
-89
-98
-120
-123
-118
-92
-83
-62
-32
-14
35
75
118
169
187
211
222
225
228
216
224
227
216
188
152
108
71
33
15
8
-13
-19
10
29
62
112
123
139
136
91
67
56
30
-11
-56
-101
-139
-159
-177
-169
-174
-175
-133
-112
-101
-89
-83
-80
-90
-79
-100
-123
-136
-168
-203
-213
-194
-175
-157
-143
-82
-32
15
90
167
233
268
317
342
313
288
275
226
193
135
89
61
3
-43
-58
-51
-50
-55
-46
-23
-20
-7
-15
-37
-24
-24
-51
-53
-82
-99
-128
-176
-200
-235
-262
-273
-275
-278
-260
-228
-224
-207
-200
-193
-168
-158
-158
-141
-117
-83
-38
-20
18
59
95
112
118
157
192
197
194
182
160
154
147
124
110
102
89
76
58
60
57
36
26
10
17
34
23
-2
0
5
12
19
37
57
51
52
52
64
65
62
61
10
18
30
7
10
-18
-34
-44
-71
-104
-137
-143
-108
-107
-100
-71
-28
39
67
96
133
165
170
160
163
168
165
162
178
154
110
95
72
60
44
22
-14
-110
-175
-197
-233
-274
-323
-329
-320
-317
-299
-273
-250
-215
-183
-152
-110
-82
-40
-10
30
32
42
64
45
45
29
23
8
-26
-38
-25
-35
-33
-36
-26
6
-10
-25
19
83
109
149
193
236
275
297
314
326
332
330
306
263
247
239
225
215
228
225
223
231
231
251
251
233
218
203
177
128
52
0
-46
-129
-169
-192
-217
-241
-258
-231
-227
-210
-176
-169
-157
-147
-137
-154
-144
-131
-119
-116
-139
-150
-184
-198
-192
-188
-177
-171
-172
-162
-153
-164
-160
-134
-121
-119
-125
-129
-123
-104
-103
-94
-86
-87
-62
-52
-58
-30
-16
-27
-39
-61
-75
-59
-42
-29
-45
-66
-76
-93
-67
-16
11
67
141
187
232
284
331
374
387
406
427
420
393
349
288
234
187
122
67
24
-33
-70
-115
-164
-162
-177
-165
-138
-124
-99
-50
-6
25
66
112
165
183
216
248
234
260
295
295
276
242
201
149
100
46
21
-29
-83
-121
-156
-162
-170
-167
-172
-182
-199
-192
-181
-204
-188
-156
-163
-161
-153
-146
-163
-177
-191
-236
-259
-276
-292
-275
-287
-305
-324
-329
-289
-275
-245
-220
-205
-168
-116
-60
-29
1
15
31
47
38
62
82
71
82
98
107
139
142
122
122
128
124
130
154
198
228
235
256
284
318
342
365
359
365
374
336
315
323
300
261
242
216
183
175
156
138
114
88
82
65
38
35
26
1
-13
-31
-35
-32
-41
-78
-121
-197
-242
-272
-292
-321
-309
-297
-330
-345
-348
-335
-330
-323
-302
-249
-222
-173
-136
-112
-99
-98
-59
-31
-19
-33
-18
-3
9
25
26
56
93
144
218
299
370
421
473
534
565
586
600
590
574
546
500
424
349
270
189
109
6
-101
-191
-271
-317
-361
-410
-438
-458
-488
-521
-506
-490
-459
-431
-421
-410
-389
-350
-317
-306
-289
-279
-287
-320
-367
-415
-451
-496
-539
-576
-617
-628
-601
-581
-539
-463
-366
-267
-189
-93
13
96
154
229
307
380
442
484
509
521
520
529
506
492
495
490
469
437
409
413
426
411
410
407
410
396
382
368
372
352
321
304
290
274
261
269
252
215
175
116
67
30
-11
-37
-66
-99
-129
-158
-165
-140
-135
-128
-117
-119
-123
-132
-141
-138
-123
-126
-129
-137
-124
-122
-123
-124
-117
-96
-102
-92
-65
-28
6
10
38
60
81
69
37
34
30
22
6
-29
-64
-86
-117
-131
-142
-141
-172
-209
-246
-274
-263
-273
-292
-308
-306
-299
-290
-259
-226
-221
-206
-214
-245
-263
-244
-229
-222
-222
-217
-171
-125
-92
-27
32
52
95
144
184
223
267
284
285
286
294
314
334
333
318
332
351
347
323
309
296
282
250
259
266
239
232
211
176
120
80
55
12
-30
-42
-80
-122
-141
-153
-186
-210
-215
-228
-265
-288
-301
-328
-340
-358
-361
-368
-367
-356
-333
-306
-290
-274
-288
-282
-247
-196
-130
-81
-23
44
117
154
174
199
218
247
251
277
273
271
262
264
261
254
242
240
226
189
175
138
119
101
81
53
63
59
44
51
39
12
9
15
23
25
29
52
63
80
94
90
47
22
22
-8
-39
-68
-94
-107
-101
-103
-80
-77
-84
-88
-100
-87
-61
-47
-39
-17
1
24
46
81
109
125
111
98
116
107
100
111
138
130
124
137
126
93
51
22
-3
-9
-30
-41
-35
-42
-44
-34
-36
-37
-52
-81
-95
-87
-73
-89
-105
-86
-70
-100
-125
-141
-121
-117
-130
-116
-123
-115
-104
-67
-39
-55
-53
-59
-61
-81
-98
-85
-91
-111
-113
-114
-100
-68
-27
3
23
63
99
124
166
198
188
180
199
168
137
120
97
91
79
98
91
77
80
70
67
81
81
77
75
60
48
49
34
17
-1
-23
-42
-54
-75
-79
-64
-71
-67
-77
-72
-63
-64
-85
-117
-151
-173
-224
-240
-214
-204
-192
-206
-209
-211
-203
-198
-205
-219
-210
-184
-138
-84
-53
-17
11
64
98
116
136
164
210
205
178
164
166
147
102
81
75
83
69
63
61
50
48
43
57
53
62
59
55
65
52
67
48
27
36
34
33
15
0
-1
5
13
52
67
81
114
139
165
159
154
146
138
122
128
130
104
95
88
66
37
18
17
37
25
36
50
50
53
63
82
49
33
10
-11
-5
7
19
40
54
54
73
82
91
71
70
67
30
26
33
18
-30
-54
-84
-108
-123
-145
-142
-156
-170
-166
-172
-166
-156
-131
-114
-125
-113
-141
-170
-165
-149
-134
-145
-156
-159
-172
-171
-173
-191
-216
-233
-212
-191
-154
-132
-133
-127
-120
-136
-143
-114
-89
-78
-68
-29
15
26
36
46
55
66
62
60
56
71
84
78
78
95
104
117
139
119
141
161
164
197
215
246
244
225
219
198
199
202
171
129
102
100
86
81
92
114
114
101
116
132
147
141
119
107
86
61
44
30
2
-46
-65
-62
-58
-58
-47
-29
-37
-36
-20
-1
0
-7
-17
-48
-93
-109
-121
-159
-155
-124
-135
-150
-159
-162
-160
-177
-180
-166
-157
-140
-142
-121
-91
-79
-61
-74
-81
-88
-92
-75
-42
-40
-38
-15
-8
12
18
8
17
28
34
46
54
53
42
46
45
31
18
16
12
-4
-4
-26
-35
-18
8
35
26
36
47
59
61
65
75
61
45
51
57
57
67
57
59
89
99
109
101
84
78
82
111
128
144
168
199
210
215
203
194
180
146
128
101
62
34
8
-25
-20
-14
-44
-71
-95
-120
-125
-126
-143
-158
-149
-123
-109
-106
-124
-121
-122
-129
-122
-128
-97
-73
-72
-92
-117
-103
-90
-83
-93
-80
-65
-75
-84
-111
-110
-97
-96
-108
-102
-109
-93
-70
-57
-39
-46
-46
-42
-49
-41
-27
-35
-52
-59
-50
-46
-42
-53
-40
-1
18
38
82
120
166
168
187
218
213
205
179
151
123
102
87
76
40
13
8
-16
-24
-17
-29
-36
-40
-60
-72
-83
-82
-82
-88
-81
-76
-72
-67
-66
-74
-68
-79
-85
-79
-52
-13
-4
0
26
38
48
39
50
84
94
110
126
141
150
185
196
220
232
217
227
220
200
155
133
106
81
62
45
38
17
5
-6
0
5
17
51
76
102
115
126
143
169
190
213
210
189
181
166
157
164
133
94
52
-6
-31
-45
-64
-88
-106
-133
-177
-221
-254
-267
-285
-300
-319
-338
-339
-333
-306
-310
-304
-301
-326
-354
-361
-344
-335
-337
-326
-325
-310
-291
-285
-253
-232
-211
-199
-167
-126
-93
-70
-42
-42
-36
-24
-10
37
53
95
110
117
139
164
172
192
197
189
197
193
218
204
204
221
210
206
206
197
196
209
209
210
225
224
231
217
197
172
147
121
71
46
26
5
-29
-44
-75
-105
-122
-118
-142
-162
-159
-155
-177
-218
-221
-223
-199
-190
-158
-134
-112
-71
-64
-25
53
108
157
225
282
327
390
421
444
459
479
516
523
511
516
503
506
494
458
416
362
346
313
233
183
125
63
15
-108
-93
-256
-282
-281
-446
-395
-512
-481
-541
-526
-462
-542
-480
-488
-486
-480
-410
-388
-328
-330
-288
-313
-276
-211
-245
-193
-220
-179
-202
-172
-122
-108
-98
-93
-59
-11
19
26
81
78
25
48
50
52
4
-11
47
48
37
55
63
73
68
48
67
89
122
110
84
64
34
7
-6
-10
-2
-13
-11
-27
16
40
-4
4
23
26
35
38
60
112
110
68
29
73
80
49
45
85
79
55
56
109
164
149
164
205
262
286
323
336
381
380
345
330
317
325
287
266
261
242
182
158
172
192
176
139
196
203
202
183
168
198
149
125
122
102
76
51
35
18
-9
-78
-160
-198
-236
-254
-285
-318
-329
-358
-373
-405
-444
-452
-458
-446
-464
-475
-446
-452
-487
-485
-461
-449
-429
-389
-347
-298
-227
-165
-101
-54
-17
10
47
76
114
142
167
184
182
172
175
182
164
152
119
110
104
82
80
54
41
8
-34
-59
-108
-107
-118
-104
-90
-101
-83
-82
-88
-89
-75
-43
15
50
99
141
172
214
250
234
196
178
185
188
180
179
166
161
93
83
94
80
73
32
14
-2
-38
-59
-76
-79
-81
-73
-32
-38
-11
7
19
48
56
92
120
172
197
190
199
183
189
209
189
182
178
197
203
181
157
163
126
93
116
107
101
92
93
97
65
46
38
31
22
10
37
83
109
123
110
84
62
36
41
11
11
2
-43
-95
-147
-176
-239
-282
-325
-344
-365
-392
-410
-469
-507
-520
-519
-505
-489
-448
-440
-414
-370
-373
-350
-317
-265
-233
-187
-113
-78
-37
1
39
67
98
134
148
149
155
141
154
167
156
174
191
175
152
147
128
111
115
140
185
235
249
252
252
243
242
232
227
204
201
207
170
159
131
118
124
74
29
-21
-67
-95
-130
-131
-126
-114
-118
-129
-136
-120
-95
-103
-103
-98
-91
-94
-86
-79
-91
-96
-80
-77
-55
-28
-30
-8
11
47
76
85
85
73
71
63
51
19
28
16
31
28
-2
7
-9
30
68
95
111
130
144
148
162
194
231
228
224
240
238
201
201
197
139
65
-28
-87
-137
-194
-220
-240
-255
-282
-293
-307
-308
-313
-316
-312
-327
-314
-290
-276
-247
-221
-185
-124
-80
-33
9
36
71
126
195
246
307
349
357
382
382
379
378
366
344
304
233
154
69
2
-90
-206
-267
-324
-363
-380
-399
-407
-381
-346
-324
-282
-224
-184
-137
-85
-43
15
42
64
53
3
-20
-60
-91
-81
-96
-95
-87
-75
-47
-50
-11
10
34
60
95
130
167
205
239
292
326
370
405
429
456
466
473
484
486
493
475
465
456
436
415
345
260
195
118
41
-35
-121
-187
-266
-307
-335
-346
-325
-292
-238
-203
-187
-164
-129
-135
-163
-207
-251
-304
-386
-468
-559
-647
-720
-749
-768
-775
-731
-646
-571
-500
-383
-248
-135
-33
59
132
191
220
254
251
246
252
230
219
179
138
93
50
-5
-84
-92
-93
-94
-88
-74
-35
-17
15
47
67
97
93
57
38
12
-5
-15
-1
11
59
106
163
242
304
357
395
440
471
478
485
478
451
424
384
360
332
295
282
251
213
192
176
193
228
228
245
265
273
244
234
226
209
165
142
148
120
122
99
74
51
7
-34
-69
-92
-102
-138
-178
-206
-231
-259
-268
-280
-271
-260
-311
-340
-376
-426
-472
-508
-509
-516
-499
-462
-431
-408
-386
-342
-313
-279
-244
-232
-219
-188
-152
-128
-82
-50
-11
33
53
67
72
64
24
-9
-35
-80
-96
-92
-73
-52
-61
-84
-81
-89
-116
-91
-57
-38
5
65
139
191
216
254
267
256
224
196
172
128
105
118
152
196
229
267
305
325
326
315
325
337
359
351
345
345
333
289
232
191
121
78
1
-35
-60
-112
-104
-100
-83
-62
-33
0
28
28
13
1
-21
-37
-41
-13
10
24
62
76
75
66
30
-11
-63
-119
-158
-198
-232
-230
-227
-264
-281
-323
-376
-398
-455
-482
-472
-472
-430
-397
-377
-348
-299
-195
-84
8
81
164
208
226
248
271
301
326
373
404
413
387
366
325
285
257
204
200
210
203
198
200
175
137
114
118
136
149
138
128
104
46
-12
-85
-123
-105
-92
-75
-59
-44
-33
-74
-89
-90
-101
-104
-99
-57
-19
-2
-1
-11
-26
-63
-74
-58
-33
-5
-15
-41
-78
-104
-128
-156
-167
-195
-204
-214
-213
-213
-221
-207
-191
-151
-122
-67
6
58
95
93
71
30
-30
-102
-107
-71
8
94
155
230
251
236
195
155
140
89
51
-1
-68
-125
-160
-155
-119
-31
27
68
79
67
14
-68
-126
-154
-170
-170
-96
-29
-5
12
7
-17
-30
-53
-72
-60
-51
-24
36
112
169
181
163
111
50
19
6
1
1
0
8
25
31
19
21
31
33
12
-17
-62
-120
-144
-111
-63
26
123
227
300
295
266
187
110
30
-57
-78
-47
-12
33
76
112
124
109
84
44
-2
-57
-100
-130
-136
-117
-97
-65
-25
-18
-16
5
27
25
-1
-26
0
48
86
148
201
221
213
175
141
122
97
94
83
115
140
166
196
208
229
190
162
128
73
7
-65
-105
-151
-151
-91
-31
8
0
-37
-96
-145
-182
-247
-284
-336
-385
-413
-401
-381
-361
-318
-293
-251
-206
-129
-64
-6
62
124
185
231
260
242
221
188
149
93
39
-8
-55
-74
-76
-53
-30
-6
24
70
109
130
119
93
75
53
42
11
-21
-27
-46
-73
-68
-82
-123
-136
-156
-190
-192
-183
-161
-157
-152
-141
-133
-120
-134
-144
-144
-143
-143
-159
-174
-170
-185
-149
-101
-44
19
71
125
117
102
105
135
168
203
225
212
199
164
127
93
78
74
65
69
84
86
87
69
50
45
50
116
170
198
188
194
182
122
82
16
-39
-62
-82
-71
-68
-81
-76
-74
-71
-44
-18
-8
-23
-64
-87
-133
-182
-210
-231
-244
-224
-203
-132
-71
10
69
96
178
233
300
295
275
278
280
285
272
283
274
233
192
150
150
164
167
154
136
123
100
74
51
5
-26
-66
-96
-113
-136
-135
-132
-110
-92
-41
20
73
115
113
72
17
-51
-96
-101
-103
-137
-187
-237
-280
-303
-312
-308
-313
-303
-309
-313
-314
-301
-308
-299
-251
-199
-126
-79
-30
14
31
56
85
101
126
145
156
144
128
103
66
44
15
-31
-74
-104
-132
-127
-119
-108
-74
-59
-64
-56
-52
-53
-42
-57
-53
-24
18
42
65
84
84
81
92
94
79
70
39
23
10
6
-20
-35
-55
-59
-54
-14
70
111
140
142
167
166
157
151
170
189
178
188
187
186
170
182
175
186
196
201
198
193
255
292
306
304
311
285
234
179
97
87
68
53
27
-14
-11
-34
-60
-76
-60
-61
-72
-87
-113
-142
-183
-237
-287
-270
-287
-305
-323
-311
-293
-255
-228
-233
-202
-212
-218
-250
-254
-221
-170
-196
-178
-139
-97
-115
-108
-79
-36
4
-18
8
27
90
89
96
92
101
88
53
16
-28
-60
-84
-121
-99
-40
-40
-58
-129
-126
-118
-98
-135
-174
-133
-138
-69
-124
-79
-61
-1
23
33
98
103
184
123
158
143
181
224
237
250
236
274
248
203
185
169
129
109
85
69
116
110
156
201
200
192
174
158
154
169
159
176
151
116
91
67
39
8
11
-14
-30
-44
-19
1
2
17
24
47
30
40
-1
-15
-46
-65
-49
-87
-116
-148
-131
-125
-95
-68
-73
-65
-53
-52
-55
-61
-49
-29
-4
0
-26
-31
-45
-36
-27
-41
-43
-40
-58
-94
-108
-111
-98
-78
-67
-34
-35
-39
-47
-60
-78
-108
-113
-124
-110
-115
-91
-68
-45
-10
-22
-25
-56
-100
-104
-93
-80
-103
-109
-115
-142
-142
-164
-173
-171
-158
-160
-165
-151
-145
-127
-126
-97
-64
-53
-8
27
33
40
47
42
99
140
160
193
182
188
182
179
170
170
175
176
188
216
222
216
233
232
235
224
210
180
140
114
87
58
48
53
64
85
101
102
117
141
140
121
83
55
17
-6
-26
-61
-73
-66
-85
-110
-103
-90
-41
-33
-19
10
50
105
100
91
77
41
-17
-41
-55
-90
-80
-102
-158
-208
-245
-288
-307
-306
-285
-251
-243
-215
-165
-133
-121
-97
-71
-52
-8
56
101
120
129
136
129
121
122
129
122
108
118
105
79
51
38
24
-9
-18
-28
-43
-27
-8
13
60
80
95
106
114
108
104
69
58
50
26
-7
-42
-61
-103
-126
-156
-176
-178
-184
-175
-167
-161
-132
-110
-112
-109
-98
-84
-99
-112
-98
-67
-59
-59
-44
-33
-5
9
17
21
48
71
97
115
108
118
112
97
60
60
62
46
20
2
5
-20
-37
-49
-59
-74
-80
-89
-105
-91
-60
-25
-19
-9
9
28
38
42
59
65
66
71
45
22
1
-10
-17
-33
-30
-33
-51
-65
-88
-132
-127
-102
-83
-62
-54
-23
4
66
112
150
167
193
232
251
283
281
286
292
304
302
288
260
225
204
177
134
97
57
26
33
22
12
3
-5
12
35
16
4
32
38
55
71
85
87
83
86
89
91
63
36
-22
-96
-142
-194
-255
-300
-334
-389
-386
-383
-406
-408
-435
-429
-382
-347
-315
-302
-294
-251
-205
-152
-107
-98
-65
-12
21
55
56
79
100
79
81
89
95
99
86
74
81
85
99
84
53
41
56
46
18
14
25
27
17
18
-5
-42
-13
25
29
28
30
25
0
-17
-34
-21
-18
-47
-56
-52
-46
-49
-42
-19
7
15
20
26
73
118
129
145
185
224
232
207
193
180
156
151
131
138
111
81
87
83
101
118
147
166
157
145
119
105
92
72
36
6
-7
-20
-30
-49
-69
-77
-72
-67
-67
-74
-74
-64
-79
-99
-105
-109
-103
-137
-159
-194
-235
-264
-291
-322
-373
-405
-421
-429
-418
-395
-376
-333
-311
-285
-238
-183
-123
-88
-38
2
46
72
119
177
215
260
281
323
340
338
344
340
363
352
334
348
357
359
361
348
323
301
296
290
271
268
250
254
266
255
221
193
159
117
88
56
27
-2
-33
-43
-19
-11
-21
-42
-59
-76
-113
-160
-223
-283
-337
-407
-429
-421
-416
-399
-410
-399
-369
-353
-337
-329
-317
-280
-244
-244
-242
-245
-249
-265
-270
-218
-170
-121
-84
-51
-22
24
58
77
114
164
210
222
240
225
194
179
168
157
118
98
110
130
172
181
187
216
205
167
134
109
83
29
-23
-59
-101
-105
-73
-61
-67
-82
-82
-63
-53
-45
-41
-53
-55
-41
-2
47
140
201
256
324
334
317
287
283
303
308
310
291
233
183
148
126
122
120
112
73
-6
-60
-136
-184
-204
-222
-214
-183
-105
-48
-37
-18
4
35
42
12
-9
-34
-51
-77
-106
-151
-171
-168
-207
-249
-295
-331
-348
-346
-296
-275
-267
-281
-276
-247
-241
-211
-159
-78
-19
46
101
120
142
194
254
317
362
375
357
297
284
271
209
156
106
105
147
156
136
103
88
89
98
96
58
5
-34
-57
-99
-171
-244
-309
-320
-293
-269
-258
-271
-267
-234
-238
-267
-297
-325
-287
-253
-162
-77
-27
30
115
189
209
245
290
352
411
442
437
399
339
292
267
230
190
152
109
104
119
121
100
120
156
269
323
373
321
306
369
384
432
346
285
171
135
47
-28
-153
-207
-247
-284
-335
-475
-517
-607
-575
-568
-558
-581
-582
-549
-463
-389
-361
-326
-296
-211
-138
-125
-170
-223
-226
-162
-88
-65
-59
-80
-51
-18
-14
-14
-23
38
142
254
342
361
387
446
493
562
531
490
452
466
505
470
392
243
241
317
281
64
-140
-91
-17
-26
-148
-231
-221
-190
-135
-72
-45
-116
-190
-114
41
73
-25
-149
-114
-18
-61
-189
-320
-340
-334
-319
-276
-264
-307
-370
-343
-240
-186
-222
-254
-240
-136
-7
59
55
60
106
152
183
203
172
124
110
133
140
95
66
70
130
142
131
110
92
119
176
219
189
111
59
48
49
42
-60
-143
-133
-87
-86
-164
-211
-200
-178
-169
-178
-233
-279
-258
-191
-110
-94
-117
-82
38
163
225
187
149
181
284
369
356
329
343
360
369
348
299
243
177
152
137
136
105
64
58
83
114
78
25
15
77
92
83
69
91
140
166
181
151
77
4
-55
-113
-151
-186
-240
-311
-373
-417
-462
-501
-517
-531
-499
-494
-490
-491
-501
-483
-436
-346
-265
-203
-128
-19
71
123
132
140
173
179
176
172
148
136
150
210
242
246
251
269
357
423
452
436
420
396
401
394
372
358
319
289
299
295
227
159
119
84
6
-101
-193
-238
-264
-263
-250
-236
-225
-223
-195
-172
-180
-171
-176
-164
-154
-159
-190
-268
-288
-264
-266
-301
-326
-337
-321
-311
-351
-413
-445
-444
-409
-369
-319
-257
-189
-66
20
88
127
159
206
205
153
93
35
3
-3
2
20
37
96
115
104
141
181
200
197
220
283
344
393
422
428
428
391
319
251
173
120
95
87
64
33
6
-66
-129
-180
-205
-211
-177
-120
-117
-97
-62
0
28
26
5
-1
-7
-13
5
0
25
42
76
69
52
43
9
-23
-50
-57
-85
-81
-112
-138
-135
-155
-136
-107
-83
-61
-29
27
44
29
-15
-32
-10
5
33
41
0
-48
-59
-55
-36
8
49
62
79
93
127
121
98
91
90
96
70
50
7
-39
-111
-152
-151
-150
-144
-123
-80
-52
-45
-9
15
21
61
124
191
228
253
299
338
345
323
309
301
288
275
241
215
197
156
139
135
148
166
170
171
163
151
122
78
18
-18
-62
-117
-189
-214
-248
-319
-405
-445
-461
-504
-509
-514
-481
-458
-415
-414
-388
-367
-339
-306
-317
-279
-258
-231
-217
-203
-150
-119
-142
-173
-167
-136
-127
-146
-142
-140
-119
-96
-87
-42
-55
-66
-64
-65
-22
15
38
59
104
151
199
217
266
312
323
343
359
395
416
436
474
512
503
495
465
438
400
342
303
257
224
205
222
212
169
141
134
89
42
-2
-33
-63
-102
-98
-110
-107
-95
-102
-93
-82
-56
-14
-19
-30
-27
-36
-43
-69
-102
-109
-134
-156
-161
-158
-147
-146
-129
-109
-116
-141
-128
-116
-130
-152
-168
-118
-126
-144
-111
-117
-117
-122
-126
-93
-60
-67
-20
-20
-35
-27
-26
10
12
5
3
18
23
54
60
68
72
56
91
87
43
51
53
21
11
0
30
28
26
78
29
32
60
43
41
28
15
12
44
42
58
37
8
35
11
20
4
24
43
53
70
75
116
102
111
122
140
111
67
82
75
51
83
89
113
123
84
106
83
96
100
65
69
43
20
20
-31
-95
-91
-108
-139
-158
-193
-195
-227
-249
-245
-251
-267
-256
-298
-257
-235
-270
-183
-160
-136
-81
-52
-35
-36
-41
51
34
67
102
136
158
140
180
159
198
118
155
175
92
174
173
128
161
63
50
81
9
54
-50
-62
-64
-173
-104
-94
-126
-20
-59
-43
38
-56
-1
-35
-76
-52
-42
-102
-84
-118
-143
-43
-213
-100
-91
-165
29
-134
-60
53
-95
51
8
0
153
16
203
235
215
433
321
425
495
385
470
387
277
380
225
159
179
-58
35
-84
-209
-45
-284
-187
-149
-304
-101
-247
-194
-76
-224
-53
-127
-131
-7
-189
-83
-57
-162
-27
-78
-29
107
-25
111
160
33
193
86
80
181
44
166
141
35
194
65
39
142
-52
-56
41
-140
-31
-128
-182
6
-142
-52
-7
-102
9
48
-35
159
0
-9
104
-91
43
-77
-152
-143
-285
-288
-347
-413
-372
-444
-432
-270
-387
-257
-151
-251
-71
-138
-54
-4
-96
110
28
86
182
-23
109
-7
-71
44
-53
-27
77
-22
76
192
23
396
143
325
426
190
690
348
494
625
311
468
468
207
535
287
213
576
41
409
275
-18
274
-68
-33
70
-160
-8
-65
-217
-156
-289
-406
-333
-459
-615
-480
-738
-597
-609
-781
-484
-722
-514
-474
-588
-297
-464
-321
-240
-224
-101
15
92
164
344
262
424
473
449
590
537
652
505
433
575
318
414
288
288
144
55
132
-148
186
-153
-27
43
-155
60
-55
-70
-50
62
-121
136
-16
6
230
-167
213
-5
-153
156
-263
-100
-122
-353
-115
-375
-210
-173
-428
-38
-324
-307
20
-341
-16
35
-164
251
31
197
264
64
473
115
313
420
181
478
355
266
343
331
36
297
139
-73
140
-122
-47
-49
-147
-102
-134
-105
-133
-13
-106
-72
35
-241
5
-132
-179
-52
-200
-104
-169
-168
-255
-349
-390
-511
-571
-705
-666
-773
-757
-683
-860
-681
-661
-677
-533
-293
-393
-30
98
-86
590
278
662
910
625
1216
774
1006
1099
771
1099
696
675
659
450
530
339
236
291
155
142
162
31
228
58
91
298
119
370
331
330
498
325
380
294
168
123
-219
-249
-465
-714
-728
-909
-1067
-988
-1069
-1106
-854
-1058
-746
-672
-666
-310
-405
-59
34
191
409
350
512
492
466
433
404
208
120
91
-259
-156
-362
-510
-439
-635
-485
-539
-498
-342
-314
-184
-40
61
203
371
371
571
611
540
765
546
564
498
404
367
241
221
102
108
-183
70
-393
-235
-121
-629
-98
-436
-396
-160
-383
-207
-45
-173
44
9
71
264
50
292
251
217
390
350
240
498
307
299
488
132
330
64
92
-43
-170
-141
-484
-353
-527
-458
-386
-365
-290
16
49
305
782
654
1377
1203
1328
1556
1075
1226
646
357
-98
-679
-1074
-1668
-1992
-2355
-2614
-2664
-2668
-2575
-2286
-1939
-1617
-999
-529
-18
681
1053
1700
2002
2246
2522
2316
2329
1988
1608
1215
625
193
-294
-702
-974
-1107
-1311
-1107
-1014
-786
-287
-52
548
932
1365
1707
1991
2218
2205
2309
2034
1766
1394
899
323
-151
-726
-1290
-1585
-1980
-2226
-2179
-2247
-2082
-1795
-1619
-1148
-985
-527
-240
-29
263
323
437
368
344
200
135
-100
-268
-359
-584
-531
-616
-521
-434
-287
-70
88
346
439
696
759
906
955
937
881
850
645
479
449
157
107
3
-96
-76
-39
-29
125
76
279
302
293
425
322
370
337
169
30
-106
-420
-525
-846
-1047
-1140
-1458
-1434
-1529
-1532
-1371
-1387
-1092
-913
-662
-295
-145
79
381
519
576
764
481
667
467
161
383
-86
-67
1
-385
2
-211
-31
234
7
708
524
944
1038
1384
1154
1896
1523
1471
2208
721
2084
835
837
1054
127
460
46
-60
-199
-37
-624
-218
-647
-685
-578
-1040
-1046
-1001
-1329
-1135
-1123
-1314
-837
-965
-781
-515
-449
-510
1
-519
148
-288
-85
10
-359
411
-470
423
-284
97
306
-150
503
58
502
425
728
435
999
780
805
1368
693
1559
945
1388
1277
1251
1335
1122
976
1002
548
501
133
-421
-29
-1085
-750
-1081
-1608
-1258
-1351
-1718
-910
-1427
-1074
-583
-1048
-657
-476
-937
-629
-740
-1243
-646
-1507
-1095
-1439
-1365
-1117
-1390
-913
-957
-369
-371
272
101
839
878
760
1692
752
1730
992
980
1202
490
836
196
351
340
397
126
890
284
969
1061
554
1406
818
1042
770
909
137
787
-386
-141
-106
-1204
-116
-1686
-604
-1114
-1354
-746
-1102
-1187
-499
-1071
-817
-13
-1443
110
-709
-693
166
-894
-18
-8
-346
293
300
392
725
835
751
1072
1127
760
920
1023
378
1079
385
665
1214
342
1528
768
1353
1442
1012
1509
1129
960
768
798
-194
692
-695
-378
-232
-1287
-292
-1338
-776
-1142
-461
-1296
-223
-515
-552
285
-638
425
-630
209
-1150
-51
-1456
-1183
-1195
-2386
-899
-2759
-958
-2192
-856
-1201
-731
102
-490
1276
-178
1574
1057
822
1816
505
1218
1127
154
642
259
-229
252
-410
-337
-4
-482
-253
-151
-236
-183
-100
-194
32
155
-177
205
148
33
547
-179
447
116
181
249
-149
660
-457
485
-318
-82
-65
-655
-227
-1227
35
-1413
-389
-457
-708
449
-1
427
936
839
858
1578
408
1994
590
1449
1509
598
2055
551
1277
1070
121
676
21
-741
388
-1379
40
-376
-836
827
-608
1009
197
668
761
365
724
-32
233
-79
-166
-641
-174
-1264
-619
-1421
-1808
-1164
-2543
-1674
-2496
-2217
-1696
-2192
-1462
-1095
-1474
267
-980
-54
857
-1072
1637
-854
125
437
-1233
108
-725
-1127
-154
-326
-828
1859
-548
2580
2244
1444
4750
1259
4032
2548
1652
2850
524
1377
661
-123
353
-343
-366
-504
-1027
-662
-1539
-1208
-1628
-1851
-1506
-1316
-1833
-477
-826
-597
820
-795
1420
-11
671
319
-2
147
-758
-719
-1175
-1064
-1716
-1071
-2529
-650
-1576
-1018
241
-887
1406
863
1391
2272
2158
2337
2606
2429
1914
2298
1003
1021
398
17
-315
-710
-554
-935
-36
-292
72
772
535
1106
1348
678
1174
583
242
444
-189
-442
16
-731
-238
-29
-1420
492
-1518
-1102
-233
-3144
-305
-2309
-2497
-426
-2753
-831
-801
-1545
394
-472
-75
409
-260
642
-251
286
-440
153
-344
-218
-209
-691
368
-1270
832
-807
565
1191
112
2762
1240
2783
2729
2129
3006
1911
1980
1340
819
513
89
-414
-463
-880
-807
-975
-1314
-945
-1364
-975
-1201
-1031
-897
-831
-544
-746
-640
-777
-1219
-1594
-1505
-2379
-2353
-2458
-3170
-2327
-2364
-2043
-1425
-543
-600
969
1037
1393
2970
1990
3398
2935
2865
3007
2347
1794
1835
535
340
-57
-1206
70
-1170
75
54
-67
1586
645
1944
1930
1197
2105
1164
1298
1235
592
689
747
532
630
681
-65
635
-994
-1050
-1250
-3577
-1637
-4343
-3514
-2309
-4029
-780
-2162
-327
799
709
2157
1208
2508
953
1648
161
-32
-457
-1657
-1390
-2880
-1395
-2801
-1446
-2079
-1698
-745
-1608
-437
-1587
-504
-1069
-649
-27
173
2540
3065
6542
7908
9202
10328
8745
8997
6456
3573
304
-3922
-5955
-7952
-9116
-9118
-8157
-6846
-5097
-2902
-1789
124
321
208
757
228
753
753
854
1615
2013
2536
2099
1846
850
-632
-1773
-3618
-4268
-5282
-5179
-3933
-4106
-910
0
2365
4822
4641
6244
6042
6266
5048
4197
2107
1811
1091
-54
165
-551
221
51
453
216
644
415
-72
-167
-364
210
59
75
-174
-382
-1190
-2219
-2814
-3495
-3886
-3893
-4300
-2821
-2038
-378
274
815
1756
1038
1760
256
-293
-1917
-2241
-3041
-2168
-2213
-2600
-809
-2253
698
-810
-1019
-1250
-3961
-3243
-5595
-5398
-4766
-4763
-2024
1379
5878
11602
16192
18679
20216
20177
17344
14921
8656
2168
-3186
-9382
-11361
-13978
-13903
-12908
-11189
-8852
-6896
-4537
-3567
-2321
-2518
-1262
-71
1252
3783
5357
7869
10224
10905
10656
9364
6930
3711
127
-4696
-7460
-10346
-12661
-12029
-12965
-10699
-8375
-6416
-2370
-475
2080
3750
4835
5826
6190
5948
5040
4946
3797
3960
3270
2614
2244
670
1373
-307
-757
-1460
-3035
-2333
-3282
-2758
-1921
-1152
402
179
1382
1869
2717
3363
1851
2379
1391
1672
574
-241
-622
-2013
-1895
-3750
-2885
-2949
-2741
-1906
-1805
-384
-1
261
362
629
786
1068
324
640
263
7
-191
-1194
-1303
-1870
-2113
-2184
-1455
-1520
-36
317
1984
2423
2177
2930
1603
1877
375
-861
-1762
-1780
-2045
-1308
-430
62
1679
1091
2483
2161
1520
1120
-1377
-1134
-2617
-2454
-2782
-3404
-1803
-2615
-579
-286
-1043
686
-1320
-1203
-1198
-3152
-2286
-2266
-1244
777
3087
7293
11153
12912
13394
13112
12238
10865
6237
969
-2572
-5997
-7514
-9195
-9571
-7644
-6281
-4551
-2855
-1499
-179
-662
-1391
-1522
-1385
-628
198
1774
4282
6629
7639
8299
7620
6431
3467
49
-3452
-6883
-9056
-11069
-11286
-11214
-9289
-7547
-4123
-1579
739
3091
3889
6061
5813
6942
6346
5759
6378
3636
4333
2179
-674
-879
-4516
-4928
-6335
-8448
-7661
-7351
-6122
-4785
-4190
-2125
-456
433
1116
1258
2247
2747
3121
3223
4141
5168
5701
6325
5967
5812
4559
3002
1142
-701
-2622
-4759
-5506
-6350
-5927
-5617
-4937
-3737
-2346
-1163
-202
1277
1221
2477
1618
1614
1180
-195
-907
-1962
-2239
-3477
-2880
-4497
-3220
-3149
-3415
-2339
-3110
-2957
-2926
-2874
-2923
-1787
-1279
549
3201
6156
9266
13053
15572
17680
17425
15372
13744
9562
5897
546
-3623
-5974
-7801
-7954
-7539
-5899
-3800
-1808
-817
850
755
615
-158
-1564
-546
-1023
-292
1351
2509
4846
5667
5708
5844
4068
2091
-523
-3382
-4926
-6957
-8182
-7660
-7342
-5897
-4475
-3809
-1229
-490
-111
394
69
361
268
-420
-570
455
307
2155
1314
2936
2861
2103
2836
-97
628
-1547
-2381
-3254
-4213
-4653
-4598
-4797
-4550
-4146
-3740
-2735
-2212
-889
-618
1363
1588
3556
4188
5230
6121
5765
6039
4769
4320
1912
682
-1826
-3517
-4337
-6163
-6206
-7202
-6634
-6171
-5386
-4283
-3199
-2532
-1311
107
103
2058
1093
1581
2191
683
1692
282
-504
164
-1781
-1527
-2607
-3869
-2614
-3762
-2684
-2067
-2361
-589
11
-357
1070
-1144
-1001
-819
-3164
-261
-660
2571
7073
8630
13944
17593
20981
23463
21179
18829
15129
10385
5565
-786
-5733
-8400
-10360
-10946
-10702
-10477
-8304
-7961
-7852
-6841
-7105
-5596
-5083
-3604
-837
2203
6383
9218
12996
15129
16070
15765
12724
9735
5347
-73
-4831
-10171
-14082
-16229
-17955
-17322
-15912
-13735
-9834
-6199
-2312
1723
3899
6554
7923
7744
8087
6166
5317
4665
2520
2540
681
-324
304
-2562
-2635
-5183
-7114
-6820
-8259
-8160
-7163
-6712
-4434
-1699
-1719
2614
1525
3620
5341
2807
5877
2755
3362
2974
1314
1636
-178
-731
-1873
-2200
-3473
-4489
-5258
-5793
-5797
-4628
-4749
-3273
-1846
-923
1476
1977
3218
3479
3305
2816
2041
980
-388
-895
-2383
-2111
-1887
-2159
-91
-885
841
1541
86
2035
82
803
2061
475
2820
2170
3600
4763
3845
3434
921
-583
-3945
-4776
-8151
-7231
-6214
-4344
924
2724
9760
12982
17671
20625
18911
18438
14162
10484
5662
-121
-4657
-7720
-8921
-8904
-7458
-6540
-4370
-3091
-2962
-2536
-3809
-4450
-5455
-5961
-4483
-3207
475
3395
7237
11009
12555
13416
10969
8504
3865
-961
-6167
-11207
-13454
-15009
-13730
-11890
-9103
-5511
-2147
907
2168
2954
2247
1390
478
-1062
-1466
-2403
-2278
-1430
-1479
-228
-315
38
633
419
409
-778
-992
-929
-1204
-687
-1814
-1653
388
10
1382
805
-192
1462
-218
-409
-1126
-2757
-2071
-2784
-2138
-1576
-406
1268
2720
5014
5916
7475
6814
6861
6225
3870
2639
-1001
-2468
-4218
-5985
-6828
-7954
-7403
-7706
-6323
-5615
-4375
-1969
-2239
924
1285
3324
4676
3200
5482
3194
4043
1304
-575
-1136
-2704
-2113
-4695
-3319
-3986
-2048
-1620
-2752
-745
-3649
-2014
-3493
-4840
-1583
-3391
2564
5646
10520
17266
19372
25830
25294
25839
21408
15809
10954
3315
-1666
-9067
-10982
-13120
-12152
-10347
-9140
-4663
-3491
-1429
-1402
-1630
-2116
-3561
-4336
-4802
-3371
-1592
665
3962
6529
9095
10501
9554
9005
5995
2453
-1751
-6483
-10161
-12859
-15236
-15919
-14644
-13940
-9832
-7542
-4347
-1014
-1108
1547
569
792
-104
-2111
-1257
-1851
-256
787
1911
3292
4861
5273
4934
4928
2221
2773
951
-1059
57
-3853
-1288
-2665
-2724
-1010
-3639
-956
-2230
-1319
-1215
-1635
-989
-921
-157
-31
1123
1503
2104
2828
2851
3060
2791
1796
1190
74
-1457
-2830
-3662
-4986
-4650
-4903
-4990
-3167
-2470
-464
916
1832
3042
4285
3821
4714
4095
3480
4356
2270
2702
1910
345
1423
-382
-981
-338
-3643
-440
-3354
-2152
-1962
-3738
-1260
-4112
-1282
-3876
-1697
-2061
-1333
2850
3194
9230
12228
14832
21869
21300
23047
21478
14709
13802
5043
-539
-6661
-12731
-14161
-14981
-14509
-11680
-7612
-5719
-905
-552
393
1122
-2072
-2064
-3612
-4011
-2300
-612
2429
6892
9528
11617
12612
11372
9252
4915
-857
-5672
-10966
-15175
-17603
-19639
-17693
-15689
-12364
-7979
-3938
385
4042
6534
7549
8390
6742
5309
3678
911
-370
-2573
-3578
-3892
-4145
-4146
-3741
-4057
-4118
-4095
-6364
-5112
-6996
-7215
-5526
-6040
-2047
-703
1176
4316
6025
8148
8408
7364
5943
4911
2854
574
-1415
-3220
-3435
-3859
-3546
-2762
-1635
-327
597
1702
1954
2426
2165
2006
2309
1724
1218
1303
1151
1739
2002
1057
1723
1103
957
922
-813
124
-1236
-1813
-1300
-3294
-350
-1423
-471
1437
-582
3586
1155
2628
2832
354
2443
-958
-408
-1532
-3007
-2516
-3558
-2656
-2519
84
2113
4965
10137
10299
16756
17073
17766
19188
13206
13530
7442
3095
-1416
-5700
-7464
-8559
-8496
-8484
-5046
-4614
-1999
-1514
-2006
-1143
-3124
-3442
-4164
-4136
-3001
-1488
1124
3808
6707
8187
9244
9329
7284
4783
29
-4028
-8577
-13164
-16020
-18936
-18528
-17821
-15471
-12361
-8453
-4201
-1554
1813
2430
3366
3120
1286
889
-610
-1437
-1447
-1012
-165
1355
3050
2064
5367
3157
1658
3148
-4604
-909
-6145
-7877
-4964
-8952
-3582
-3682
-891
2457
4690
6234
7052
8177
7220
7684
6025
3953
4400
2309
2059
2222
512
1680
819
576
712
361
-606
-683
-1031
-1991
-977
-2458
-1640
-694
-825
585
-56
670
915
204
454
-1365
-1542
-2470
-3459
-3241
-3704
-2833
-2988
-1050
-1041
422
2211
1563
3672
3681
2846
3831
2588
755
1227
-2435
-2047
-2072
-4064
-824
-1067
3096
7387
8878
14982
17057
18972
20831
16903
15710
11977
5785
1668
-4060
-7283
-8881
-10413
-10374
-8469
-7532
-5943
-4908
-5218
-4555
-5964
-7435
-7724
-7839
-6922
-5163
-3104
953
4799
7493
9820
11298
10893
9109
5776
119
-3561
-9588
-14114
-17552
-20306
-19373
-19027
-15845
-11563
-6805
-1519
2914
6363
9065
10432
10070
9166
7761
4887
3731
946
463
-132
-1596
-808
-1446
-1649
-2150
-4085
-5652
-5071
-8136
-6948
-7378
-7115
-2752
-2650
1155
4164
5506
8391
8396
8160
8303
5866
4497
2108
89
-677
-2431
-2279
-2478
-1634
-1039
-588
362
307
1196
899
1194
1498
1743
1838
2316
2515
2879
2886
2036
1771
1165
394
-847
-1358
-2961
-1854
-3696
-2025
-2001
-1053
2049
670
5823
3731
7737
6470
6282
7369
2889
4617
-1434
-1976
-4686
-8691
-8689
-11110
-10443
-8085
-6501
-1706
3872
8706
14095
18846
20366
22672
20821
16472
13685
6237
1596
-4527
-9225
-11033
-12872
-12556
-11342
-8886
-7082
-4619
-4003
-3508
-2945
-4376
-4461
-4715
-4594
-2188
-865
2384
6551
8559
11899
12395
12130
10775
6795
1936
-3069
-8774
-13618
-17080
-20387
-19490
-18676
-15540
-10931
-6596
-896
2975
6417
8188
8776
7588
5444
2639
-130
-3054
-5099
-5901
-7311
-5156
-7312
-3655
-4188
-4086
-1672
-6650
-1901
-6315
-4717
-4626
-5568
-962
-1175
2683
4417
7237
9007
9917
9237
8927
7219
5304
2895
792
-229
-1176
-794
-1040
1147
1412
3783
4155
4833
5862
4243
5520
2778
3410
2023
1145
1720
457
1488
886
1262
1178
325
765
-1372
-1045
-2392
-3395
-2327
-4348
-1350
-2147
749
1262
2370
4818
3276
6599
3517
3930
3936
-422
1180
-3754
-4845
-5077
-8936
-7678
-8599
-7710
-5129
-1708
1691
7596
12234
15333
20447
20773
20420
19324
12555
9403
2977
-3658
-7048
-11538
-12126
-11728
-10550
-8704
-5281
-4459
-2889
-2816
-4626
-4734
-7331
-7934
-7550
-6406
-3780
114
3708
8209
11838
12497
13784
11030
7601
2948
-4274
-9582
-14912
-19670
-20836
-21977
-19853
-15827
-12186
-5710
-848
3595
7401
8924
9531
9821
6925
4987
3286
-156
636
-1129
-1135
1874
89
2474
1273
-684
-395
-5258
-6151
-9456
-10310
-9932
-9258
-5863
-3164
1893
4897
8370
10976
11193
11297
9656
6289
5222
1250
-614
-1307
-3327
-1753
-1965
-1033
223
846
656
1342
611
39
516
-758
327
796
886
2297
2823
3326
4347
3372
2879
2551
972
-330
-1527
-3450
-3790
-2736
-3430
-1438
738
697
4800
4882
4376
7229
4093
3793
3859
-88
553
-478
-3769
-2349
-4425
-6657
-4521
-7354
-5754
-2735
-3031
3203
6498
9446
15538
16475
18058
19139
14697
12090
7205
611
-2732
-8127
-10833
-11286
-11943
-10287
-8424
-7115
-5030
-4844
-5525
-6097
-7886
-8298
-8567
-7801
-4971
-1681
3030
7688
12145
15271
16530
16276
12913
9177
2741
-3583
-9434
-15380
-18277
-20514
-20150
-17266
-13674
-8406
-2714
1393
6736
8980
9632
10483
7047
5553
3002
-916
-637
-1713
-2671
491
-1315
344
1275
-2797
-2315
-6567
-9799
-10302
-13413
-13013
-10724
-9807
-4877
-881
2510
7536
9580
11217
12055
10691
8596
6754
3257
841
-608
-3029
-2164
-1820
-1244
938
1071
2518
3132
3081
2936
2710
2164
2137
2581
2519
3472
3453
4205
4264
5054
4198
4438
3591
1876
2023
-1976
-1453
-3476
-4564
-2810
-4165
-1838
277
336
3977
3428
2929
4407
445
1829
-1038
-3795
-3625
-7695
-7117
-8729
-10358
-8610
-8952
-5271
-1670
2551
8978
12154
16788
18245
18665
18096
13591
9425
3843
-1331
-5450
-8946
-11301
-10451
-10185
-8398
-5663
-4944
-1724
-1991
-2212
-2447
-4568
-4286
-4440
-3222
-499
2351
6219
10035
13416
15175
15867
13625
11084
7081
1011
-3402
-10471
-14644
-18043
-21271
-21153
-20526
-18152
-13586
-9192
-4097
954
4584
7450
8690
8852
6663
6396
2631
2774
673
-941
533
-2835
375
-2679
-2816
-4160
-7013
-7250
-9286
-9310
-10180
-8261
-7266
-3689
20
3305
7261
10464
12116
13939
13431
11321
9882
5640
2693
-511
-3474
-4785
-4525
-4561
-2563
-980
-68
3060
2578
3879
3157
1456
1398
-263
-251
-885
-533
-525
1596
2200
3261
4676
3159
5051
2636
2145
318
-2498
-1792
-3775
-2131
-2272
-1954
1368
1102
3654
4543
2648
5786
2281
2481
920
-3054
-2715
-6863
-7528
-9432
-9797
-9025
-4934
-1612
6084
11511
15467
22128
21764
25357
21372
16486
11110
3149
-2370
-8895
-13507
-15949
-16537
-16173
-13411
-11581
-7974
-5451
-3856
-2456
-2820
-3672
-3580
-4092
-3126
-1006
-198
3874
6547
9944
12004
12108
10774
8639
4309
-893
-6024
-12081
-15378
-18470
-19308
-18608
-16289
-12483
-7195
-1486
3270
7621
10247
12197
12875
11325
9741
6808
4538
2289
15
-1933
-2675
-3985
-4085
-4994
-6981
-6149
-9007
-7848
-9011
-9737
-8992
-9726
-7390
-5709
-2855
-741
2946
5402
9001
10992
11061
11401
9203
7043
3888
622
-2672
-3776
-5405
-5049
-3886
-3346
-726
556
2035
2970
3147
1881
2520
1471
1186
1926
17
2559
2819
4248
6255
5699
7900
7539
8418
7152
5744
4670
2207
3058
-81
-796
-1284
-3279
-1907
-1675
-2409
-1552
-1230
-2998
-27
-2967
-3264
-2277
-6310
-2794
-5307
-3389
-355
1873
7945
10168
14716
15099
17990
16178
14301
9565
2053
-1806
-10077
-12912
-18238
-19624
-20020
-18460
-14896
-11755
-6494
-3602
822
2635
4437
4638
4313
4270
3759
4160
4056
4704
5929
7810
8804
9476
8467
6413
4113
88
-4060
-8284
-11799
-14337
-14504
-14789
-12402
-9386
-6220
-325
2155
6555
8235
9182
10837
9305
8139
5811
1953
390
-2164
-5410
-4934
-8540
-7198
-7941
-9318
-7165
-9060
-7204
-7545
-7890
-7293
-7809
-6817
-5717
-4326
-2539
-952
1690
4443
7117
9256
9691
10225
9386
8500
6529
4717
2905
1806
1510
528
1512
848
1574
1814
533
527
-1819
-2528
-3315
-3925
-3650
-4054
-2099
-1091
2140
4526
6027
9929
9463
11830
10713
9261
8404
4823
3510
-507
-1717
-5216
-5965
-6878
-7304
-5989
-7215
-5803
-5841
-4888
-4236
-4638
-4777
-3999
-4247
-2191
-688
2563
7855
10324
15273
16268
18318
18420
16196
12947
7876
2571
-3221
-7628
-12589
-13596
-16341
-15220
-13889
-11280
-7070
-4501
-435
1267
4344
4427
5491
5104
4786
4961
3820
4282
3725
4137
4148
4778
4068
4121
2050
184
-1790
-5127
-6842
-10080
-11120
-12444
-11468
-11078
-8413
-6179
-4121
-366
18
3722
3200
5067
5132
4554
5054
2510
2992
817
424
-961
-2118
-3005
-4066
-4660
-5579
-5426
-6069
-6410
-7001
-7135
-7163
-6441
-6289
-5016
-3220
-1164
1740
4284
7333
9876
12142
12539
12605
11189
9424
7301
4467
2178
-534
-1919
-3377
-3871
-4045
-4644
-4146
-5192
-4165
-4734
-4178
-3301
-4320
-1201
-2398
814
1589
3234
6459
6855
9773
9548
10150
9380
8205
5801
3513
-282
-2850
-5616
-7334
-8225
-8407
-7625
-7581
-4825
-5371
-1928
-1437
-1036
1361
-296
1944
2550
4404
7474
10990
12061
15518
16041
16321
17277
12864
11303
6135
1944
-2421
-6289
-10067
-11897
-14065
-14811
-13710
-13953
-11131
-9792
-7033
-4565
-2831
-812
837
2177
3537
3966
4649
4843
4297
4756
3770
4178
3077
1735
699
-1420
-2683
-4781
-6538
-8468
-9065
-10422
-9690
-8706
-7224
-5049
-2792
-1206
1413
3618
4723
7920
8288
9677
10131
10313
8728
9250
5217
3376
1530
-4413
-3889
-8778
-8994
-9257
-11514
-10619
-11388
-10252
-9300
-8214
-7614
-5465
-3684
-1740
756
2708
5424
7797
8986
9582
10540
9415
9052
7331
4655
2962
374
-1985
-3215
-4786
-6567
-7014
-8097
-8601
-7367
-7518
-5850
-3586
-2540
172
2782
4148
7491
8726
10071
12887
11969
13129
13109
11488
12113
8715
5207
3467
-2470
-2953
-7285
-9323
-9091
-12169
-8628
-9812
-6502
-4171
-3333
720
133
3925
5134
9220
11927
12422
14692
12664
14907
11470
9721
6004
1989
-1039
-5962
-8046
-11293
-11051
-14031
-13393
-14097
-13174
-10866
-11370
-8238
-7278
-4553
-1973
514
3441
7076
8816
11149
12184
11838
12197
9831
8909
5863
4041
334
-1059
-4123
-5888
-6939
-9823
-7735
-9873
-8354
-7813
-6614
-3973
-3012
-1026
-42
2274
3071
3745
5183
5444
6374
6217
4513
4972
3802
1185
-333
-4798
-6803
-8602
-12063
-11427
-12689
-12440
-11238
-11082
-8620
-7026
-6419
-4693
-3358
-1221
717
2412
4901
7115
9375
10037
11147
11000
10945
10048
8609
7110
4395
2558
-86
-1227
-2987
-4687
-6057
-6681
-6469
-6503
-5395
-4887
-3142
-1175
-315
2090
4341
4478
7984
7080
8626
10353
8510
10475
8539
8140
5720
3763
95
-2554
-5526
-9845
-10161
-13164
-12646
-12142
-11595
-8758
-6303
-4222
-1369
831
1314
4329
4891
8179
12522
12138
16472
16156
17012
18570
13959
12916
8217
3675
297
-4311
-7402
-9326
-11279
-11817
-10663
-10801
-8286
-7190
-5331
-3005
-2293
-671
1114
2210
3899
5674
5489
7607
6893
7006
6955
5000
3612
1097
-1111
-3573
-5809
-9111
-10469
-12141
-12813
-12950
-12845
-10926
-9498
-6830
-5387
-3163
-934
262
2489
3509
5066
6930
7169
8589
8291
8080
8529
5991
5298
1413
-1663
-3843
-7492
-8236
-10280
-10833
-10257
-9929
-8269
-6705
-5367
-3075
-1665
93
1770
3464
5686
7262
9165
9908
10945
10526
9915
8797
7115
5676
2904
1237
-1334
-2897
-4845
-6613
-7896
-9461
-10058
-9789
-9170
-7824
-6116
-5113
-1764
-746
1539
3984
4218
6643
6857
6975
8949
7572
8031
7355
5363
4950
2137
-52
-2078
-4111
-6828
-7739
-8981
-8630
-7020
-6786
-3592
-766
1283
5118
5108
7331
9677
9145
14027
12466
14118
14552
12596
14823
11241
9679
5899
3168
-61
-2756
-6222
-8998
-9678
-12425
-11463
-13069
-12278
-11202
-10530
-8664
-7404
-5457
-4030
-1570
-192
2149
3739
4561
5920
6474
6131
5785
4195
2495
1774
-1169
-2433
-4245
-6239
-6604
-8271
-8239
-7871
-7743
-5994
-4760
-3102
-871
-5
2325
3629
5282
6893
7319
9524
8928
10370
8843
8557
8289
4518
4433
-773
-2153
-5258
-9147
-9280
-12573
-12809
-13772
-14437
-12748
-12045
-10670
-8633
-7195
-4254
-2247
552
3402
5494
8198
8998
10732
10574
10384
9571
7960
7071
4141
2114
-994
-2734
-4671
-6858
-8334
-9637
-9036
-8351
-6785
-4800
-2343
-204
2782
4471
7192
9344
10264
12251
12484
12552
12020
10890
9769
8636
5934
3162
819
-1999
-3767
-5198
-8388
-7722
-10654
-9808
-8641
-9313
-4153
-6071
-555
-965
1321
3570
5568
12314
11061
15750
12173
15840
14602
11377
9501
3083
2087
-4026
-7078
-11139
-11860
-13958
-13879
-14006
-13246
-10586
-10671
-7494
-6194
-4393
-2861
-2385
-228
2901
3764
7032
8002
9615
11326
10251
10879
8896
7099
3863
1851
-1598
-3625
-6093
-9055
-7998
-10305
-8921
-9209
-7950
-5155
-4665
-2388
-2251
-94
1559
2854
4730
5187
6873
7517
6998
8325
5111
5263
2691
-666
-1024
-6983
-7689
-10662
-11901
-12053
-13969
-13542
-12375
-10569
-8891
-6683
-5390
-1618
-159
3225
5876
8090
11126
12042
13808
13503
13559
10887
10407
7892
5813
3953
114
-818
-3153
-4947
-6506
-8031
-9197
-8734
-9179
-7549
-6300
-4474
-2075
20
2076
3747
6775
7539
10788
9380
10292
9735
6757
7088
2591
2094
-1323
-4310
-6335
-8284
-9369
-9688
-9997
-10137
-8049
-7352
-4821
-2632
-512
1161
4131
3984
6651
7581
9080
15075
14329
16840
16873
15264
17365
13148
9545
7190
1578
-159
-4631
-8868
-8693
-11274
-10929
-10391
-10299
-8031
-6408
-5556
-2751
-1877
-1685
292
-372
2829
3296
3339
5017
4253
5408
4076
2518
1719
-218
-2200
-4281
-6976
-8385
-9514
-11477
-11482
-11435
-10881
-9689
-8447
-6600
-3947
-2859
-1483
942
1893
5031
5381
6412
8250
7377
8011
7109
5933
5600
3142
473
784
-2621
-3919
-4702
-7976
-5181
-7661
-8309
-6567
-7123
-3936
-3749
-2742
-600
1139
2960
4666
6023
7003
8020
7973
7991
7662
5880
4686
3605
2062
1203
-1787
-2724
-3984
-5401
-5740
-7910
-7316
-7646
-6650
-5562
-4942
-2848
-1780
495
1222
3068
3760
5225
6378
6240
7324
6462
6144
5625
4202
3651
2119
270
-1087
-1539
-2331
-3152
-2303
-3723
-1189
-1136
-553
1755
2219
3376
4774
4822
5246
7313
3909
7420
5804
6332
8993
5085
8241
6435
5888
5554
2229
256
-1122
-4595
-6326
-7563
-10601
-8640
-10246
-9036
-7625
-7899
-5698
-5141
-4304
-3480
-3075
-3338
-1434
-1557
-162
434
565
2960
2711
3749
2826
2181
1637
460
-345
-1427
-2286
-2904
-2954
-3143
-2226
-2991
-2184
-1610
-944
295
-44
947
2005
2939
3856
3968
3989
4421
4235
4091
4335
2769
2148
762
-360
-123
-3433
-3642
-5919
-6345
-5762
-8672
-7759
-8647
-7186
-5605
-5904
-4274
-3086
-1119
714
1272
2365
3202
3502
4771
4285
4351
4087
2902
3333
2297
1365
587
-958
-1081
-1334
-2285
-2212
-2604
-2080
-723
-452
741
1364
2519
4443
5058
6223
5495
6194
6248
5752
5973
3225
3499
1551
1047
266
-2045
-2144
-3722
-3549
-3969
-5452
-5010
-6053
-4844
-3757
-4794
-1479
-2722
398
1795
1403
5111
2470
4727
5179
4868
8397
5549
7173
7736
6484
7812
4001
2750
1667
-842
-2248
-4116
-6046
-4931
-5341
-5485
-3839
-4580
-3087
-2518
-2657
-1668
-2069
-2536
-1108
-655
72
1633
1267
3831
4790
4479
5258
3427
3264
2233
303
-743
-2667
-4271
-4816
-5792
-5944
-6134
-6979
-5689
-5355
-3969
-3446
-2941
-1769
-695
376
4
1332
263
2221
1409
1859
1982
510
1253
-1266
330
-3226
-2656
-5492
-5637
-4496
-6741
-4170
-5741
-2135
-949
951
2286
4132
5686
7132
7922
7372
8547
6773
7925
6144
5669
4228
2392
2073
156
-416
-2771
-3344
-4148
-4319
-4601
-4665
-4301
-3123
-2346
-1391
-357
-16
1763
1625
3030
2645
2271
2708
1458
2299
341
172
-732
-2248
-797
-3657
-1793
-2895
-3054
-1366
-2618
-1403
-1132
-1144
-37
1201
-757
2443
-110
2170
3068
1159
4579
1549
4390
2837
4694
4499
6253
6491
6018
8972
5787
8880
5035
4909
3652
1189
-234
-2456
-3333
-4839
-4772
-7662
-6125
-8099
-7475
-7392
-8147
-6336
-6596
-5026
-3777
-1873
-387
1470
2695
4309
5300
5464
5033
5146
3166
2449
430
-2165
-2076
-5670
-5240
-7026
-7224
-6620
-6549
-5090
-3541
-1418
-609
3096
2618
6029
5684
6151
7101
5445
6596
3632
4810
1299
1929
-895
-3050
-2839
-7459
-5793
-8938
-8413
-7555
-8230
-5930
-4526
-2516
-71
1284
2628
4703
4512
5424
4576
3858
3514
1945
1570
13
-568
-1552
-2352
-2427
-3614
-3541
-4135
-3936
-2906
-2857
-1389
-755
622
2155
2891
3638
4054
4475
4571
4361
3643
2725
2227
1098
556
75
-827
-356
-526
-101
762
-48
463
1255
628
2538
845
1950
2110
1620
2250
1293
1642
494
1142
-1636
340
-2605
-2018
-2220
-3980
-1031
-3485
-381
-190
2213
4129
6119
6602
8533
8457
8035
8668
4752
5375
1080
555
-2490
-4781
-5996
-8007
-7649
-8943
-7684
-8328
-5878
-5513
-3009
-1753
69
2236
3348
6186
6447
8518
8059
8603
7574
6421
4469
1827
95
-3583
-4462
-7288
-8486
-8145
-9490
-7391
-7009
-5471
-3044
-2361
141
595
1293
2155
1044
1759
572
144
-201
-1283
-1691
-2571
-3196
-4562
-4585
-5448
-6264
-4860
-6122
-4259
-2716
-3108
943
-5
2107
3211
2408
3613
2541
1902
1617
996
393
697
70
481
688
850
883
1063
1014
957
1719
1465
2293
2860
3149
4539
4673
5277
5451
4937
5025
4181
2889
2225
-506
-797
-2744
-4374
-4235
-6369
-4854
-5285
-4200
-3130
-1825
-653
1232
1980
2592
3623
3005
3900
2846
2392
1241
408
-1448
-1555
-3720
-3821
-4567
-5146
-4602
-4352
-3924
-3089
-1690
-1711
1509
1199
5079
6380
9114
11228
12413
13790
13202
12927
9779
8894
3426
1842
-2786
-5305
-6544
-9549
-8226
-9186
-7017
-6108
-4026
-2940
-814
-171
934
1716
1484
2652
1567
3025
1495
2578
878
587
28
-2310
-1797
-5005
-4362
-5646
-5655
-4748
-4832
-3290
-2480
-1578
-1236
-414
-1640
-780
-2239
-2380
-2354
-3756
-2163
-3746
-1181
-1819
-351
698
943
3288
2737
4839
4024
5610
5030
5022
5249
3647
3549
1733
476
-946
-2874
-4655
-5581
-6770
-6591
-6895
-6128
-4639
-3554
-1217
-738
1024
2105
2376
3692
3393
3706
4092
3568
4099
3902
3155
3015
1710
1265
487
-1153
-2122
-3623
-4382
-5273
-5723
-6277
-5645
-5390
-3755
-2485
-1365
1492
1848
5155
5875
7179
7896
8436
6881
8379
5282
3505
4472
-2791
2264
-5022
-4693
-4917
-9352
-4507
-8096
-5706
-5376
-3913
-2506
-346
-301
2117
2993
3953
7612
7866
10680
10206
11279
11704
11140
8582
6384
3379
1200
-1368
-5278
-5947
-8230
-7849
-7956
-7767
-6493
-5163
-4502
-2760
-1695
-1995
-860
-1635
146
845
1537
1957
3501
5105
5468
7144
4973
6512
5538
4334
4067
1178
418
-1441
-2713
-4307
-5124
-7359
-7228
-7533
-7447
-6543
-7337
-5637
-4702
-3252
-2350
-1914
-318
1103
2370
3465
3906
3654
4627
3043
3116
2524
-919
-195
-2786
-3682
-4196
-7904
-8354
-8498
-9751
-8592
-9061
-8424
-5186
-3862
-1026
1233
2898
5674
7272
8838
9698
9814
9998
9820
9971
8946
8121
6553
5766
4421
2898
859
-1844
-2881
-5045
-5780
-7249
-8076
-7505
-6582
-4524
-3477
-1543
-778
2129
4099
4809
6151
5004
6958
5499
5595
3124
1868
1019
-3232
-1798
-6574
-5921
-6994
-10225
-7156
-9396
-8656
-7225
-7915
-4404
-2601
-2731
308
654
2587
4639
4926
7946
9476
11425
13144
13989
14666
13925
12458
11063
9086
5930
3055
435
-1432
-2604
-5239
-6047
-5608
-6037
-4709
-4752
-4001
-2331
-2957
-1798
-941
-432
533
651
2027
3437
4319
4132
4180
5036
3379
2555
-530
-2857
-3433
-7302
-8122
-11019
-11953
-11810
-12735
-11246
-10945
-9758
-8377
-6414
-4973
-2589
-2102
-341
1989
2343
4942
5840
5405
8310
6282
7604
8530
3908
6078
1935
1709
1182
-3288
-3642
-5399
-6502
-6351
-7544
-7444
-5188
-4669
-1945
-1058
1375
3364
4990
7216
7535
9047
8685
8846
8756
7818
6446
4673
3321
1417
829
-1912
-3672
-4889
-6737
-7150
-8028
-8924
-8850
-8144
-7565
-5139
-4734
-2711
-1043
825
2847
3135
4539
4347
6053
5799
4783
4706
2382
2354
1328
-891
-283
-1956
-2178
-1382
-3083
-1330
-2554
-2223
-1534
-1734
-273
-1070
674
867
3026
3092
5034
4797
7689
10122
10502
14172
12214
14771
13382
12448
10081
7751
4152
1554
-1297
-5789
-6042
-10489
-10041
-11563
-11769
-10872
-10356
-8388
-6911
-4755
-4334
-1336
-1023
1507
2343
3303
4643
3978
5199
3733
3536
1583
124
-1894
-3039
-5480
-6614
-7480
-8854
-7688
-8696
-7121
-7394
-5407
-4838
-3099
-1815
-1453
1019
212
2554
2151
3382
4364
4415
5974
5054
6763
4859
6614
4628
3273
3717
-1723
608
-4463
-5235
-6271
-9644
-8270
-10218
-9069
-8634
-7063
-5872
-3213
-1749
721
2523
3848
6206
6316
7920
7510
7458
7476
6299
5528
4358
2702
2152
523
-594
-1459
-2732
-3016
-3886
-3661
-3937
-3102
-3202
-2053
-1124
-465
1123
1094
2681
2674
3892
3868
3754
4010
3620
3651
2686
2282
465
836
-1227
-1052
-2219
-3817
-2803
-5438
-3806
-5412
-5556
-4474
-5495
-3589
-3094
-2537
-307
383
1758
3893
4027
6244
6763
8663
9659
11165
10770
11226
11397
9930
10453
6218
6232
2577
956
-1373
-4039
-4782
-6672
-5757
-6866
-4599
-4664
-2591
-1321
-205
1058
1606
1834
1753
3148
1420
2851
919
819
684
-1342
-1470
-3403
-4438
-5374
-6294
-7404
-7316
-8452
-7462
-7363
-7030
-5989
-6430
-4975
-4829
-4244
-4045
-4045
-3495
-2637
-2057
-1091
-606
889
1731
3013
3267
3764
3819
4014
4322
2754
3327
472
1385
-819
-1202
-1868
-3998
-2748
-4442
-3000
-3389
-2885
-1597
-516
1079
2413
3512
4111
5787
6131
6717
6796
6051
6892
5892
5729
4869
3463
2865
1594
632
-897
-2255
-3740
-4166
-5126
-5687
-5840
-6222
-5410
-5083
-4090
-3594
-2846
-1582
-1304
524
96
1047
1768
1304
2859
1508
1931
1166
-58
774
-1349
-1039
-1986
-3139
-1292
-2289
-1502
-853
-520
1173
2170
2539
3544
4583
4457
5982
5585
6175
6535
6595
7247
7292
7673
7616
8356
7634
8444
7107
6643
5722
4127
3661
1395
600
-1600
-1806
-3251
-3983
-4821
-5694
-5643
-6367
-5926
-6777
-6308
-7024
-6431
-6392
-6412
-5938
-6151
-4922
-4754
-3653
-3586
-2393
-1759
-702
-42
22
1197
141
1239
7
-573
-1392
-2990
-3579
-4805
-5611
-6541
-6354
-6738
-5175
-4695
-3200
-1326
498
3037
5245
6736
8534
9541
9856
10841
8741
8624
5282
3583
1049
-2342
-3814
-7516
-7856
-9899
-9871
-9916
-9500
-7641
-6256
-3779
-1704
671
2707
4984
6277
8058
8246
8825
8935
8220
7893
6018
4839
3157
1341
-302
-1789
-3440
-4152
-4914
-5013
-4771
-4243
-3670
-2527
-1497
-855
332
94
1441
1180
1911
1856
1357
1720
1094
1279
836
576
68
-310
-280
-544
-649
-109
-1533
780
-566
511
1854
-375
3129
685
1877
1591
361
567
-3
-839
-604
-845
-1812
453
-815
2090
1536
3948
5253
7434
9179
9559
11908
10067
12454
9075
9226
6429
3814
1956
-1838
-3132
-6574
-7275
-9851
-9297
-10805
-9940
-9818
-9374
-7138
-6701
-4304
-3456
-929
-201
2416
2350
3683
4207
2866
3693
931
509
-1806
-3793
-5490
-7323
-9096
-10552
-11188
-12028
-11372
-11295
-10219
-8664
-6713
-4285
-1573
946
4104
6259
9161
10577
11764
12399
12016
11060
9940
7852
5114
3743
-396
-745
-4479
-5482
-6928
-7856
-7048
-7764
-5402
-5218
-1885
-929
2193
3842
5814
7583
8359
9666
8764
9145
6632
6302
3638
1489
16
-2573
-3120
-4109
-4500
-4525
-3615
-3853
-2177
-2286
-1912
-1042
-1737
-1202
-2133
-2208
-2827
-2700
-3511
-3579
-3586
-3786
-3049
-3024
-2376
-1573
-735
-472
1011
894
2220
2748
2500
4003
2772
4629
3456
4172
4187
3748
4134
2653
3710
1199
3405
-229
1602
580
135
2777
387
4819
2738
6503
5649
7485
8987
8688
11443
9275
11297
9214
8847
6520
4032
1237
-1870
-4488
-8195
-9283
-12050
-11956
-12803
-12742
-11351
-10246
-8559
-7048
-5828
-4401
-2819
-2663
-1122
-1359
-484
34
-867
-246
-1440
-2318
-2844
-4709
-5487
-6121
-7142
-6874
-6313
-6009
-4447
-3384
-2327
-117
358
1978
2628
2960
3884
3804
4184
4265
4676
4462
5414
4872
5244
5605
4436
4617
2932
1990
877
32
-1434
-1650
-2113
-2161
-960
-1826
-176
-403
775
860
480
905
320
679
-419
-610
-1669
-1654
-2093
-2161
-2041
-1848
-1255
-630
332
782
1959
2218
3185
3333
3476
3282
2703
2207
1086
209
-1230
-2040
-2861
-3157
-3590
-3478
-3556
-2812
-1775
-1259
648
1121
2701
3935
3924
4985
4499
3924
4100
2232
1548
1031
-913
-158
-1406
-2363
-697
-2808
-776
-859
-1132
1372
-305
1763
1227
2434
2642
3050
2994
3041
3834
2795
3594
1608
2726
1169
1983
1272
1949
2898
3052
4926
3758
5547
3637
4131
2523
931
-614
-3123
-4354
-5988
-6470
-8263
-7677
-8885
-7556
-7645
-7425
-6588
-6652
-5708
-5469
-4494
-4671
-2589
-2612
-623
337
818
2047
2068
2453
1781
1765
-606
-368
-2470
-3398
-3730
-6021
-5029
-6139
-5372
-4853
-4263
-2882
-1420
-34
1555
3221
4225
6395
6709
8597
8686
9459
9599
8738
8977
6824
6446
4082
2749
1442
-294
-1369
-2463
-3456
-3525
-3780
-4311
-3308
-3675
-2166
-1426
-456
1049
2064
3461
4402
4914
5147
4693
3977
3166
1362
171
-1775
-3282
-4088
-5519
-6080
-6301
-6853
-5968
-5890
-5443
-4290
-3889
-2651
-1734
-997
-180
728
764
1649
1796
1593
2050
1235
1393
1177
544
610
338
344
890
896
1388
2483
2576
3806
4332
4488
5754
5161
5517
5472
4335
4592
3263
2308
2376
478
524
-147
-1500
-82
-1582
-1061
-438
-1452
310
-555
-585
-13
-865
-697
-479
-1928
-981
-1868
-2786
-1866
-4063
-3411
-4491
-5293
-5130
-5634
-6007
-5683
-5480
-5288
-3563
-3956
-2137
-1394
-808
853
721
1407
2003
1845
1897
2454
1322
1997
1535
635
1326
-172
-27
-520
-841
-815
-586
-456
219
1291
1459
3537
3313
4982
5575
5595
6488
5903
5581
4976
4241
2319
2375
-246
-809
-1796
-3727
-3570
-4864
-5187
-4586
-4577
-4260
-2195
-2972
-68
156
860
2534
1361
2558
1689
1243
517
-268
-1527
-1503
-2725
-2459
-2654
-2913
-1816
-2173
-915
-917
-143
107
685
879
1182
1430
1569
2020
1895
2404
1701
2184
1569
1442
1145
285
266
-460
-501
-963
-988
-1076
-791
-754
-296
-168
145
805
412
1177
800
977
1139
813
1005
908
549
312
-139
-738
-1072
-2082
-2241
-2983
-3012
-2935
-3303
-1930
-1828
-889
88
-97
1337
1431
1376
1611
854
861
740
-449
-333
-1079
-1551
-1519
-2332
-2162
-1547
-1412
-822
609
977
3389
3944
4873
6124
5764
6074
4903
3421
2051
524
-1784
-2504
-4348
-4760
-4541
-5201
-4095
-3930
-3347
-2708
-2191
-2111
-1413
-1268
-889
267
521
1787
2486
3164
4105
4244
4102
4035
3033
2283
1657
-213
-559
-1566
-2543
-2145
-2938
-2773
-2058
-2150
-1340
-388
-310
1018
1922
2037
3623
3411
3965
4494
3537
3612
2562
1623
1135
-139
-912
-1025
-2234
-1900
-2239
-2880
-1915
-2895
-2534
-2403
-2638
-1583
-1156
-572
600
1477
2150
3244
2944
3078
2796
1654
1073
-240
-1267
-1938
-2513
-2984
-2647
-2789
-2356
-1677
-1519
-778
-763
-670
-307
-184
-134
154
85
497
1044
1153
1538
1737
1744
1756
1321
611
110
-786
-1581
-2053
-2829
-3072
-2991
-3118
-2279
-2089
-1674
-972
-741
-140
-69
87
260
279
172
204
261
330
587
261
-70
249
-582
-838
-1140
-2095
-1906
-2042
-2742
-2541
-2131
-2602
-1397
-1473
-1171
395
888
2373
3844
4412
5725
6711
6438
7288
5924
5082
4521
2701
1942
877
-195
-87
-65
-685
267
-297
198
399
-429
-87
-659
-761
-479
-334
-260
967
620
1513
1994
1177
1979
721
522
86
-955
-1105
-1600
-1954
-1819
-2336
-2293
-2276
-2743
-2337
-2984
-2608
-2728
-2514
-2042
-1738
-953
-675
87
260
835
710
985
559
619
487
281
790
362
1107
1103
1586
1669
1808
1475
2108
1319
1571
1450
398
1820
10
901
202
-652
-163
-1158
-1408
-1485
-1988
-2148
-1442
-2171
-1114
-1449
-1153
-615
-988
-923
-1484
-1650
-2268
-2061
-2857
-2710
-2751
-2606
-1950
-1788
-1053
-799
-20
281
907
1206
1282
1517
1337
1214
1004
436
359
-76
-621
-384
-1412
-1190
-1326
-1862
-1383
-1466
-1220
-456
96
899
2197
2923
3523
4298
4481
4748
4866
3839
4047
2959
2543
2187
696
938
-587
-569
-1408
-2333
-2350
-3284
-2831
-3184
-3141
-2640
-2261
-1331
-439
55
1655
2080
3359
3994
4116
5149
4462
5156
4124
3877
3054
2010
1388
-195
-665
-2157
-2348
-3141
-3157
-2921
-2942
-2007
-1641
-814
-48
212
809
1160
675
1209
428
344
362
-370
-21
-383
-283
-195
-184
-361
-342
-617
-924
-1096
-1458
-1673
-1754
-1981
-1932
-1656
-1974
-1318
-1670
-1472
-1200
-1593
-1039
-1236
-1076
-873
-709
-727
-399
-422
-571
-61
-656
-142
37
-67
804
567
1326
1435
1340
1598
960
1025
182
-235
-671
-1333
-1253
-1726
-1477
-1349
-1353
-791
-1042
-732
-613
-1034
-548
-1023
-799
-368
-534
318
398
899
1229
1255
1549
1238
1108
772
477
183
24
-211
-93
88
19
305
281
75
131
-399
-760
-870
-1419
-1195
-1217
-837
-242
496
1336
2059
3071
3332
4105
4190
4027
4448
3595
3419
3421
2037
2316
1303
533
714
-668
-561
-1305
-1361
-1634
-1833
-1484
-1804
-979
-1109
-815
-307
-359
122
364
323
912
910
1471
2007
2068
2927
2898
3114
3182
2752
2096
1601
380
-516
-1464
-2735
-3218
-4052
-4299
-4584
-4482
-4268
-3678
-3461
-2565
-1976
-1533
-292
-410
566
1012
1237
1669
1749
1695
1667
1653
1089
873
538
114
-45
-394
-853
-728
-1333
-1137
-1595
-2301
-1821
-2886
-2538
-2692
-3103
-2475
-2325
-1809
-1009
-419
274
1079
1246
2244
1840
2138
1879
1072
1079
-95
-376
-1356
-1272
-1827
-2016
-1493
-2055
-1275
-1122
-1173
-745
-654
-690
-343
-604
-282
-68
-157
473
492
1016
1615
1703
2070
2618
2302
2642
2494
1894
1884
1181
662
198
-427
-933
-886
-1295
-1025
-908
-827
-78
25
572
921
1094
1294
1577
1448
1627
1528
1351
1649
1337
1407
1291
1052
1298
893
744
612
160
256
-70
-153
-217
19
-139
58
436
131
852
557
386
917
260
386
419
-545
123
-429
-748
-222
-754
-299
-254
-45
-190
307
14
-235
363
-569
-94
-385
-541
224
-8
274
803
852
1318
1615
1065
1438
1102
714
383
-287
-822
-1131
-1577
-1963
-2025
-2538
-1967
-2567
-2179
-2041
-2752
-2137
-2599
-2677
-2420
-2540
-2643
-1913
-1808
-1153
-560
-266
487
796
1360
1466
1609
1394
1643
999
939
540
-353
-202
-851
-964
-1439
-1108
-1661
-1208
-1071
-1506
-508
-1108
-362
-247
-314
387
155
395
994
692
1034
1488
985
1745
1791
1451
2040
1707
1365
1903
629
789
331
-783
36
-1430
-910
-878
-1193
-99
-160
406
912
1105
1423
1518
1432
1292
1071
953
336
364
-250
-436
-485
-1126
-898
-1511
-1472
-1471
-1572
-1313
-1110
-790
-263
521
601
1407
1729
1673
2501
1944
2003
2188
1433
1917
1427
1110
1368
717
1071
990
503
856
381
406
583
-19
135
-255
-388
-294
-477
-629
-431
-476
-691
92
-587
-215
230
-667
253
77
-540
213
-178
-330
295
-435
-200
199
-330
12
-240
-493
-85
-509
-255
-141
-285
116
-94
249
104
187
-211
-300
-361
-1121
-871
-1705
-1691
-1751
-2190
-2210
-2209
-2290
-2211
-1982
-2349
-1633
-2021
-1545
-1107
-1628
-793
-912
-1041
-278
-651
-689
174
-492
275
342
153
738
684
817
1050
1034
874
1501
676
1251
1049
549
1223
610
599
831
469
320
807
225
527
682
371
971
963
952
1528
1268
1640
2100
1378
2531
1564
1723
2145
503
1453
-95
-327
-586
-1867
-1699
-2577
-2518
-2746
-2497
-2280
-1888
-1396
-982
-456
-113
152
348
421
323
510
-63
232
-68
-293
50
-243
-91
216
184
343
860
616
1257
1372
1407
2123
1931
2218
2509
2353
2537
2515
2241
2233
2160
1786
1637
1555
915
1198
592
186
399
-537
-375
-620
-1111
-742
-1045
-1215
-612
-971
-729
-472
-938
-622
-788
-1340
-1193
-1779
-2078
-1918
-2865
-2456
-2872
-3127
-2738
-3211
-2967
-2826
-3115
-2852
-2668
-2744
-2062
-2179
-1565
-1074
-768
1
527
890
1360
1774
1685
2337
1950
1996
2032
1798
1755
1597
1085
1237
1060
496
994
-256
528
3
-397
291
-626
206
-72
225
386
538
842
843
1413
1215
1568
1668
1644
1942
1860
1582
1676
1313
928
1019
98
-9
-328
-956
-980
-1573
-1813
-1825
-2373
-2264
-2286
-2847
-2054
-2541
-2131
-1464
-1679
-923
-581
-177
178
747
714
1381
1578
1595
1977
1934
1817
1832
1608
816
1198
-34
-108
-141
-1234
-379
-1104
-1007
-189
-413
262
981
1038
1964
2467
2441
3006
2994
3034
2831
2632
2243
1860
1473
903
435
23
-463
-884
-1012
-1284
-1508
-1566
-1698
-1711
-1514
-1575
-1433
-1298
-1090
-1103
-719
-805
-556
-314
-534
-198
-596
-397
-591
-808
-672
-977
-1071
-1000
-1376
-1142
-1256
-1387
-1069
-1314
-883
-1240
-498
-1187
-539
-150
-1273
652
-1314
0
-143
-1185
387
-1536
-196
-1011
-1258
-777
-1543
-1143
-1342
-1248
-1438
-1010
-1311
-570
-656
-255
442
233
1767
1421
2433
2859
2679
3770
3122
3645
3218
2962
2787
2223
1965
1432
1220
764
687
263
261
-26
10
-112
-38
-99
-240
-53
-201
30
-173
124
-175
217
116
139
345
149
602
234
634
300
447
284
152
-37
-387
-344
-963
-798
-1361
-1310
-1536
-1473
-1485
-1191
-1121
-1028
-328
-561
297
302
654
978
1358
1182
1936
1280
1985
1720
1102
2181
-155
1881
-634
156
-304
-1813
-303
-2663
-854
-2081
-1284
-1084
-1071
-169
-24
485
729
1253
977
1834
912
1501
815
722
634
-124
97
-744
-853
-1365
-1428
-2103
-2000
-2474
-2578
-2531
-2723
-2650
-2659
-2160
-2424
-1600
-1937
-1304
-1069
-955
-282
-555
160
-241
270
139
298
477
159
463
98
421
224
257
371
327
594
424
773
844
908
1397
1053
1669
1338
1667
1650
1420
1860
955
1576
768
837
587
199
231
-159
-52
-308
-124
-428
151
-330
76
134
20
365
369
647
653
1034
704
1156
951
919
725
599
306
255
179
-362
167
-531
-8
-254
-402
-57
-524
-75
-392
-323
-252
-440
-307
-252
-304
-39
-32
133
300
427
620
674
1003
960
1047
1212
1073
1075
1239
669
1072
624
418
650
-98
466
-132
43
-100
-158
-132
-315
62
-548
-76
-366
-397
-608
-387
-953
-873
-755
-1832
-773
-1980
-1658
-1594
-2469
-1631
-2512
-2289
-1982
-2620
-1911
-2079
-1896
-1266
-1441
-660
-800
-279
-145
-135
311
-113
296
150
-34
112
-209
-218
-184
-498
-339
-455
-415
-235
-255
3
121
351
449
740
776
918
1146
1012
1193
1264
1106
1350
1246
1101
1310
986
1018
893
817
626
534
524
234
476
211
262
416
149
445
275
222
551
107
542
442
288
533
463
278
482
548
-11
740
40
366
524
-45
548
-77
188
-83
-275
-240
-554
-492
-545
-631
-585
-447
-672
-110
-456
-199
109
-113
551
298
713
756
924
1156
938
1185
960
945
696
494
237
2
-116
-405
-491
-625
-638
-715
-726
-600
-662
-519
-377
-305
-27
46
295
274
567
620
394
726
446
346
364
59
-169
-148
-535
-616
-841
-1003
-1113
-1394
-1344
-1560
-1493
-1494
-1452
-1382
-1062
-1147
-857
-641
-671
-229
-495
-200
-104
-359
36
-270
-320
-58
-482
-421
-415
-715
-503
-701
-685
-640
-677
-500
-666
-324
-357
-251
-52
-112
60
113
110
246
231
297
426
352
582
465
639
689
806
897
964
1069
1021
1283
1079
1269
1141
1161
1128
959
1111
799
848
796
611
620
693
484
530
634
374
562
500
346
480
294
202
169
-103
-10
-185
-226
-102
-410
-49
-219
-78
144
-87
326
31
116
102
-68
-139
-242
-287
-486
-420
-706
-568
-715
-664
-624
-818
-550
-719
-617
-434
-548
-401
-177
-288
34
190
28
548
445
418
1017
663
970
1247
835
1257
1134
987
870
792
537
223
223
-323
-395
-601
-831
-932
-991
-1079
-1067
-1093
-1092
-873
-1149
-664
-780
-703
-455
-497
-243
-435
-6
-202
-166
99
-219
-184
-44
-358
-352
-357
-628
-570
-807
-650
-830
-779
-557
-768
-522
-540
-394
-256
-232
-9
-161
104
42
35
227
106
421
210
406
507
375
687
543
683
683
714
634
616
585
351
483
216
363
209
215
387
198
394
390
383
312
287
174
20
-88
8
-239
-114
35
-166
211
133
332
420
525
667
706
881
860
953
915
965
905
788
726
657
413
428
316
-49
177
-74
-200
-248
-467
-526
-734
-682
-846
-895
-867
-817
-790
-374
-492
-248
119
-283
339
-126
-1
-11
-386
-95
-477
-236
-322
-293
-121
-93
-94
174
-112
-31
113
-351
-38
-443
-471
-496
-534
-712
-651
-520
-828
-189
-543
-336
52
-377
284
292
-21
727
455
572
1153
695
953
981
752
773
627
389
305
209
64
-16
-178
-249
-275
-414
-537
-460
-722
-493
-484
-606
-242
-381
-186
8
34
56
155
7
68
79
-236
-31
-318
-307
-121
-405
-294
-157
-300
-29
-22
-141
185
55
253
329
219
493
329
471
534
288
465
270
277
306
200
282
136
273
140
251
98
25
160
-174
-37
-238
-389
-264
-413
-437
-268
-493
-208
-182
-206
85
-155
114
24
130
133
177
177
80
361
119
235
228
147
265
245
160
243
121
264
222
88
308
-14
266
164
73
324
16
199
245
105
227
165
41
86
-20
-220
-233
-345
-467
-395
-427
-571
-330
-368
-326
-66
-312
-38
-77
-236
-21
-309
-306
-217
-421
-186
-179
-239
-99
-186
5
-205
-41
-126
-134
50
-250
12
-349
-56
-109
-443
12
-423
7
209
-65
524
396
652
977
873
1106
1156
1076
1033
1178
806
881
859
615
829
677
604
693
600
480
551
111
288
-57
-244
-126
-628
-344
-571
-627
-555
-608
-615
-544
-643
-610
-592
-832
-730
-889
-948
-1005
-997
-1210
-969
-943
-1151
-706
-924
-734
-486
-599
-402
-274
-386
-112
-173
-255
53
-308
-29
-42
-143
59
-52
289
97
498
514
637
1101
781
1290
846
1330
1050
836
1236
424
1009
445
550
541
276
426
123
260
49
53
-238
-158
-353
-358
-437
-436
-382
-454
-238
-564
-273
-462
-532
-536
-776
-755
-867
-924
-975
-978
-983
-938
-1000
-757
-764
-676
-487
-471
-156
-36
161
355
460
682
705
804
797
780
736
582
686
562
560
574
534
556
552
546
404
584
475
480
528
406
507
413
547
452
611
518
496
575
375
613
202
400
224
102
202
-86
147
-126
112
22
-23
212
85
258
286
331
330
339
374
249
362
327
205
374
152
256
196
-33
37
-194
-220
-340
-456
-547
-647
-700
-757
-751
-825
-860
-853
-864
-908
-892
-933
-919
-860
-956
-904
-904
-889
-776
-817
-673
-622
-624
-388
-384
-204
-63
-33
148
150
185
192
88
77
73
-163
-53
-266
-234
-166
-272
-95
-86
104
159
372
315
661
668
673
948
644
863
690
506
645
359
351
362
38
213
-63
-128
-80
-314
-176
-399
-320
-419
-382
-389
-410
-287
-358
-241
-219
-203
-121
-74
-149
4
-78
-90
-18
-169
-123
-182
-239
-188
-277
-170
-182
-111
9
0
246
231
441
451
456
603
441
591
441
439
523
369
561
505
489
664
572
684
762
652
746
693
691
731
672
635
617
594
520
416
259
193
93
22
-111
-264
-317
-384
-450
-601
-614
-687
-722
-705
-726
-697
-588
-548
-513
-366
-420
-226
-232
-173
-59
-141
-56
-111
-40
-19
-2
17
107
96
179
228
191
331
249
312
261
249
184
141
118
46
38
-112
-44
-235
-188
-260
-350
-271
-404
-332
-460
-398
-508
-504
-443
-538
-446
-524
-445
-465
-427
-442
-467
-419
-477
-492
-560
-623
-656
-575
-619
-544
-474
-322
-231
-102
92
3
283
188
306
451
327
593
584
728
762
804
817
865
861
748
609
533
521
275
375
126
144
159
-35
74
-34
-62
-6
-21
-74
99
29
171
288
339
432
477
523
421
540
298
264
124
-56
-80
-258
-244
-335
-303
-339
-349
-303
-341
-366
-379
-378
-417
-363
-436
-395
-376
-354
-291
-251
-221
-169
18
-18
173
150
145
345
251
360
301
228
259
198
139
70
38
1
47
-24
23
94
92
213
149
155
138
74
26
-26
-114
-229
-253
-358
-299
-357
-317
-347
-277
-129
-215
-9
-83
34
132
147
235
204
405
383
407
391
370
394
384
342
272
291
223
198
145
124
15
20
-90
-145
-156
-272
-193
-299
-205
-162
-117
23
106
186
253
331
343
345
346
340
276
265
194
136
6
-115
-251
-443
-492
-652
-774
-734
-881
-834
-721
-819
-606
-636
-594
-428
-423
-322
-249
-195
-127
61
93
300
455
567
722
836
868
923
904
798
828
635
607
371
277
143
-56
-104
-388
-348
-510
-550
-437
-497
-330
-150
-155
77
185
181
349
246
315
254
192
166
31
18
-125
-164
-213
-273
-320
-398
-419
-452
-447
-442
-429
-341
-296
-243
-157
-107
-10
17
69
115
141
193
219
284
291
338
342
349
391
366
342
351
309
262
236
228
143
104
45
-56
-35
-133
-168
-182
-160
-273
-240
-260
-379
-270
-445
-459
-473
-491
-525
-525
-439
-517
-313
-364
-282
-189
-106
-30
-24
96
-1
173
95
112
130
149
154
127
197
155
272
226
261
212
293
300
273
428
341
444
460
407
522
488
442
502
488
470
487
491
440
458
523
401
511
478
397
415
371
366
326
364
203
252
202
-2
40
-153
-223
-202
-446
-404
-512
-559
-529
-683
-539
-636
-574
-517
-546
-514
-441
-426
-396
-150
-250
47
53
81
211
78
215
30
112
-112
-216
-219
-483
-444
-631
-695
-731
-761
-735
-695
-666
-582
-505
-504
-382
-348
-240
-200
-95
-36
48
130
104
196
165
187
168
155
160
141
118
99
41
13
29
-29
-7
-82
-60
-35
-52
10
38
130
175
308
351
440
507
545
652
529
532
437
384
356
151
75
-4
-70
-45
-104
-142
-94
-64
-49
-1
9
0
108
97
165
227
162
235
194
152
136
51
35
27
1
-3
68
78
179
336
384
479
519
464
517
558
376
347
270
169
199
111
12
17
3
-38
-21
-23
-17
-7
43
39
93
161
104
91
134
84
61
23
-30
73
14
-45
-21
-55
-20
-25
-107
-72
-35
-107
-24
-63
-149
-71
-134
-193
-139
-257
-285
-294
-444
-474
-649
-711
-771
-881
-896
-1022
-1038
-971
-1008
-980
-975
-942
-762
-717
-488
-375
-160
107
165
501
493
579
663
543
686
486
293
197
-52
-110
-270
-481
-606
-642
-631
-638
-489
-427
-249
33
157
430
615
718
921
988
1034
1034
929
884
791
651
497
253
89
-81
-265
-458
-633
-703
-727
-690
-646
-550
-398
-223
-4
163
279
413
498
611
698
704
728
708
693
633
516
428
288
176
35
-126
-170
-201
-252
-241
-180
-122
-70
-4
52
86
207
132
98
147
46
6
-78
-120
-110
-104
-131
-136
-60
-3
88
207
258
299
401
414
397
440
331
270
209
14
-102
-243
-402
-448
-490
-563
-584
-547
-445
-347
-249
-154
-15
199
320
456
607
700
782
839
827
783
742
568
409
206
-24
-146
-378
-530
-622
-775
-836
-851
-871
-841
-821
-787
-675
-548
-451
-367
-160
-41
112
199
238
312
243
237
85
-23
-138
-353
-435
-585
-654
-647
-692
-647
-624
-583
-488
-444
-314
-187
-123
-10
40
151
281
320
308
302
270
153
59
-116
-294
-417
-535
-649
-655
-643
-586
-451
-349
-230
-59
106
200
359
473
542
625
669
656
640
588
465
387
247
102
14
-90
-181
-159
-141
-108
14
56
176
299
349
370
403
386
378
455
406
470
540
554
597
607
602
614
607
547
563
509
432
369
280
215
140
103
80
68
101
137
179
261
336
385
442
444
446
458
453
412
386
347
269
286
212
157
138
40
-20
-89
-181
-265
-360
-423
-466
-569
-645
-713
-763
-769
-795
-801
-786
-755
-737
-680
-586
-516
-373
-259
-153
-41
-13
-24
-32
-70
-172
-265
-371
-440
-457
-516
-533
-554
-491
-434
-401
-325
-354
-319
-296
-298
-252
-160
-169
-127
-46
-38
-6
-3
19
-15
-24
-95
-112
-89
-66
-32
-9
76
97
124
77
18
-3
-20
-81
-130
-116
-148
-128
-113
-66
-40
14
70
101
199
213
218
221
276
271
273
299
278
335
377
399
423
462
478
476
474
480
459
476
499
460
476
458
411
395
349
305
268
241
183
164
167
106
115
141
128
171
190
192
219
226
221
229
254
241
224
209
160
170
202
169
124
106
97
66
29
-27
-61
-103
-129
-100
-108
-112
-76
-85
-62
-57
-67
-82
-73
-98
-142
-138
-221
-249
-225
-224
-239
-218
-225
-216
-169
-181
-179
-172
-169
-183
-139
-177
-214
-210
-278
-301
-339
-381
-421
-417
-431
-434
-444
-447
-398
-374
-328
-323
-320
-303
-280
-283
-275
-272
-286
-256
-282
-281
-288
-301
-295
-275
-275
-294
-222
-242
-230
-204
-170
-124
-63
-2
-14
71
120
162
228
243
243
293
289
280
322
295
300
323
345
334
367
371
341
355
320
327
282
257
250
243
278
289
296
330
357
343
373
386
402
443
452
462
503
559
553
528
528
479
461
425
342
280
222
181
149
115
36
7
31
11
-11
-4
19
44
55
43
20
22
37
51
26
-18
-20
-48
-74
-104
-182
-243
-259
-299
-362
-419
-475
-499
-511
-547
-557
-542
-523
-467
-430
-378
-383
-367
-325
-322
-304
-327
-341
-338
-319
-342
-312
-298
-310
-277
-275
-300
-328
-303
-338
-328
-328
-338
-319
-292
-245
-182
-75
-15
74
163
250
321
374
384
400
442
420
416
430
434
411
402
407
407
399
366
360
326
292
233
164
127
12
-53
-68
-158
-202
-231
-283
-273
-254
-247
-249
-215
-187
-125
-68
-55
-29
-30
-20
21
35
45
32
13
35
10
22
8
23
38
69
98
107
147
162
222
234
286
279
300
352
337
347
327
338
311
284
250
202
196
164
147
98
68
56
24
15
1
-8
-23
-18
13
24
9
40
73
81
71
73
82
55
25
-43
-64
-82
-111
-137
-118
-78
-74
-42
-44
-21
-28
-46
-73
-101
-130
-181
-170
-233
-262
-277
-326
-335
-339
-349
-370
-357
-349
-325
-287
-250
-183
-145
-142
-109
-92
-94
-97
-84
-70
-93
-94
-90
-113
-124
-173
-200
-169
-201
-255
-272
-302
-320
-290
-304
-311
-278
-265
-235
-170
-129
-104
-56
-24
-5
23
44
54
99
120
135
167
180
175
176
176
166
192
189
212
251
292
345
402
456
451
457
463
474
449
421
396
371
341
272
214
197
205
191
212
189
206
198
200
226
202
171
96
77
24
5
-20
-50
-64
-53
-30
-56
-69
-102
-72
-64
-60
-80
-93
-82
-93
-71
-85
-75
-57
-55
-72
-91
-112
-122
-126
-128
-145
-134
-140
-140
-114
-131
-123
-152
-154
-145
-113
-105
-80
-11
-10
36
68
80
81
76
66
30
-11
-48
-50
-83
-143
-203
-231
-231
-277
-327
-342
-358
-350
-342
-351
-336
-306
-254
-205
-171
-135
-89
-60
-16
6
1
-5
-25
5
9
16
-7
-22
-27
-37
-24
-10
53
82
108
147
195
227
215
225
240
262
270
272
270
268
264
222
221
196
180
176
140
127
88
67
53
40
29
-1
-5
-6
-27
-46
-51
-82
-81
-98
-125
-141
-141
-119
-111
-95
-126
-111
-67
-73
-65
-16
11
22
91
145
162
201
232
257
261
248
219
214
185
135
110
56
36
-9
-22
-29
-61
-78
-84
-55
-53
-43
-57
-70
-42
-14
-2
0
-9
-25
-61
-111
-141
-142
-109
-85
-29
15
28
37
65
74
54
50
34
16
-3
-36
-62
-74
-61
-46
-34
-18
-36
-23
6
-5
-20
-33
-45
-54
-68
-127
-144
-153
-201
-223
-227
-246
-253
-235
-230
-207
-161
-125
-109
-80
-59
-56
-23
-11
33
78
61
46
44
90
87
59
59
58
84
74
76
68
70
111
113
92
99
119
99
102
93
79
91
74
64
76
90
92
119
136
138
136
121
112
106
92
70
69
45
24
36
16
12
21
60
104
132
167
203
224
225
235
218
164
125
111
115
116
73
28
-14
-26
-45
-75
-87
-126
-142
-159
-177
-184
-191
-191
-190
-177
-195
-194
-191
-188
-177
-141
-109
-91
-15
29
54
83
113
120
119
104
88
74
75
66
66
74
59
82
95
77
75
72
46
65
61
20
4
-24
-30
-49
-84
-95
-119
-126
-144
-161
-183
-206
-221
-229
-241
-236
-227
-223
-185
-167
-162
-155
-144
-133
-146
-148
-143
-137
-141
-120
-107
-124
-116
-84
-20
-4
-40
-40
-15
9
24
29
13
11
20
2
0
-2
-1
11
27
70
126
170
192
235
282
308
324
306
296
285
282
244
222
212
195
189
165
141
115
117
100
82
56
51
66
61
49
70
112
128
152
167
159
134
123
124
101
91
82
79
84
77
38
15
18
-4
-40
-63
-61
-73
-57
-28
-21
-9
12
0
3
22
25
30
12
-1
-10
-36
-54
-65
-76
-89
-101
-147
-223
-255
-267
-264
-251
-231
-216
-191
-190
-219
-211
-223
-235
-218
-220
-215
-210
-173
-159
-121
-70
-50
5
5
0
-2
-5
-23
-46
-56
-64
-71
-79
-95
-100
-100
-88
-48
-37
-41
-47
-34
-47
-61
-75
-69
-41
-12
29
87
165
203
247
277
271
262
226
156
92
62
35
10
-19
1
37
34
56
74
97
121
121
112
111
112
114
141
173
205
237
257
278
258
240
233
227
195
166
150
77
21
-12
-47
-85
-116
-131
-134
-102
-95
-76
-53
-47
4
9
0
23
34
46
61
78
54
51
32
-6
-12
-33
-64
-84
-114
-138
-132
-140
-138
-143
-124
-88
-59
-65
-68
-54
-46
-55
-66
-39
-18
4
9
21
16
15
13
-25
-70
-128
-156
-195
-223
-232
-224
-207
-217
-190
-195
-177
-118
-97
-61
-32
10
36
54
79
64
43
19
7
-11
5
-4
-17
-19
0
52
63
79
97
117
85
43
22
-22
-50
-45
-6
-4
-12
3
6
7
-11
-32
-52
-69
-83
-81
-72
-60
-25
-8
0
18
60
91
112
136
157
192
219
241
256
288
317
313
323
325
296
270
242
200
163
132
74
26
-12
-62
-90
-111
-105
-78
-78
-68
-43
-10
12
16
38
39
26
9
-19
-68
-96
-91
-104
-119
-142
-169
-194
-227
-251
-268
-294
-307
-314
-332
-316
-282
-266
-252
-226
-200
-161
-122
-110
-85
-44
-41
-34
-42
-43
-33
-37
-44
-60
-37
-47
-64
-58
-47
-50
-36
-9
41
94
116
119
131
142
102
84
112
122
148
163
164
215
243
243
228
200
175
174
172
135
122
120
126
116
100
82
83
109
126
140
140
131
135
161
148
95
83
75
29
2
-24
-66
-91
-102
-115
-140
-155
-176
-187
-168
-186
-192
-176
-185
-182
-177
-182
-175
-145
-126
-133
-131
-119
-101
-97
-93
-66
-54
-37
-11
28
56
65
78
82
85
104
137
160
155
157
167
175
203
234
233
236
242
236
199
149
119
65
5
-18
-24
-44
-50
-25
-10
-7
4
2
-21
-34
-39
-55
-72
-93
-112
-128
-159
-192
-215
-242
-241
-235
-244
-245
-250
-218
-205
-191
-162
-114
-79
-71
-59
-71
-68
-87
-110
-106
-101
-97
-103
-75
-50
-17
32
55
59
47
60
73
71
78
87
87
78
85
88
86
87
75
71
47
54
54
59
61
80
113
115
112
108
94
75
68
42
33
48
51
59
94
124
147
167
162
158
143
111
89
75
45
12
-4
-17
-39
-31
-19
-10
-23
-27
0
19
53
49
50
56
21
14
11
17
19
-1
-22
-49
-66
-83
-106
-123
-99
-97
-104
-113
-109
-94
-83
-61
-46
10
53
87
128
152
181
188
169
132
82
63
53
39
71
72
60
45
13
-27
-45
-58
-82
-57
-25
13
65
109
105
105
118
135
124
75
46
46
45
4
-9
-14
-25
-56
-91
-115
-155
-188
-218
-242
-266
-268
-264
-248
-221
-167
-116
-110
-135
-156
-156
-158
-160
-150
-154
-178
-176
-178
-181
-167
-162
-168
-149
-121
-89
-51
-19
29
72
100
130
151
172
180
158
110
89
80
60
78
80
80
107
107
101
101
84
67
86
70
25
25
25
23
45
63
82
107
141
173
197
232
244
264
267
251
245
257
244
203
165
155
160
155
163
156
161
159
181
170
149
145
125
99
80
66
16
-8
-28
-53
-57
-77
-86
-105
-102
-79
-95
-119
-158
-193
-199
-220
-255
-243
-222
-239
-268
-270
-266
-273
-277
-266
-263
-245
-217
-199
-190
-175
-166
-162
-148
-136
-111
-78
-42
-8
-14
-20
-27
-53
-71
-79
-88
-100
-102
-121
-123
-109
-101
-94
-67
-24
18
78
120
156
169
191
200
176
163
165
164
170
180
176
192
206
188
162
159
164
151
146
148
149
156
161
157
180
197
212
232
232
250
245
205
158
139
113
84
72
59
33
2
-5
-28
-65
-72
-88
-110
-131
-148
-158
-173
-169
-181
-179
-162
-132
-113
-107
-90
-88
-79
-89
-90
-86
-96
-93
-119
-132
-135
-146
-115
-106
-89
-84
-60
-28
-12
8
18
28
26
11
-17
-12
-22
-50
-59
-51
-59
-68
-44
-27
-13
3
5
16
14
15
34
37
37
55
57
59
46
54
46
39
51
18
25
33
51
33
27
32
35
34
24
33
26
39
22
-11
-48
-76
-102
-127
-132
-123
-88
-69
-66
-95
-98
-100
-116
-122
-118
-98
-101
-111
-111
-88
-67
-29
16
53
63
77
94
93
98
107
137
160
171
165
153
139
138
136
163
187
177
200
208
200
173
164
172
144
103
58
56
38
22
30
39
41
25
12
-10
-36
-69
-109
-132
-146
-181
-213
-250
-255
-263
-261
-244
-214
-155
-124
-81
-46
-29
-41
-52
-51
-41
-13
-12
-3
8
25
36
36
53
70
69
81
90
102
109
94
95
108
117
116
89
76
71
66
65
56
55
51
55
58
64
59
60
53
53
52
29
2
-19
-39
-60
-66
-96
-121
-123
-126
-154
-165
-165
-172
-166
-166
-165
-146
-121
-87
-68
-66
-32
-12
-23
-36
-42
-16
-8
-18
-19
-22
-16
-20
-5
10
13
10
-3
-39
-90
-114
-118
-156
-207
-224
-207
-186
-190
-189
-161
-119
-85
-41
2
34
65
101
133
142
166
164
148
154
142
155
180
184
179
165
162
140
135
122
106
98
75
75
73
82
76
64
66
53
79
67
31
24
18
30
18
22
32
32
13
-19
-31
-43
-47
-45
-41
-14
18
29
35
52
69
88
83
85
71
44
48
57
54
43
33
11
-5
-3
-26
-45
-48
-55
-44
-17
-7
-12
2
35
72
88
85
95
104
106
102
89
69
45
29
16
7
2
1
0
-22
-31
-44
-60
-67
-75
-76
-81
-80
-85
-71
-69
-94
-108
-150
-179
-176
-187
-213
-215
-204
-174
-137
-99
-85
-76
-63
-81
-89
-81
-77
-72
-68
-85
-80
-71
-59
-37
-47
-33
-27
-42
-31
-17
2
13
3
-28
-61
-82
-91
-117
-129
-129
-124
-128
-136
-118
-99
-62
-36
-49
-71
-65
-51
-57
-62
-44
-22
-23
-17
7
17
46
93
127
146
148
149
167
169
161
137
131
130
120
109
80
85
110
126
132
165
193
201
210
211
228
240
255
261
252
251
241
228
253
237
218
216
219
211
196
202
194
192
165
148
151
130
107
86
67
52
25
17
30
28
11
-32
-70
-82
-122
-159
-200
-240
-260
-289
-303
-321
-339
-343
-330
-322
-306
-290
-268
-263
-249
-228
-203
-191
-196
-191
-194
-170
-192
-191
-194
-201
-177
-183
-181
-191
-183
-162
-166
-154
-130
-94
-80
-74
-68
-73
-49
-55
-40
14
43
71
95
121
156
173
203
210
217
232
251
285
292
306
324
322
329
314
303
303
295
290
278
291
284
257
240
214
211
179
145
112
79
52
-3
-38
-77
-87
-100
-138
-178
-206
-215
-219
-234
-251
-249
-246
-235
-224
-190
-150
-123
-90
-70
-53
-45
-45
-35
-30
-48
-55
-43
-48
-59
-56
-78
-100
-111
-144
-161
-167
-169
-164
-127
-93
-69
-55
-42
-14
8
16
29
70
86
106
125
128
152
174
202
200
192
188
181
167
126
133
144
151
146
115
136
162
181
184
156
135
112
118
104
74
50
22
-34
-101
-117
-117
-112
-122
-126
-98
-87
-60
-31
1
19
22
21
23
32
37
45
33
34
35
20
12
18
27
32
57
87
91
82
70
72
78
68
38
23
-10
-60
-99
-116
-133
-147
-143
-148
-175
-216
-252
-281
-288
-292
-291
-284
-279
-276
-264
-231
-212
-178
-145
-113
-82
-50
-10
13
34
53
74
96
105
96
114
141
143
145
156
172
185
190
191
204
223
216
211
231
246
253
272
293
289
281
267
263
248
228
210
180
166
139
94
46
-1
-32
-71
-103
-121
-129
-148
-190
-221
-253
-276
-303
-313
-305
-310
-313
-296
-288
-263
-242
-214
-171
-151
-128
-124
-102
-91
-77
-70
-52
-37
-27
-10
-13
20
33
42
53
47
41
33
27
23
29
58
73
93
112
122
125
129
135
132
124
132
115
100
86
59
49
25
28
24
-1
-33
-50
-45
-56
-62
-49
-45
-50
-33
-23
-10
2
3
12
4
-8
-16
-23
-26
-48
-70
-79
-79
-84
-83
-69
-52
-33
-9
9
61
108
132
146
171
201
198
183
141
123
117
104
95
91
84
59
45
34
9
5
-16
-19
-7
5
31
24
8
-8
-25
-25
-8
-3
-33
-59
-76
-77
-65
-73
-96
-118
-134
-126
-121
-115
-99
-77
-58
-61
-21
19
22
35
44
66
76
61
41
19
11
9
-6
-24
-20
-15
-21
-18
-23
-19
-36
-52
-35
-32
-23
-13
-18
-49
-78
-68
-65
-66
-75
-60
-38
-31
-36
-45
-53
-87
-102
-89
-80
-53
-35
-21
-19
-29
-26
-22
-17
-14
0
-6
6
37
30
11
18
16
7
-2
-6
1
3
24
75
113
129
127
142
152
142
135
120
104
93
109
101
88
70
31
16
3
-17
-24
-26
-47
-40
-33
-45
-48
-37
-11
-2
-3
0
4
14
-9
-20
-25
-24
-13
-24
-26
-22
-6
-5
-16
-20
-17
-21
-9
-8
-24
-15
-12
-35
-75
-88
-87
-78
-53
-43
-39
-36
-59
-55
-43
-40
-25
-5
10
-1
16
35
38
36
23
25
28
39
29
14
9
22
38
41
54
63
73
65
77
93
85
85
108
111
100
88
67
56
47
36
27
27
15
-9
-35
-73
-116
-126
-123
-105
-96
-86
-77
-82
-93
-115
-114
-118
-125
-98
-83
-76
-77
-67
-54
-53
-38
-17
-12
-24
-6
9
6
6
-6
-13
-22
-17
-5
-16
-42
-53
-46
-50
-49
-35
-19
2
8
-19
5
25
57
80
79
84
85
96
105
117
107
118
129
115
103
109
123
112
94
93
92
78
74
86
71
51
32
7
-22
-50
-49
-63
-85
-109
-108
-91
-74
-47
-40
-12
16
37
39
31
37
27
16
17
10
-9
-23
-42
-51
-69
-93
-107
-112
-98
-89
-88
-83
-74
-58
-41
-31
-15
-12
2
21
27
39
40
35
46
71
98
108
117
114
103
77
51
35
30
27
15
8
-6
-16
-6
-11
-41
-71
-88
-83
-64
-42
-20
-4
8
6
-2
7
44
47
44
47
36
32
36
46
37
28
9
-1
-4
-25
-29
-44
-54
-56
-66
-49
-47
-46
-42
-37
-24
-30
-48
-76
-78
-47
-23
-31
-38
-38
-53
-60
-46
-44
-55
-67
-62
-43
-34
-21
-19
-15
-5
-15
-20
-18
-6
-6
-18
-5
18
25
35
44
45
63
57
71
96
105
95
79
77
53
49
54
40
21
-3
-21
-32
-47
-44
-54
-67
-49
-37
-19
-5
18
33
25
30
37
47
48
46
74
96
103
110
114
116
118
132
140
136
145
161
174
173
160
154
143
138
121
100
105
117
126
121
113
114
119
127
133
122
110
99
87
67
34
18
25
7
-20
-46
-90
-114
-159
-207
-250
-299
-329
-344
-362
-368
-376
-387
-385
-372
-323
-271
-244
-220
-203
-199
-178
-153
-148
-136
-140
-134
-118
-129
-136
-132
-119
-124
-136
-141
-130
-115
-110
-100
-90
-74
-47
-21
-23
-23
-3
26
62
66
89
106
106
103
104
107
112
146
158
164
186
215
242
248
248
241
217
193
176
175
168
141
127
116
136
163
187
205
219
232
255
263
254
221
184
175
140
109
85
72
51
39
14
1
9
25
38
51
75
83
79
67
73
74
61
49
45
34
21
31
45
33
25
21
-6
-21
-73
-109
-138
-174
-183
-189
-194
-198
-181
-166
-139
-92
-73
-54
-22
0
-10
-20
-26
-12
-23
-53
-66
-61
-37
-35
-21
-42
-52
-41
-48
-48
-29
-15
2
37
43
55
67
80
84
53
47
35
21
-2
-41
-83
-141
-177
-201
-213
-228
-241
-259
-265
-256
-234
-205
-185
-166
-144
-119
-126
-123
-118
-116
-132
-136
-97
-74
-56
-53
-68
-87
-79
-82
-89
-81
-76
-71
-71
-67
-80
-77
-70
-61
-50
-47
-21
21
71
107
98
103
132
154
148
152
162
176
194
222
246
246
235
230
226
218
207
195
175
166
155
152
140
134
122
97
91
98
101
90
96
107
102
80
65
67
63
56
48
46
45
20
15
8
-6
-11
-15
-24
-11
2
7
3
11
16
2
35
36
25
6
-13
-47
-67
-82
-85
-77
-76
-59
-54
-25
-15
-6
-4
0
-7
-22
-14
-25
0
18
12
6
13
18
7
23
9
6
-13
